1.4991394279099526
1.245825170138173
1.436930137298036
1.435236055895853
1.3499900483576113
1.2662517377683533
1.4231718518961067
1.3935706967213117
1.3994438969449532
1.4015582801046003
1.4281322468778592
1.3879215511017915
1.302936163424321
1.4501086846200697
1.3871030434245617
1.3037474339194415
1.4393870627783723
1.3647785638967311
1.3338973794928188
1.482024695266741
1.4219065589454662
1.3303382663847783
1.420175204293716
1.4604304733509479
1.403185551672228
1.3424408660908815
1.2707768555562189
1.4049343975344843
1.4702994282761073
1.347834230859284
1.401639538465184
1.347140136849923
1.3043437866736214
1.2820640105901449
1.4518434848589366
1.470942513705176
1.300109221867989
1.4206506468300057
1.4290826088009496
1.3202571663069584
1.3425495445616644
1.3971074133418262
1.3714951456310684
1.387762708429829
1.3606482112135299
1.3749697230144164
1.4668048780487808
1.4377871474265778
1.4532771227868386
1.3525481009942069
1.4758314911575567
1.2274686843048543
1.3366174920969447
1.355722821188959
1.3701779624893438
1.4208500455274036
1.323976898851101
1.4793096036816644
1.4943470822158518
1.3664360943691665
1.4280509506820207
1.3906645431538516
1.4253115547489421
1.2584920640728252
1.481321588243778
1.2946312738182109
1.3123164641666147
1.335708880396535
1.290440923971521
1.3524311492888597
1.3626178907088597
1.4132374553852616
1.314016121504168
1.3980834932205446
1.3536793292934564
1.413175011678022
1.401613243428976
1.3262773688925011
1.3413260726984022
1.3856718668553132
1.417428013859573
1.31145465378559
1.420862781899763
1.3418454892302725
1.2452973582428253
1.3491868002357104
1.4617259058117866
1.3856950331736095
1.2743167475825226
1.3575437519189442
1.328995444349375
1.3771476946189896
1.379936329039813
1.4884935101026617
1.348431001474375
1.2340350039349155
1.3640430035193654
1.4008127230347165
1.485373413623989
1.4658326744093264
1.457007175559078
1.2625199466631698
1.2707797792310898
1.4285574428508494
1.3329360670947583
1.4797604720110373
1.410962360277844
1.4232077909253993
1.3828885374720823
1.475199480716865
1.2396288813349365
1.353165983328356
1.4301654695948698
1.343257446619433
1.3794007619572206
1.434053776044782
1.499850754016664
1.3185083589858193
1.4294682870591098
1.4848632672386586
1.4889070797780302
1.4625959580134738
1.3974616982601928
1.4992922639926802
1.3270309152770197
1.234283514332922
1.2416327807319367
1.3517816397013709
1.4976995485168352
1.2999084028346912
1.4241328265092654
1.414518040364488
1.3596598028322184
1.3970532535413989
1.3512461269028702
1.3397912140760508
1.3110587762573385
1.4562274517046019
1.3924544163802128
1.315700081066927
1.4209905053850824
1.2880011366596418
1.3510608576263614
1.3303083013907808
1.4357679770784282
1.358400901605986
1.351043156890797
1.3390395687177
1.4172147626020704
1.3378398034715715
1.3577285502325454
1.3004959268583953
1.4686212113307948
1.4933971942549036
1.3383259439119446
1.45401449690181
1.411484064484974
1.4941985859306595
1.3569978856644818
1.4242702934937306
1.3115291020066224
1.3705061237011862
1.3348751394490688
1.3838685261930173
1.4548413454991154
1.4730445399013492
1.43070212171971
1.355694943889432
1.3389664815348539
1.3623336264524333
1.3381389678992268
1.4371676846684542
1.3224192034213595
1.459267004518257
1.3137739819103702
1.3956389898381987
1.403576846576544
1.3322324799455074
1.4666745374146746
1.4051065130975429
1.4197182004866342
1.4950211785687755
1.4053959081680467
1.387938276113951
1.4576893916017952
1.4593009738833929
1.2946390726646153
1.3774527945759103
1.4529291261542228
1.3881379304189492
1.3208409138477895
1.3958166195556825
1.4012253480278416
1.3525480400603915
1.290774028154656
1.2597207475047785
1.3195793880723576
1.3180167466024277
1.3251598129949436
1.4355332326383627
1.3961635775618766
1.283996910931869
1.390826833672725
1.3450251758145735
1.4137925591526843
1.4665258576548903
1.4118566395207772
1.311166039897393
1.3481392323969643
1.4077684463107383
1.4422353691526097
1.288811417580425
1.4630748290136792
1.3262198322009116
1.4909623592611676
1.4502610796112017
1.4856623398889854
1.4669146471069918
1.3596302940988023
1.4294414868072618
1.4998865651074276
1.3665329166962579
1.4174760689961854
1.3949720174113889
1.4351659963887067
1.4739221140472885
1.3197284874905237
1.3354068130744836
1.480467315123643
1.4654307025986528
1.490604709548957
1.3760536583016236
1.3545080334616924
1.4189880776525083
1.4901773134487073
1.3165584928929441
1.4124354709584799
1.4444365666501915
1.4141958670260566
1.3775003419271012
1.2421157798584153
1.4873547329384935
1.3554002004441201
1.3975405711410243
1.472520096265615
1.4684229739596015
1.453874337556976
1.3273911729141479
1.3708521529659743
1.2939431869674711
1.439247567567568
1.2393662063574773
1.4384293569208708
1.3435277242897006
1.3052742693493908
1.407018915636594
1.2410631977875652
1.4661115991907734
1.3697362721978914
1.3234029966631853
1.3212219620639412
1.3293736630855377
1.3223795932360145
1.2870885170097988
1.3120450864377093
1.3197904669911211
1.4085744041627313
1.433282591175982
1.4998847700988889
1.376120743487546
1.3780113885238716
1.3433327924233265
1.3923470441867352
1.2856624325122716
1.257236375108447
1.3338158634036714
1.3046460396742063
1.242271204810624
1.3669936271135061
1.2975137381048114
1.4729053258790645
1.4517953053511043
1.291361923040348
1.4677418706378054
1.406828658488945
1.412753239315628
1.3994913161927458
1.4645768505938561
1.2821797515884106
1.426958327472479
1.4473418488413192
1.4067047185850872
1.2800521556230853
1.224839895013123
1.4813561310046317
1.4111933626876778
1.4343668417454007
1.3465673548008883
1.3855638635180547
1.4239994202611659
1.4494143679499556
1.347499530307947
1.4192837426768823
1.3820009370075392
1.4135874435141207
1.3634635100016694
1.3553612908393475
1.3897958084154953
1.3846899706628217
1.3615235360158797
1.4915447504302932
1.3237375910729925
1.3541799980715121
1.4388722662769484
1.4566562537546561
1.3502675870627476
1.3810322179203545
1.3080822588195247
1.4450068004447278
1.3975211756803256
1.3366000368271378
1.3625091275636554
1.3139009064341303
1.4623648098616127
1.283170806618805
1.3271668372027383
1.4004467776164415
1.4223775480477767
1.3592975536961043
1.4469049017237219
1.4125055434263496
1.3843970174303755
1.3526214228500695
1.4031918413334288
1.340699730937194
1.2199852502823432
1.4142523008540273
1.4265290584552919
1.3329757812298073
1.4377899974332147
1.3334187746254011
1.385797152844623
1.4124717895937708
1.4706955503375045
1.4067143956082384
1.4095135040101805
1.4868010579498834
1.3856908097956362
1.4330869211573263
1.3404189159460516
1.4306367215199165
1.45774080268824
1.302203224787705
1.3588806746703532
1.4659231966583262
1.333561040603406
1.3578157255219623
1.3761643456607953
1.4356080434327427
1.3401618239131117
1.4272783468738968
1.4237024860836298
1.3855481863283923
1.4172343324250671
1.2743157429363776
1.3796473237898623
1.3176127702817133
1.316975004372645
1.4615526079860237
1.4001248018349246
1.327783819450384
1.3774414893617026
1.3520848701323906
1.3121967035551159
1.3158710759161256
1.4471466195087892
1.3760943040780147
1.3568172458068535
1.4808131226928118
1.3253033284144942
1.3541109749376936
1.4316350814374919
1.361076934211479
1.4343935810649062
1.387189063941858
1.4521790484266641
1.494829437579757
1.270438322350615
1.4085562007037502
1.4784604614126677
1.3111131272475336
1.3524043139497741
1.3536344430969058
1.3893330212622792
1.2477049144005088
1.3964846546704217
1.2777975081129695
1.3808256164472688
1.3990688556726292
1.4933590795955987
1.4408921933085508
1.3103600216925089
1.440727227753386
1.356175951691099
1.3024335754731566
1.3610837650812364
1.4602550944971613
1.4597730635231239
1.4607611412890256
1.3518943857476686
1.3815009943103358
1.485545844127546
1.307571832810103
1.4458064670391424
1.4231410411021101
1.432903672501431
1.4728456234557445
1.3402154588554016
1.4642910508585112
1.3131379296859726
1.414557200200703
1.40222127791084
1.4716300372335167
1.3963017612891144
1.469338599622963
1.2562548725204288
1.3524179778315861
1.3069393324025893
1.3310848653073286
1.448535856060216
1.4463239669601948
1.4812440371216284
1.3708494160212754
1.2447819216808929
1.417296270204942
1.4444909805484119
1.3170442993954312
1.3308891578272943
1.264364783545895
1.3729251637841597
1.4151887783476491
1.4217221911355726
1.3521126760563382
1.36808304958469
1.338985422685205
1.485114000376861
1.4448475040215873
1.4406859759714619
1.363910692537732
1.426807738898219
1.4973664527811679
1.4059021495814297
1.4577848473064547
1.3906017408855815
1.3841475693745222
1.300444362356316
1.4998507116080022
1.4265842528139814
1.30881394650715
1.3957167506062305
1.3837304668754844
1.4139012317903148
1.3979332369245605
1.3979481179190096
1.3918446230087391
1.3876764081428756
1.4023333596692205
1.4390860257733327
1.3795426351859763
1.3651943090288203
1.3882788054877413
1.2832580281421724
1.2684349892269589
1.495726824761318
1.3770922461640343
1.4553966494328126
1.459290337735554
1.2961537476715086
1.370717151970368
1.4791833776935144
1.3423439340400474
1.495866176732058
1.4063780811936448
1.279957637417966
1.3989058510091634
1.4439956508976286
1.3928600855068622
1.4692234776094302
1.3988518316019687
1.358757313519165
1.4857978245199126
1.4033176374708536
1.4916359348959263
1.318532939379523
1.3937876124649933
1.38890226069265
1.4101870277494255
1.4890656765303825
1.3394268361017905
1.4346970581704241
1.3599349272236212
1.495109559908291
1.4877445258882305
1.2735432916497462
1.38492373503044
1.3148911489187851
1.304918320529672
1.2623458372392786
1.419823092280391
1.3598185192284238
1.3283063909774442
1.350503137981409
1.391551023113978
1.3912770033234851
1.4591968318886592
1.418208690390528
1.208544958284678
1.477965142903322
1.3830244122965645
1.3937113289163887
1.4149534132120631
1.305139777035821
1.3651081771859273
1.4063554400132752
1.391312831072217
1.41090506068461
1.4909720870995709
1.3544263348824157
1.4927105147010495
1.2877796159102357
1.4600709849157063
1.4509760088703696
1.4115419019399567
1.4762396605665802
1.3210461147178898
1.4758690871660514
1.490871227512837
1.276907786289149
1.4595020337149978
1.2820626398449797
1.2323362223615106
1.3102085571432036
1.415021499936765
1.3905874456660705
1.426585357955328
1.3491505953564409
1.2880912469936598
1.3874184861525467
1.4525217638152919
1.3459389151170627
1.4126079873094821
1.3821991338002217
1.493253172233626
1.452405623719474
1.3471083231334153
1.3913405438757274
1.450078149874092
1.38557512522795
1.303429563707402
1.2908742331288348
1.3206035453010694
1.346876109593409
1.3859149133969877
1.3025668044852723
1.3515126896381204
1.4457761115751433
1.3186609856385199
1.3203013341664955
1.3016357360020265
1.290155607687838
1.4804208556278047
1.348759449143029
1.3883569288609532
1.381325441522682
1.3410363600322825
1.2959809642136095
1.4276406198170881
1.3011291914346692
1.378202724404699
1.300139959958476
1.4331295581295584
1.369981157579978
1.4173669410375818
1.3395696138409374
1.4073985305096066
1.3813942371221373
1.4960795482088327
1.4560048505000476
1.4188627462955474
1.3127422768674644
1.346713425233457
1.3892319107793323
1.3391718955383056
1.4455311404691298
1.4350363781332542
1.3985629754860514
1.3204630554168753
1.3649366788969115
1.342713869996087
1.4282447428732266
1.4339530801149065
1.421070852958205
1.3481610668606212
1.3309208618366062
1.459020328087824
1.3933631812628502
1.3425999019469343
1.3019536111135632
1.3899597988551722
1.2287115818718533
1.3870469546426143
1.3100826836920636
1.4000315275077508
1.3473198700543052
1.4804679893550297
1.3752447615403665
1.2953904294582637
1.2798472268349386
1.4409059315892994
1.2739000543183046
1.4674316521329254
1.416191059107819
1.4576856534468994
1.2804181142925606
1.492145165473779
1.356552620336086
1.4191627992234566
1.265028505067568
1.4480532379817244
1.3395757719997625
1.2791071911161342
1.37329720699109
1.3243653181490416
1.356927484736263
1.4200490120998626
1.4801710827771697
1.3697203364561161
1.2291712861301654
1.4698778713891034
1.476956425691722
1.3057607161268259
1.4143974904684813
1.4032598036737876
1.339324088895178
1.3623545609845236
1.3422000523925957
1.4783772985930401
1.3929433522679526
1.485139738113187
1.3474159085468043
1.3230711294156576
1.3506982919792831
1.395632316547563
1.2345133561327297
1.3730500004469905
1.4236763895613849
1.3874333660029168
1.4993032031216504
1.485639949081002
1.404038339617605
1.4045130701340707
1.2777515307982474
1.3930223409074658
1.3687310503420098
1.3914886395065251
1.287284070895942
1.4729898222518638
1.3157846474368373
1.4718656723107129
1.4073216114288563
1.4943203198494817
1.319782888455312
1.3715815748125464
1.2774018823090236
1.3725468534740455
1.4484830464735323
1.4974816358462748
1.3021201855945101
1.3909700368943632
1.416161592340165
1.390420370602229
1.3849954112144003
1.4128420364112073
1.4818406192596403
1.3305468821050723
1.4216431690309128
1.309676505522411
1.4606222309522254
1.3987737441475028
1.3799188819468327
1.3410983648861048
1.443326219807936
1.3788068568833727
1.3598001614109396
1.4929046672067965
1.3907539531658868
1.3185982313818096
1.4178160561670072
1.481002429855126
1.4227411455745622
1.3995083233827355
1.3031171573118754
1.4537021240296857
1.441017763672463
1.4235496738090185
1.375751034537642
1.4139278439360707
1.445215257949159
1.4003168364482237
1.404433607468977
1.394532728503103
1.3466702351671302
1.4549853322992894
1.4301178090575277
1.4675246944944413
1.3112434234444348
1.46355961405927
1.4941719580413841
1.3626680300803142
1.3319024546510236
1.4949096871187033
1.2693804451050834
1.438909191895613
1.4678047790371882
1.473812328701256
1.3850197292008088
1.269584237655996
1.3175981396262422
1.3237621363661294
1.4678996290453254
1.3033787998502937
1.3009871962632298
1.3584528328107497
1.425610840133109
1.4036749714058385
1.34648233427499
1.4880642179733619
1.430222507867558
1.4359575237550803
1.3798685718855792
1.4112663083667873
1.3554459029510948
1.4125491400491403
1.3695204231872615
1.3353063018820097
1.3446122272345784
1.3328239317242854
1.4337460506856683
1.416211357056132
1.4005095235554612
1.3581981664315943
1.1973571679469757
1.4683777722402198
1.4720620768250994
1.4940735186318492
1.4370812833167308
1.4787217108774435
1.2963051341304135
1.4713565715537895
1.4049742218056038
1.35887841191067
1.3932452684764929
1.3669413136416637
1.3668502509760174
1.3775750261395732
1.4177894746444573
1.452140088392987
1.3507825930516133
1.40313950618267
1.4099845748441417
1.3641753172689624
1.3253617711706343
1.3363227884454594
1.4846666480384492
1.3875835071224067
1.3250745384741058
1.4708694490053078
1.2651518648449045
1.4619869238681682
1.4529377367473253
1.4323427204461654
1.4482510462721714
1.297340111437483
1.3880166452980374
1.2224217305018161
1.4565108965475235
1.486889909919851
1.341533147461982
1.261865223363471
1.2970143742871347
1.450142278007329
1.251509057737566
1.4739025443694054
1.3534816625916877
1.4349116197965077
1.2938655066466984
1.4561145631500416
1.4869579032506555
1.3768677238976996
1.4036895715440585
1.4710731240668395
1.3285618701972792
1.364147228359682
1.374564892153398
1.303745616220464
1.3605367118298823
1.3024079320113318
1.2889209517952602
1.3714758548433188
1.4558839661830103
1.2700965818078644
1.4852920023014966
1.446126165132219
1.4268138832112498
1.3492193453201242
1.3685562989669282
1.3813083552789087
1.4083869148336157
1.4728583527419017
1.4959968448037868
1.2719626921647944
1.4739972765536031
1.368946791767027
1.3386188365314557
1.3451898878209425
1.3466664696495056
1.4301905045393661
1.4171868219900536
1.3936100278551538
1.2474422077203853
1.4848615421904146
1.4891417603509738
1.3628195506840266
1.4754661362563144
1.4762833622630487
1.4446094590815495
1.4437483361434025
1.4869650762420072
1.3388370332996977
1.4288804708238467
1.3295085571264287
1.408211706867415
1.4097823584973057
1.4650875386199798
1.3445326025570996
1.340977077228152
1.3114382729572025
1.3196424024881548
1.4575989592219762
1.4261041749359507
1.4039998059131777
1.3973007590821347
1.3909318940225306
1.3541908521012311
1.2918650657714448
1.4283468853725794
1.458437029946671
1.3194445356357312
1.4629093899864152
1.4964776132754847
1.3508180913081325
1.4384458292828022
1.3107675453495478
1.437151457775543
1.4469071013845471
1.3099086108093942
1.4275379538850115
1.3146136974671006
1.3812839868756157
1.4082844813888709
1.2970575627877985
1.4501706409006296
1.4880373141144319
1.4998312772133529
1.3916964866623296
1.3054772759207514
1.393425895342802
1.319543626364606
1.487149869311985
1.4636455558624135
1.2690356576528532
1.3780361993313823
1.279047763227614
1.4540793755345613
1.343406264091924
1.3578573493900585
1.3878728359051564
1.4824892319781153
1.4261919167473387
1.42365489230167
1.390205592879792
1.310040728001209
1.4667963606855159
1.496206381563887
1.294680685463676
1.4689784496675975
1.4461775775109456
1.2555918490123634
1.4478585422169366
1.4432015743468396
1.4560786709233267
1.4018882818847809
1.3814410480349346
1.445015874287659
1.3666315302344707
1.4565128373121499
1.4301695606836835
1.3439690249462097
1.2935084232676612
1.4138068413445506
1.313331715752278
1.3844346205443567
1.3845922743410104
1.3046484246650363
1.3959449060041154
1.289746128916096
1.4711692636599107
1.287606157707218
1.361540888440181
1.4557281110660727
1.378161328675435
1.4548452253480004
1.284188558801866
1.3996425779068473
1.4564420898210555
1.4629323403910872
1.4805488843119619
1.3622203751899273
1.3120277151747206
1.2595382553832988
1.2626333344341338
1.404492024965326
1.2849969408268511
1.3815201102194712
1.2437809717826356
1.36803629619358
1.387475387519954
1.231391741982099
1.4233167082294271
1.4074073302790513
1.4726939161266812
1.4536988106546092
1.4595519822428429
1.4062691044945097
1.4990328625254363
1.4677488448945877
1.4246583589187891
1.387838449982226
1.3167846106893533
1.486716996531321
1.2736887768803324
1.4399579510080356
1.3921553423868498
1.4055946269967234
1.4104503397704156
1.433426265590609
1.3435056117976654
1.4403762099819206
1.4967156211970356
1.3530618023320666
1.4344259810882898
1.4100146914789426
1.3738837266025166
1.2802081297220118
1.4806563521811953
1.4626738887112254
1.3090239221079112
1.4610954579245392
1.4133255306387664
1.4284943298264794
1.3982942354170493
1.341794401418451
1.3451214290811355
1.4097863477032546
1.463866674344781
1.336452206167647
1.4947395124779776
1.4108288504207298
1.4544407741695349
1.4052165485403134
1.4491603909239361
1.3492170558273242
1.3680547250591981
1.2845061599498857
1.3098215445921944
1.4312988412826735
1.3383216999469876
1.3987077760903457
1.463615718068974
1.304214863162068
1.3839305778491178
1.3132724703348955
1.3862476967823485
1.4360137927124017
1.4779882362086394
1.3341950858598022
1.3086825160243472
1.4598850538490027
1.4687215012276398
1.3269857673690526
1.3229358993448486
1.313967801887476
1.4727938489218733
1.3685051178093122
1.4078839556467673
1.4884622585577438
1.3977357458865638
1.46346840510712
1.4420803223487573
1.475814681715891
1.4882609654136327
1.4385664942190572
1.406018197482612
1.3874959362808847
1.3919290628690228
1.4872069637996186
1.32943569214876
1.3903644371518635
1.4807954522668487
1.4590655573595355
1.4851798512961356
1.4891157541696887
1.276310442909387
1.3316507331516863
1.4001310035858325
1.3989095055950205
1.2976640189492172
1.2932844509562809
1.4958854886767765
1.3793480156577
1.3329063129933503
1.363464163347169
1.3333900943855208
1.4821407095610348
1.3199566314237936
1.4422238619593604
1.3536090064840989
1.382753575841939
1.4337667368355156
1.4873700917316028
1.4010209571525851
1.3765844855543743
1.3727130870946609
1.333879963863467
1.296381056782671
1.4248679081215325
1.4938293458857324
1.4247423957709546
1.249930489907135
1.3338200330783547
1.335397655507146
1.4352433096689867
1.408324695870384
1.4777662969935876
1.3412428101018956
1.4912951322906014
1.3539640685136758
1.4828483683737823
1.3131602503402975
1.3138326358172845
1.3296323992443329
1.4858002195389688
1.3624988039213985
1.4081091760355475
1.470949844450876
1.3684309354784006
1.2829908977603202
1.3933707218866844
1.372948427614223
1.3748350030862726
1.4888273443020092
1.3573660714285716
1.3564968206747787
1.4147846142212595
1.4689092586187023
1.331796694572748
1.3114267781435782
1.4893238819100922
1.40604263457322
1.281844634316092
1.3393874557163907
1.3512951541850222
1.3562662080744614
1.3616469781453335
1.4716983368229768
1.4694643836869061
1.4997630514351767
1.26296918286793
1.4024648409878575
1.3670847575459137
1.4966859300940365
1.3708484471514177
1.3405146789364393
1.471033709464992
1.3897835778618877
1.3078396218727089
1.2225978658941554
1.289888538873533
1.3097738287560585
1.3543490261020428
1.3323659074210144
1.4729826714651246
1.4153190427856241
1.3720606407937392
1.3847111438978286
1.4307662965160641
1.388893757668328
1.2628768047105579
1.2544028590951115
1.431474705695196
1.4024767982794495
1.4665375668576135
1.4113031071655049
1.3547297569951648
1.4732049845318522
1.3013867026167734
1.4686591152609831
1.4276118291184035
1.438903920655698
1.4526990442111216
1.3348424769337472
1.4385443601833947
1.3025815628346513
1.30938141938904
1.3688336611283984
1.3487804490237236
1.496929248904188
1.4120701126300954
1.3429777333671387
1.3929372242358968
1.414080224075949
1.496836173087698
1.420441269158046
1.3663480379177042
1.392330091882075
1.2951844196111366
1.4577090603762701
1.3226929004912817
1.3880965929297981
1.4680125421697627
1.4292512068689103
1.3290575035618177
1.499976717474312
1.4228133565910794
1.4259221185081628
1.4853732466914975
1.2772179378188004
1.3897729224381905
1.443930224279103
1.3361013074168089
1.3225444074089707
1.4301463523371023
1.2878753251502137
1.371201438223873
1.311703631010795
1.3093148631660376
1.3481876911528667
1.4560421291012524
1.3074719175988279
1.3162147920134184
1.4503431657307602
1.4367088858417818
1.4267465739498197
1.3469869265877625
1.3295022194039319
1.453493178999587
1.4179607872744489
1.3957865139448427
1.375152576384052
1.4508491064131401
1.3782729870251527
1.343240110954896
1.450632717624248
1.3636853111929588
1.439283674393871
1.3964133500950517
1.4156471447375545
1.3173435059473748
1.4047984509376883
1.3124779782096547
1.4221835183667388
1.4258142494725428
1.3766190223310326
1.4083503414710734
1.3466619436572764
1.4636971385642408
1.3212836290784196
1.4470824253420753
1.4705775594671295
1.4998452459557614
1.4655801825293342
1.4166146150909917
1.4461220104262014
1.4774259610461724
1.4620871212434552
1.3963021794252006
1.3617289669377055
1.3218044547543877
1.3374803582965762
1.3975377800937996
1.4831421082564729
1.3035506978707692
1.3586213397008926
1.3775118875836492
1.3169390066332316
1.4968474466840185
1.4473278650941237
1.2713505295244345
1.3306042543244514
1.386468514768898
1.3538359844051293
1.2700523732937445
1.4993812162223537
1.3424058248533117
1.3501452041997526
1.3699757757170843
1.428488102432923
1.2635237903920102
1.3806877024436468
1.3814368638314551
1.4549650413563044
1.338927434431295
1.2351609872747455
1.4765200081221812
1.3959924623115585
1.2145450730472145
1.3100580512402458
1.3250437491997102
1.4966802638430834
1.41478302081502
1.2820264956311096
1.4623192356249288
1.386753293235446
1.4198670366216546
1.4440074370709388
1.4512122790267037
1.4013989659816661
1.4218557139816987
1.4426688176391467
1.3984898817505782
1.4733565115098586
1.339715319243825
1.354881232722433
1.4324942212952088
1.3426230839325513
1.332403712881684
1.306024981631154
1.465476327612027
1.4470058155812788
1.4473585542349374
1.2865668428732027
1.494876123448572
1.4960278763219401
1.3628637321337036
1.4550317101618302
1.3473859177316243
1.3670643591211846
1.4088106212186164
1.3501310734835874
1.3603219970360108
1.4194872783346189
1.4971457216515944
1.440771541527859
1.3675311884438606
1.36200094785898
1.4007269917990577
1.3439975529027912
1.2652616337207911
1.4310644304119597
1.405819165848615
1.3170399572783822
1.325274124472254
1.418671451672387
1.2906803021694762
1.4822366886902452
1.477512363915322
1.355180561433207
1.2557456539529328
1.4005628932206706
1.2873685415678517
1.2779436464907195
1.3536881027196883
1.465954431985596
1.2781717603558846
1.3068454376421312
1.3800373092396552
1.2733249440161711
1.4955639450784977
1.4879646897923666
1.3147559567690865
1.396079805682107
1.4987986029114275
1.346812535870929
1.3891654870853356
1.288282151927962
1.2815126922518116
1.480821615731853
1.4939141144211563
1.2669567903477856
1.4420547118344171
1.392981455553052
1.4627334936193825
1.2608963700888616
1.301996865697275
1.4994118423985279
1.3279077640093848
1.2828729925563924
1.3110907568303154
1.404350732758945
1.4996695452943256
1.4723678053345814
1.3068851904695147
1.4510500233065924
1.4518321321564507
1.3053115461922138
1.328966608932679
1.4492905893823764
1.3824402013298858
1.3172548783425686
1.4434820359491087
1.3374898503653874
1.2738657911206177
1.3265349066192356
1.3670404443817106
1.4155977414902057
1.3088830067672488
1.4998420848045098
1.2651235975213229
1.4044114969318444
1.2873696295143207
1.4492447485272344
1.3970190457600182
1.2876357592857426
1.3302711635243742
1.327328265743772
1.3996155180388534
1.3779255969358652
1.4762063610114626
1.4948060641146252
1.431945576128797
1.4885263420082124
1.4060677019143872
1.2672429645884802
1.3339315634657625
1.4817284575477674
1.2155095494040922
1.2595796851475602
1.3046271438979729
1.3786912903664121
1.2268324908088242
1.3885895586613173
1.4420908638700054
1.2914319954604359
1.4091280209013721
1.4285802829517198
1.4046763102068711
1.4892136519748145
1.3850361319240518
1.4795953300868434
1.4286717316146653
1.4846386501114304
1.4145599152535253
1.2712637207993243
1.4455986414927824
1.3713985076732562
1.374615740401266
1.3839301455918793
1.3754520978964255
1.4539130967702403
1.3507083198063932
1.280783906338874
1.4814322266158315
1.3957517826368293
1.4436321429357273
1.493018677304873
1.4226345772787325
1.3204098493877996
1.3623448155271904
1.2799197031288818
1.2309596667274068
1.4163568263411008
1.4104622881501603
1.422102229290968
1.4934318821306654
1.4651021094209602
1.498694407008087
1.308949259790968
1.4578938839761106
1.432620901037676
1.4631471649621501
1.3699840124367348
1.281040786129929
1.4865747738084463
1.3872981495047303
1.3472843436274549
1.3690655190584933
1.25931141801206
1.2513989244242818
1.3844156096801807
1.4353495070344529
1.3374008579837386
1.329172578197175
1.4432931171498462
1.422445035032617
1.3729183822856625
1.4046657651609005
1.3210356337114066
1.3856576715903801
1.2787724483027871
1.3545582141424948
1.331461196051868
1.423774208366056
1.2972343127140427
1.3423566264440274
1.3724202797969105
1.344038230183131
1.3921920940869004
1.4116162026798498
1.3741939453605716
1.4523039232423947
1.304153591531409
1.443112491630087
1.4362270728181987
1.2416351731940396
1.3188762660093243
1.4720262946833473
1.4548347643769957
1.4336604465026397
1.4826662658676977
1.3507105355028173
1.4443955143186022
1.443515268832767
1.375098483862349
1.4278272497501914
1.477297444263187
1.3652425740999878
1.3259929585212897
1.4582223610731442
1.3476006832314718
1.4147809462580263
1.4946966790130225
1.444697026160841
1.4249045832259732
1.4807351135924132
1.3746696554978766
1.2578215259485193
1.372214421301714
1.4580722788631322
1.455104451340961
1.273487678221656
1.3912500998163386
1.3527172526934703
1.4330624199868103
1.455235899703152
1.4818859227962362
1.33450849499542
1.4983712458868461
1.4507083152216518
1.4038746227865395
1.4547315607983964
1.265779668363067
1.4985767197969126
1.4021167564754156
1.3440343238705146
1.4503444816752473
1.2523211888915025
1.3866265147667067
1.3374137072094516
1.4149299067008247
1.3840310748224138
1.3995987574424027
1.3392835376176615
1.4405475880052154
1.3816208340475553
1.390527819801648
1.4693787653617867
1.4962717900656046
1.2924063555576875
1.308466431423531
1.4433410420350963
1.4291586031724095
1.2693812352875242
1.445821123710027
1.4662616206406551
1.338685670095378
1.411670465058556
1.2493131626838299
1.3114369623391746
1.2909546443534714
1.4719520638933399
1.4149882728054277
1.4015324697316067
1.429684966700756
1.3972687364864227
1.4138262480940262
1.4937110616656077
1.3958359753231933
1.3657817827569414
1.4103695679630048
1.409204105247271
1.4769009601290568
1.3274633641334423
1.3143784328649895
1.4614779403590095
1.4849466805500708
1.4078160484481457
1.3865973833944751
1.3210733299739286
1.4005850835979419
1.4174289264487934
1.3466973040024288
1.4546180285419021
1.3457791968380837
1.41196521032541
1.406084504035535
1.4781475480004878
1.4497765764639714
1.4405178791615296
1.3066287372410865
1.3791481880489889
1.3421234297142666
1.2750033899618383
1.3770622523252622
1.2984437713272106
1.377052552048355
1.2915670688431515
1.348761973670731
1.4436301299845091
1.3985314706369403
1.3415942518369075
1.3900178535858416
1.3276279677270024
1.3991982268378091
1.3696250148167262
1.4345418384275088
1.403148562550778
1.4906748681128652
1.4563718262245562
1.339400870543057
1.3439436459786516
1.3225161941616896
1.4359324666359874
1.284893939622528
1.480228444354595
1.4201740690296651
1.3761995278535737
1.351585719624838
1.3329391595965674
1.4524697538271065
1.4775409241769855
1.4557350202299135
1.2968442636081117
1.4512004341996045
1.3001669123000164
1.4963303368415
1.3824069643601344
1.47228021632499
1.3487750885478154
1.4677640876609808
1.334794088853001
1.4873875053031609
1.4367521876302154
1.3157853371229866
1.4756847037047753
1.3257862461673244
1.428037318080504
1.4328269684246842
1.3370018875444634
1.3619084598410873
1.3564755093523546
1.2814954825937708
1.4139947769218941
1.4071156718215547
1.415998179328375
1.404093219462463
1.417170606560382
1.3540213234442002
1.4520859229334997
1.3429382543593922
1.3253407209272707
1.3221583404552877
1.4886016156268547
1.3350926324859977
1.391666666666667
1.3629724813334183
1.4895344895768605
1.3652347659012372
1.4269091539261376
1.4458957580158822
1.2280504451530543
1.401016006481421
1.274137153169411
1.3016716560589674
1.499259156253297
1.3220748918734353
1.2716295955377264
1.4189750336765685
1.3902896934665367
1.4066405165231888
1.3411654303333638
1.438607659802591
1.366675150412644
1.2982490085820153
1.486908114956896
1.3244105308337721
1.2810099602410137
1.3617211175876376
1.4125395381938959
1.4044882886140022
1.3208612208692851
1.3886052511432077
1.4382641996954741
1.4652310363779746
1.406685617449298
1.3977190786801823
1.3835201701988384
1.285072780503896
1.4232282516179802
1.4484538922683596
1.4597475470585761
1.4748033092708253
1.439350498862543
1.4003042262785728
1.3826432354357252
1.428959339845541
1.2974847961558675
1.3703501378025302
1.2282644931726796
1.3342983662765868
1.400952747457786
1.3034823495715686
1.4068091295279688
1.465309301503264
1.376261603697902
1.3289272363731202
1.3921278316470524
1.3790364105884838
1.2731539424280356
1.467676215218432
1.2518194467869797
1.4614311234189703
1.3063384191707204
1.4597613683712465
1.4352193473698085
1.40611011099666
1.3877222574704822
1.2784616601207268
1.437358090293546
1.3046191042564397
1.3210050964757203
1.3167389031667907
1.4735738886195315
1.407523731269054
1.3278135011177952
1.3371751647852115
1.3293991164167884
1.4857554247338116
1.3330671139596773
1.4057258072759615
1.2889835171133168
1.3867611115491305
1.461194736498399
1.2990984315178464
1.4205208034916843
1.36322668699587
1.3706569399215367
1.417054279925714
1.4735947885759744
1.4002219647863043
1.3745793898031016
1.4379473253853692
1.486613102329654
1.376816662427788
1.4602313897053805
1.349330409220289
1.313732560889099
1.312913707366873
1.382542685845853
1.4670385437898892
1.382256476199002
1.3829996894484131
1.4631951052635712
1.297312380197507
1.426316654149456
1.2455401359305096
1.362671788494196
1.4793322132400537
1.3800557471456798
1.369583639972347
1.401300226163965
1.4411859210949107
1.4981157378329293
1.3116505785868637
1.4235153215533347
1.4638050933947264
1.4750683753053564
1.3981616890561162
1.380059546421517
1.4072676033159859
1.4458303314121042
1.4244332071309327
1.3725907244124564
1.391579208900217
1.4607029800240152
1.4007411731857757
1.3344363654198679
1.4133169677926165
1.4040519213021794
1.323995086791027
1.496862406707988
1.43564164095532
1.3376369751546051
1.4633481445427499
1.4664808834253573
1.2929572649572654
1.4012373047142823
1.3679091761481459
1.307521757312272
1.347710557532622
1.4171575447662768
1.342875338895365
1.3573514077163715
1.3830047061381712
1.476357760867298
1.327930110297908
1.4790327332414432
1.3487872517193107
1.3080230548517549
1.4823769738762016
1.302099434767563
1.3607126113455232
1.476782950351233
1.3687821991070108
1.4069358450796998
1.4223333137618375
1.4826917122510064
1.3904237425343604
1.4739073104671703
1.3709576567928945
1.4394813930780084
1.4153232347420384
1.4878597581743875
1.2880514651307777
1.47655567274371
1.2901172806785057
1.3940559850081993
1.3650614243516321
1.4132819636634304
1.4168838591678103
1.3907340125845777
1.4230751971639788
1.2993138872598236
1.4023242893869188
1.315026976996185
1.3939797952863742
1.4478829375787017
1.3335011444509766
1.4978612167300374
1.3380553848493106
1.3858723716514323
1.361195066806928
1.272631139863006
1.3500397373753286
1.360107514133923
1.3981166576857509
1.3528223503883055
1.2551428205456647
1.4137039508173286
1.4107308473383762
1.359447797283217
1.499190576309668
1.3650640967607588
1.3866548441473665
1.3279740001316813
1.357987679498416
1.4132447163425597
1.2883104773927019
1.3130261388546065
1.4924386632825706
1.41429528702256
1.3646435166563067
1.4592725567641203
1.4304857914748854
1.4651991231275125
1.2838892905809394
1.3798829226477383
1.4380537029663552
1.3068135229745503
1.4346229650775395
1.323625632234631
1.4684125745639434
1.4426311130781153
1.4373818769748699
1.4464373754046005
1.2579347679093196
1.2838834001692874
1.3461730216975105
1.3929951313203506
1.329276446299208
1.3539263131866193
1.3677636334931491
1.3627911851009047
1.4314646101387896
1.3497284437014896
1.4702275647979708
1.4831093645402034
1.3922499457582993
1.4240004281967555
1.310408413112411
1.3286899699201333
1.4131089139090516
1.4931908284277553
1.2940520587039097
1.3259261492693324
1.3572547790661242
1.3258062197517853
1.383805940938547
1.3685511247741704
1.374849116890033
1.4938985866301318
1.4664459749578551
1.4843696208908859
1.3107095629839667
1.3091628527841346
1.4065380675998636
1.4055002572216944
1.3143674111247647
1.3838215003889687
1.4685329195797665
1.4799402444805154
1.4037739171264234
1.3767123287671221
1.3983896799104893
1.3871960463283006
1.3307982434394594
1.387334079957096
1.3884852546916893
1.3326883026726835
1.3681393506214825
1.3974614754445691
1.3772361503522774
1.3662921148229936
1.4721919729586106
1.4362683792462403
1.4541416872207633
1.4752597024497687
1.3454278198978809
1.2823243265339497
1.4120241996470886
1.405129803429234
1.3635193133047216
1.2995930864042056
1.4638104027311336
1.3998938387134832
1.3840145633626766
1.1949638256804842
1.3519700658521927
1.3513367553548097
1.424335977005377
1.4979779475303316
1.471348483195112
1.3603892564886164
1.3777745983730536
1.2882133432294243
1.4176404749418847
1.4555533964787974
1.4541451463382338
1.3530426932880208
1.3657687773229552
1.473406359087236
1.2449580896552672
1.401546257675551
1.3042503609513922
1.3170230206510811
1.3877076115298075
1.3744157359000388
1.274900966504411
1.2421763535330776
1.309918492504455
1.2750308365515919
1.33063180271522
1.3807062700318873
1.315395513577332
1.332763376878007
1.4732590590782242
1.4253987655927578
1.2845499305933687
1.40794821678293
1.3717068333208595
1.4583139253659152
1.275016323865492
1.4094496059094546
1.4374909816747636
1.4630026348951775
1.4530633141216462
1.3112843992365117
1.2781130409184578
1.4310537672724395
1.441497414303071
1.37436768412693
1.4944046918325524
1.3809211747670147
1.382051493257396
1.316933638443936
1.4876825002363558
1.5000000000000002
1.46264570463746
1.4928628842262819
1.4972566982284927
1.3606032648983146
1.4629197680705917
1.3593173274094317
1.4072835021984325
1.448022820736723
1.4593703423916373
1.263716806632153
1.388348462072155
1.3883593696235628
1.3771136133861417
1.4665808510430012
1.3964325877795831
1.4780549714135511
1.4762502505247839
1.336974167137211
1.2676621189731612
1.3735385999824417
1.354057204173759
1.495531149098581
1.363809405324708
1.431513104877394
1.4616714343377621
1.3548096640201899
1.4218490450039314
1.230954948686728
1.4227094909980003
1.3681372841866297
1.333433551613637
1.2766584230433515
1.3124207115951367
1.2668976990090248
1.3005055439552469
1.3447606442727518
1.3972285299482565
1.3230193202073395
1.2830193206399367
1.381012043214789
1.4898712095764506
1.2857481649925662
1.230393845623835
1.4686029092754647
1.3297691901198376
1.3619405946487555
1.4897670877073648
1.3452055774043625
1.423431871733066
1.2605337372049303
1.2871834257455421
1.4161006584811406
1.3595912115770576
1.316574331750143
1.4887484491997438
1.3207863002670324
1.2909912805757193
1.293528795811518
1.490785871167675
1.3336031677915192
1.46241523788522
1.2630098567550165
1.3909672213723374
1.3821657544433208
1.3217197154577087
1.4564933774548348
1.3621745265841219
1.4659827876622185
1.3723079709135488
1.364753731343284
1.4801546555687823
1.352008460717549
1.4914333611153212
1.4752273540080727
1.4757937038026543
1.4830817737250426
1.282227905937274
1.451096267971098
1.349438773948706
1.369677776610107
1.3989746641957608
1.3376998755266187
1.447415436492351
1.4074504453174193
1.4205591238534565
1.4782797756229078
1.3351419125584747
1.3035570068492095
1.452188467244535
1.484706961337774
1.4097502631327152
1.2174747085798303
1.4097176354029064
1.3010006830841607
1.3904021074606099
1.3742484750076804
1.3121279786591638
1.3894001054794198
1.4553472793512758
1.497296015180266
1.3615116081058074
1.385828607899453
1.2958841381222708
1.4202032920790468
1.2816020805450778
1.4308775403085165
1.4000819988423696
1.4281951660266552
1.437276752419906
1.456613901148023
1.3994391237631627
1.4153745625304575
1.3667450161687096
1.4077755263248275
1.4703278410416274
1.4004645042645618
1.4543750679077185
1.4576534798633347
1.313845502099757
1.36294939185819
1.4045962628516997
1.439238066741763
1.2792816971367231
1.4285525286028402
1.3341152466600825
1.3640127274196012
1.434855106767884
1.497173803038297
1.4344869839420065
1.4122750380600266
1.4678654530217805
1.4054378141788775
1.4464801230477984
1.3947694086412885
1.3948922630344986
1.4514875743787192
1.3011311316293777
1.2742516987298944
1.330684295660736
1.447550804403047
1.323888475185072
1.4873365255614568
1.3994007919546445
1.4087055590925852
1.394538436771741
1.4945155525502327
1.3334743025866573
1.4809910600685876
1.273086433993958
1.31744470314319
1.2430901593068073
1.4990448620534667
1.4149050040139155
1.340648521612094
1.4849825518871034
1.3054030115146151
1.3151539324660755
1.3835853476733047
1.3930231318622752
1.3551000668704618
1.452996397486129
1.3960144988478287
1.285401565061768
1.4995731540228923
1.4588252569750357
1.305359769386857
1.165828402366864
1.354588235294118
1.385863795693541
1.4882792268718337
1.3475520891721777
1.3978737798806904
1.3464784183773768
1.2703659976387254
1.2928442007671135
1.325150900384241
1.289803242172999
1.2818916337457114
1.3943653207964606
1.3878174772443015
1.4800338818973868
1.4335659324079666
1.4569919781413114
1.4150651330664403
1.4027669386307204
1.417940884500843
1.3630798756863898
1.3787855107927809
1.3186587541012493
1.3355677905871282
1.4863328176354427
1.3163186426083218
1.4254340554316665
1.3146598263513993
1.2132552322028718
1.2468358920514195
1.4081600092826276
1.4691344901809682
1.3690395249750704
1.3858889387658098
1.3422718271827185
1.3498059475593365
1.4285258482438985
1.4605425181747147
1.3476641581316686
1.4776092992867647
1.2588628687377192
1.3784357986987115
1.46389535420234
1.4716589023777782
1.4454557231351433
1.3111799208961519
1.2808520757264281
1.4852328752138892
1.497334143470171
1.3200010729230003
1.3987568915132718
1.454159376315032
1.401999253327645
1.1982109034614998
1.2832821816264048
1.369425756178475
1.3548394836604452
1.3769313344098655
1.446562387773832
1.357051264700708
1.4512107932609413
1.2993749757617286
1.2873637861125196
1.4391523810285662
1.4559932582985777
1.34575052225681
1.3068544362020715
1.3417290120925631
1.4624089857199305
1.2830252991970916
1.4515794043791515
1.4299586029500415
1.3923252467888867
1.333004178944126
1.3993634428350803
1.4676870889179743
1.437642602396828
1.4786245892482797
1.4204541949413947
1.3272026784285136
1.31221462627078
1.3813292216882973
1.307558878925933
1.417945158616334
1.4184557485466665
1.3691133835635778
1.3470758730974617
1.3486013069447833
1.3844323714773523
1.3642854230792758
1.3585170549084864
1.4899506982976312
1.4992371859058768
1.4774170310735288
1.3981694091605876
1.3745667512150745
1.443835092915493
1.3566228901045092
1.4367403562158758
1.359938870716929
1.4967925982511905
1.3409373356914112
1.3651448701549214
1.323745738598233
1.4727926975775185
1.3663561826607182
1.386207041867718
1.332848324183871
1.351554086491676
1.4614467865142733
1.3896292399711656
1.3597369808785609
1.3362498344151548
1.2725677420265118
1.378965613605515
1.2640706873523069
1.3673130033090892
1.287370570944336
1.3235754730641145
1.2873345746491285
1.3142149693474692
1.3339377373024046
1.2861348374455461
1.3741423554835228
1.3126799394238615
1.3730202601943748
1.3844242948743168
1.404390130218196
1.4507581508644307
1.2784127678181028
1.4694025604551926
1.332195676905575
1.3680953243928966
1.3586920281398995
1.3161209754820702
1.4887795855566837
1.4121762631216486
1.3851991186742616
1.288786829991853
1.341888537510606
1.43860965777511
1.4956450960671073
1.456050984864832
1.495716899131765
1.2859492739673288
1.362664376955469
1.3484016115671364
1.3731597687544634
1.2470073554156056
1.4075211085029609
1.3176125787806554
1.4313245849663137
1.4311796910475771
1.3950949097891165
1.4375358059596004
1.2990264228445043
1.386419638384851
1.3785205956294713
1.42555250263704
1.408782235200245
1.443222795325909
1.483498149081493
1.3833860784720122
1.3892094866989364
1.4641008815372416
1.3201239841633676
1.4821820777509342
1.3581594418244063
1.328514460373845
1.4050489986016512
1.3251177703344144
1.4436122454050748
1.3992623914444997
1.3434712984232278
1.4447170665779798
1.3427561979162497
1.3973077615703229
1.3306143580303722
1.3369386035606998
1.3768291519603173
1.477814713996916
1.2399508154698966
1.3009499167956098
1.2770494718617047
1.4954110990859704
1.4919374442913869
1.4270789478797616
1.3913667695515815
1.431347242496529
1.2629008206616013
1.3043954718908255
1.4203122142987754
1.392372920305175
1.387940372012562
1.3154005716781132
1.4790009420138166
1.428246632454809
1.4323339309303649
1.292139692147294
1.3711501908796577
1.3012585002966552
1.4085889873560629
1.477952087739647
1.4443505982167812
1.4063483438610795
1.3567316268886664
1.4102032718227107
1.3438336077382178
1.4349328820559895
1.3242939196009347
1.2453933898800822
1.3488395383190208
1.3952783830657718
1.3682866076237215
1.353043988982502
1.2897191817194666
1.4648657259899873
1.477473147571606
1.3059997359510427
1.4705129665822394
1.3758755120919788
1.2575341705319258
1.4137447570573545
1.417813014039249
1.375666649407134
1.3369386485687544
1.416200629150647
1.2672837606715284
1.4549713768089045
1.3423766249607922
1.4378592126264742
1.4822067667785856
1.3719473132473992
1.2736068611817435
1.1940287263961433
1.4354789142891133
1.2684649903553913
1.3487565822999834
1.24068519432492
1.2447209286359946
1.4886017205974151
1.2560495109714696
1.3959637059038943
1.4252821513167067
1.4140169486999177
1.4738979835883061
1.4273022486367264
1.435577289001765
1.3826194737130446
1.327064156011304
1.3676647289516872
1.4826085243835192
1.446246888064259
1.3720973704108215
1.4791496911552118
1.4791898609636749
1.4819532406969786
1.4342869467767174
1.4104997148419838
1.423339949814614
1.4329586459333863
1.3772194099202906
1.3886136494960082
1.3862290087440001
1.4914668939842042
1.4730388386459508
1.4645269886040537
1.3770433666576607
1.340868924889543
1.2704871120169192
1.4650445023520255
1.495301500622846
1.3154818540165834
1.3398000053284538
1.320399718060072
1.4232604269195228
1.292997076578458
1.30423792441812
1.3704563160823602
1.4439495514790563
1.332857806987959
1.3151127605648376
1.4332577970616038
1.4114559461269973
1.3303439235597034
1.4977669595571568
1.340904001482603
1.3876734889886906
1.4535871922615875
1.3949187509760572
1.4587202394050087
1.3887195005609534
1.379818350085014
1.3440160570918827
1.4823483365949126
1.4452330915189853
1.4377536428708382
1.2926967415206232
1.4168041341233506
1.3995824935214516
1.3014326830245735
1.4461072899309255
1.296652671755725
1.3900390209554259
1.3717643671193018
1.413710674269309
1.4545840021180485
1.397947954427758
1.2972420761142087
1.4687953788760084
1.497812357327652
1.3190870028753274
1.4799792625395543
1.4198148825231303
1.369503860544586
1.453211470736207
1.4277039371683546
1.4147804802836992
1.3944627503259401
1.252027894879898
1.4588239585300131
1.3729215444361886
1.4694303515450946
1.4145257799934683
1.4768839265567417
1.3165944391179285
1.3015113046904065
1.462965254538216
1.2634705652258948
1.3686220725334617
1.4239898806497693
1.231262632666304
1.45058750606371
1.436346342789055
1.4364291887006368
1.411092294665538
1.3753402641028618
1.477969225984101
1.4358666709185697
1.4994412020365087
1.4157707770836212
1.3270440929270293
1.3737018025546142
1.3954863883698154
1.421802152064143
1.261178643319196
1.3596189179118867
1.307728205010025
1.3564817006770513
1.3218352928771027
1.4083417981301443
1.2797298994974868
1.483619634583443
1.3007913107117226
1.3222749651139094
1.4623259007389002
1.4036117550287899
1.4493481110526774
1.4852966907115637
1.4356888836782156
1.4715771436457314
1.4978260869565223
1.4740656773838954
1.3704765465134574
1.3617281757037865
1.3308821315103976
1.3978452386358484
1.3168234308064821
1.4877500819940968
1.4368542012079588
1.3566385812606254
1.2740194232741724
1.3563526392090688
1.340055182341651
1.389914345822481
1.256064577872093
1.4764255419415646
1.3842746681820033
1.3145220952758665
1.3827594113478128
1.3285420775127281
1.2789317448928907
1.4568508927941837
1.2921793211375534
1.3001487489300882
1.4061912884406216
1.3884460498270383
1.409891212194979
1.4036233575937147
1.3177876823338739
1.3027283994911774
1.4086973334040986
1.4172115559079888
1.3629025932259236
1.3711569509807295
1.3494222073354551
1.3961280848884483
1.3158084563311514
1.4995754659766307
1.3597342256214158
1.4262551542653492
1.3418726412175959
1.4831722614492533
1.4562319179202434
1.3588777112509738
1.3466232201372463
1.3562942902079986
1.4746224054855457
1.3855716669153446
1.47915662166506
1.4671691245099876
1.4229616629552062
1.3114048303356205
1.3298988873189692
1.409085335948995
1.3083356343323211
