1.4681166227297973
1.2584124057374046
1.380711294963573
1.3077514006224127
1.2557736393718009
1.2237603760460105
1.2250457065524467
1.2033657963413469
1.2803941554572507
1.2644999718627192
1.3158256094312386
1.3054208913130998
1.2970862348116559
1.6316123806610712
1.2650954583271092
1.2314914025622006
1.3359881917897287
1.2706012321345237
1.2718463590487539
1.4795252949715567
1.313838400742254
1.32680243939666
1.2624880845886106
1.3514923442026094
1.4291747227446865
1.2690251375958623
1.2653516117792072
1.282987402897933
1.3861181500617272
1.5271570090787665
1.316540528678166
1.2901933642279726
1.196473764815056
1.2595918692951318
1.2851513550141782
1.3481147295937723
1.229676635560622
1.2940740244108746
1.4246065233080956
1.2228349867499173
1.210832464892973
1.2777595798570534
1.3132329413119173
1.2787424773579295
1.4277082028468435
1.3155676302183634
1.4075057519081535
1.374199870139452
1.3966058482955777
1.266841936500095
1.4383204289279465
1.4689670727588142
1.2768482358428468
1.2676001379016215
1.2806762486153414
1.3153922637529696
1.2524800064370276
1.3559168665933004
1.3302395337133175
1.5846506533801525
1.2477481265091017
1.3953118731458851
1.333087540271863
1.2048272652240677
1.4393655068352667
1.3624340587097865
1.3025638654000866
1.255705268561028
1.2621789950641717
1.333202457888871
1.3478751932659112
1.2692946575288826
1.3167623125575918
1.3974035181629032
1.28082820971308
1.3974354233411015
1.2596485711797099
1.3020609150294848
1.2642535416084923
1.2133634408854626
1.323685576825568
1.210879799126117
1.2670352073277278
1.2121311582571268
1.1835199637450466
1.3094077659784538
1.3579238075675333
1.2415773596252442
1.2533752313806934
1.1742947287196976
1.2512939034593935
1.2671842089489074
1.303824335116057
1.3922932062963809
1.2872524571395842
1.3355540012681997
1.2709398742287144
1.231576149584234
1.3853748064646274
1.271545347272617
1.3219032501820165
1.2106405892467211
1.486817779527033
1.2651777962791881
1.2380643456465075
1.4097455634330978
1.263253003420831
1.3141424100191728
1.2891673550963418
1.3502381024867172
1.1989565718077342
1.2994893292007348
1.3650712813851207
1.3268009602015467
1.3303613224148496
1.3294499988316157
1.329099896741471
1.4165182541229586
1.2712588903118658
1.365806790560473
1.3762040443374
1.354681212097333
1.2651478314885176
1.4022385876728758
1.3205131116503785
1.2855786766234691
1.173272775576491
1.3025120539779147
1.346534934790544
1.2434369385755124
1.383865275201592
1.295523584153825
1.3414173864521497
1.258714026344484
1.3342030211058389
1.252573342652968
1.2048701940316227
1.3180057966076353
1.2633367850718666
1.1691942651581626
1.4881789134162342
1.1946455128410713
1.2000947972325138
1.3173867116851739
1.283280121666013
1.2031727814110673
1.3007427371043192
1.3557675926995336
1.336800888529477
1.243738271406067
1.2901378698113926
1.282543267945922
1.3392564407507745
1.4048707577393793
1.2595177898625785
1.3813064473697514
1.4210655536213943
1.375504954547357
1.353041010894066
1.2678113752469913
1.2181592518163433
1.296803519478855
1.4916050665768195
1.3095314794148023
1.3198170326823089
1.3115217614872883
1.3122643123339763
1.3597764567618897
1.2471104807890792
1.2824933574750215
1.3782153115328175
1.3866375526028165
1.4604642742155802
1.36782183495228
1.2441082154604954
1.3948098937332416
1.2422408728948369
1.2597288174319798
1.3899500198678927
1.3908542033536162
1.413765221401344
1.3558775480242082
1.38689655320492
1.3676812444366462
1.3009981043846797
1.32961815691452
1.2201594646987592
1.2792419906477752
1.3843664217258325
1.3397394884071578
1.309117009592581
1.3275032831100682
1.3177743271965965
1.2727620469037344
1.3542612297998544
1.2899925694188463
1.1889582578446523
1.2150228829950473
1.2868440495270375
1.3807759785453648
1.3078340776273518
1.2299088363605548
1.236624026816328
1.2940256746429668
1.3168604853684533
1.2742380640291755
1.2301072571944835
1.2092273279837886
1.265436359534317
1.2792951635768763
1.3294635997590838
1.2508227979295385
1.2936425388908168
1.216510012251753
1.3610706257525955
1.2740766749750516
1.3373709000885063
1.3575148907035586
1.2255138110979478
1.2723203396067158
1.3254938740598918
1.1964007196906985
1.660252231371791
1.4740647227241839
1.2911019459576112
1.3599002205535389
1.2298625138490138
1.1939841951300203
1.2745116515114174
1.349456740756817
1.4737430548166965
1.29177935313947
1.2508475095974052
1.2879026445043014
1.3730562837863842
1.2266846739613866
1.3132694023576978
1.4065438620277282
1.2307231374902305
1.2068906803144341
1.1736272904724123
1.2798767456805966
1.3385016753415149
1.3820326687403708
1.2812192196113097
1.585907932099653
1.2914590912284254
1.2533023803748387
1.3515108859527432
1.193220738734124
1.3471071491134265
1.3165939175984567
1.342201540282413
1.3231995669874497
1.3291180387274366
1.3523549649165982
1.166875265486028
1.2552158679044687
1.284359879818538
1.449244601881192
1.3058414909392067
1.4951686918541525
1.2839470261764676
1.6291760788039287
1.307493157145702
1.3045336406708705
1.25151458171728
1.3701991273335403
1.342140521547816
1.2858187742566267
1.3250233189981464
1.3572915640719994
1.4607359840579972
1.2422738659531563
1.2315234196750675
1.250650805284162
1.2030124530728368
1.1868418988176122
1.2480861941796857
1.254871447616645
1.2733738648398865
1.3597374053796756
1.5752930720204559
1.355930547769446
1.3313006634650717
1.310799682854531
1.303025913585652
1.361177355611548
1.2941637582192917
1.2939572088255633
1.3284080090483301
1.3177865712607353
1.1969494706590766
1.2527670291903668
1.2592890854044532
1.3258733218562957
1.276980087586965
1.3566184867364264
1.3395128564429954
1.3134448202894415
1.306190669802169
1.3378363586202906
1.3445419804991339
1.3637420841235908
1.452334890982399
1.292497463239668
1.3595847669648853
1.2424970142061516
1.32950199778094
1.306868335512555
1.3944950903193618
1.2058164864974414
1.3877211106031626
1.3016922918777942
1.4149407458838057
1.3065732259941754
1.3678563327538633
1.174077787917674
1.3583391976207855
1.3317112575444734
1.2917909873794315
1.283808882501581
1.2607378453883888
1.3858144203469722
1.1835330405058755
1.2659985357967622
1.2744930885908317
1.4055140493898934
1.2356789160041552
1.3133487235505168
1.2830230059679157
1.270586244443911
1.2608099676989495
1.3225824232284666
1.3143848399216942
1.1526808894887783
1.411878154692469
1.2982087063417835
1.2289573931368891
1.3181150399854873
1.2133360919278224
1.2785123607648565
1.3867305043451672
1.4703925305410182
1.206711702764128
1.2567474224592765
1.4051131565661366
1.3003690793463905
1.4944940205022021
1.3463135853181158
1.3164652171453972
1.4717671396063072
1.3021068981492838
1.2430442985831587
1.3578561163072145
1.3270975828527405
1.299144618551155
1.2974524689422153
1.3147033131408068
1.2907202481122715
1.302318977785566
1.2896101728729226
1.348354082875522
1.3752406344694004
1.19956401158641
1.369718451138128
1.278705102333425
1.3615707735576505
1.2960409678177698
1.1953491684856354
1.233224834815974
1.2529212312674611
1.3186956385039788
1.2217756211144593
1.3928757401237495
1.4575865717864223
1.3402747643694222
1.2541441838602196
1.4217641305495674
1.501278779864795
1.2403231057993496
1.2854537813158615
1.2215766045634262
1.4514690046340812
1.2363869262852791
1.2706266185769572
1.3603488125986016
1.2031015355597277
1.2740924494278485
1.2619108114530078
1.2694820692565167
1.2523069009199153
1.281700548867461
1.248626185623222
1.2855646908449765
1.3371423683371488
1.2792310651028185
1.2015238918950184
1.3053906163833329
1.385455238273041
1.3770919747434809
1.2588699583136695
1.3255962589611867
1.282883848283545
1.2674461321651849
1.2512920372494276
1.3655429250418465
1.2977787024970489
1.3572603131678596
1.2365832200884213
1.2853267014882626
1.369702328936032
1.1968098299879086
1.3880170071444162
1.3090073089966359
1.4089927160639464
1.3310922937725747
1.2430377014810206
1.3961092768962144
1.2203170676439057
1.3175689202412055
1.2407836466974813
1.2527023827696326
1.3884910882577686
1.3232115943865572
1.21820351318071
1.2983615267797806
1.2307730463401227
1.2010167301011558
1.303185592465555
1.4416372963206212
1.443488183910789
1.3181363808857514
1.19584805554622
1.2915597774678538
1.2804859118697587
1.2686145688650432
1.219779619023878
1.3039778647771016
1.2751271888883962
1.3171138255508528
1.340929668227032
1.2329682032671598
1.2664363625359358
1.4344699973658241
1.31550697281663
1.2635489653619418
1.3973819372163918
1.2644014672597006
1.3536480244951372
1.4090787262570068
1.337772524272216
1.4192810212948064
1.2964265064957143
1.240953183055646
1.271383991961492
1.4096904140007964
1.264361172127062
1.2597174478796216
1.3391963854722373
1.330103705382779
1.2643172658642419
1.2498549913146968
1.3866847180355004
1.315896103944425
1.3308102006761324
1.304167458159559
1.4073501152577048
1.2419886947631547
1.2573337163006253
1.2816491797732352
1.280163393721918
1.2479741741356456
1.2290673482334882
1.3348176374712482
1.376947024454445
1.3303880740316891
1.193898067703322
1.2529444080587284
1.3305271967363652
1.355251092044972
1.3820386490921028
1.371289655490124
1.1559793063184853
1.2716425290667142
1.4337821226385332
1.4137996347178237
1.4576344201630824
1.2797991236554926
1.2083370506711557
1.351406389084653
1.2391726794818498
1.381830592584923
1.2875945726032598
1.3179957747831914
1.3133956699716711
1.216403703395706
1.4527590645290225
1.1887641464264114
1.2715529316514422
1.2684772991357496
1.3960875551717578
1.361440337529494
1.204397065140993
1.3180940878734269
1.3171395860643853
1.234407824306897
1.2390742128751961
1.3780801322631215
1.3325974071357398
1.2739055249293167
1.3316938571394104
1.2828889648208228
1.3840236915289317
1.3703715090055766
1.2976091752054018
1.1623932516003386
1.348909815719848
1.2963493377725235
1.3478863420071212
1.3098924636782578
1.240976679221056
1.2998814155899798
1.339208404302423
1.311753378697862
1.588614973449422
1.372687210325013
1.2575188205475265
1.3878422317243115
1.2175373078237994
1.2702956660067393
1.3916796713505224
1.2541775232501051
1.3066035991398095
1.2567584167343542
1.3502824257632606
1.4111550607214394
1.2743624506645097
1.3997435714174074
1.1676780191874188
1.2090247478087948
1.278530330501079
1.4242873668733123
1.344674792195161
1.3725639262460831
1.2503987996999575
1.2409986682839935
1.3094883703574376
1.4466503126826367
1.3354434926774406
1.2976396455919468
1.3146989533188846
1.3445047509294685
1.3008977799127548
1.3138688615151874
1.2875835792108332
1.3530345771147565
1.2748725929916502
1.2494153112330275
1.2217708081874974
1.2452611770332478
1.28280149740236
1.2859492310833451
1.2748738610035564
1.338030614278492
1.5912544805419624
1.2157198187965246
1.2700040649650557
1.2250172021289154
1.2739754397817749
1.3138374483446051
1.2328685932239545
1.370560547245666
1.261182989923395
1.2601864750568696
1.2300732814183113
1.334508383470739
1.2132540638369373
1.3719425549736595
1.2598072458693994
1.2983005295557892
1.2590598785059064
1.329953460014196
1.3542827331448557
1.2331726569572767
1.2344054456274873
1.3435045870381288
1.3569764500501036
1.3288764245816718
1.3164706553882333
1.2928941227744744
1.3198465558329313
1.3464744191458606
1.3463272376904942
1.3837139940076075
1.4662229777484352
1.210753743271074
1.305928625763218
1.280809641205698
1.3018961396757849
1.3837546994319911
1.332439584004244
1.3801831515220226
1.267764017005588
1.383735799161638
1.3153592223795103
1.2901800786106552
1.2378049590842615
1.3101971598845912
1.2395530159740413
1.2694734060262731
1.1829684384620138
1.2853324531428532
1.285236556190104
1.3807095403088583
1.2392529827897811
1.198746133454239
1.2319729575156935
1.2442468523813168
1.2422460149554229
1.3002372089152212
1.4235855198162422
1.3200027323865742
1.2022853338079367
1.263524177860542
1.2668688063934763
1.374500175175327
1.210733564325161
1.3301664490631346
1.18473466487502
1.1658917243552358
1.2612715562538763
1.236454763763266
1.2937466471479298
1.3038522714224747
1.3598932192483562
1.230013361184344
1.2114850634696275
1.3502063024298385
1.3809816697456563
1.4488132387701094
1.280577303170982
1.4032173263825238
1.2547187327565161
1.3059056583284474
1.2337455372697377
1.3944502281768223
1.3276882234374128
1.4877286355866532
1.3155204811398633
1.2050396354970951
1.5889432299066764
1.2720502414604933
1.196240366300063
1.3301388312335136
1.3218274464012953
1.23497164194701
1.3212754982149668
1.4074296776009485
1.3687855453765794
1.305623742974775
1.2522200382645339
1.3036758834271234
1.2592867434866706
1.2825016715950426
1.1579157493767744
1.4050363456716213
1.2988813162046347
1.394417765044043
1.2889943993722177
1.3989943935440476
1.2302151024679884
1.251100230475252
1.205641814009596
1.272172595558177
1.3051046727624978
1.3229836475874357
1.2017209551838066
1.3595266208966441
1.3060219757663898
1.314557447494458
1.2714735050840775
1.2641757888896348
1.2996117123699709
1.25118414055624
1.4356013452692464
1.1943122888060238
1.3172260751660412
1.2811081104111157
1.2749155246831494
1.3168943558814301
1.3800846539316036
1.2891244775930428
1.2288868617397108
1.2858919822513655
1.3687472157297416
1.2631142917865603
1.3090101953757984
1.2855315137566092
1.2968453701491238
1.323119234289309
1.4453497527750325
1.312912998202008
1.2563236728407883
1.3732698743941272
1.4543952206709678
1.2399327266297555
1.4886895955414203
1.2652588779935476
1.2695223784028589
1.2895489326609817
1.3191786636459066
1.3282314202483585
1.2496369983058666
1.3094893342497058
1.2736071262710484
1.3955641899675697
1.3718641518698194
1.2797165539281636
1.2435223491331027
1.487461909773515
1.2525883907208737
1.340187616609874
1.33324130971149
1.4177817230589864
1.3128748706441113
1.2352339723615555
1.2351253730438907
1.3431988953700371
1.3145782615140769
1.2159769841645245
1.2732958058576365
1.2525032108354845
1.2803805582137644
1.2357299433131386
1.2371405788992094
1.462208832579621
1.4657391308079333
1.3899533921230496
1.3778380953464313
1.2254661203948252
1.3224219027833575
1.3277687807503082
1.2862448877757018
1.3038450989437491
1.2010599252000627
1.2860336498935663
1.2901744194325204
1.3035056024778646
1.3828418393217703
1.3321476898048752
1.2177835710289793
1.3952118542822205
1.471284960401852
1.2741159310015988
1.2832489993958038
1.3232438679682899
1.2593342549985111
1.3792358222037062
1.3143731653375281
1.1919952509704168
1.3092857506438473
1.3191388164343512
1.282840267665268
1.4323803125909338
1.2825437507677482
1.3786779646800273
1.2968077910563454
1.3495361791853695
1.24539732909727
1.3215180508027196
1.2396862895748155
1.3353147726114998
1.2492203051834807
1.3303783026460658
1.340231347809799
1.3076693652263784
1.3286551644772282
1.286403245362047
1.3261972330703655
1.3176886777641337
1.333086547585172
1.2996325376010556
1.2475332897003468
1.1961947515665705
1.2902265400467547
1.4150800436968514
1.238267314281357
1.210132333098869
1.3534650426549566
1.3443953105590245
1.280737411351771
1.2906614588832606
1.244158052206947
1.2856185217978249
1.307309734894725
1.3897994021611404
1.4040311563619006
1.3559941599856
1.2829358139782987
1.419167314117392
1.2213309877577483
1.2708798795417868
1.2911517575006006
1.252075965625645
1.2438221776992155
1.18411531435769
1.349508888928252
1.2271448374949767
1.2804182218847333
1.2649338911873411
1.3147805432723891
1.26229008116267
1.3735279782611003
1.3557256512633806
1.3111369145420932
1.3050511785472503
1.2905776123300108
1.3488820169771067
1.445166235641882
1.273147119741318
1.5528274679986818
1.3577237636972859
1.2542917896830874
1.2644425520471212
1.3375327553824803
1.2890648247948144
1.4042453398825854
1.2687629934485585
1.2605973519587796
1.2721972748175745
1.5169039125983654
1.3434204093340045
1.3440018118034645
1.3333541513497467
1.2750096304633398
1.4097732902933848
1.3382140159669509
1.2729603320278502
1.3613402667402883
1.3045435342884768
1.202465676428567
1.2924168238687168
1.3441166618729157
1.4104736283011319
1.185372187759116
1.1966815584651531
1.3533268136092285
1.2993335861165045
1.3656363678548933
1.3626266484040757
1.283570907686237
1.264886662600485
1.3554705697082632
1.2218283370263325
1.4145951248823305
1.23777746302034
1.2123198729008604
1.46114784751313
1.340515285365704
1.2274691671217297
1.2902694013410492
1.2768182184716441
1.30550351298707
1.242220404868091
1.263294976011506
1.2977884219516074
1.2510825020075105
1.3279252626733113
1.376483330409039
1.3354896736366177
1.3521167057684864
1.4410971264205108
1.3180916537187264
1.3715971295821345
1.3809230618439252
1.3097405337995383
1.3006486599898024
1.4108860857689327
1.3147321623781976
1.2157862776169448
1.2692983974828917
1.3157478475900306
1.314554635746363
1.2278037746371875
1.2802134896666395
1.247416103144293
1.3662309015591694
1.3238109125634987
1.3183707020479545
1.5432860791208416
1.3370892883638852
1.3928292876678872
1.4231581064718735
1.2066244673768507
1.3012845467697958
1.3404253748906023
1.2412394990172018
1.3442116350360833
1.362979736086257
1.322531259052668
1.2358152151219814
1.2712473701868923
1.4494305599768733
1.3066528252824035
1.292926600975848
1.2775882535106315
1.200993938709936
1.233766497204247
1.3513128372203809
1.2247242190642997
1.4902340774311156
1.2695815226870164
1.1859445703611642
1.2895516871706916
1.2497781860921642
1.3708462524616405
1.2554934016336041
1.2741770223934528
1.4970490041646676
1.2349262066750715
1.3173116809466034
1.2256439078586252
1.2817347380333834
1.4262215068620088
1.205876754985991
1.3720223572995662
1.241713270253713
1.2720174377225508
1.4478123965018819
1.2439543367579098
1.2889893047187364
1.1929148411985917
1.3758247645228803
1.1941411100847144
1.365768019408461
1.3349634051352501
1.1776454762470085
1.3029468148430703
1.2867529032134533
1.2809860360649024
1.3669894955891302
1.3171796838256074
1.5705348601753064
1.4672408079667572
1.4398754472066586
1.2602355945944645
1.4056111084981242
1.1713831296283495
1.4081747750617388
1.2691892670544693
1.2592030402213654
1.2169791739891216
1.2928837965454718
1.2031634262692164
1.2709632441323326
1.4283471021548408
1.3780197566160377
1.4304994049803605
1.2060942086930737
1.3615530852442266
1.315219897146765
1.3313249276537251
1.2479479470387307
1.3657588921563406
1.3842678075919017
1.2617557451530528
1.4736101230133618
1.3057557623031193
1.2854010464405672
1.3369928354688474
1.3203184231790384
1.25897573508692
1.2948895199960326
1.3042679788015863
1.2177645580191487
1.3985883578554685
1.3660795252484985
1.3910516939755733
1.257406049652016
1.3727449499817834
1.1669544803966854
1.2700942363003154
1.2989365064478084
1.3224165455622487
1.1797154353771382
1.3336064481896683
1.201880564276228
1.2870465609890436
1.2843256947303354
1.2676152675187289
1.327364858187225
1.460054800246838
1.2728280145633695
1.3697704826375876
1.2479770308030658
1.235226512637253
1.380961487438042
1.4037640729568337
1.250348444261716
1.2378436830891582
1.2875881447045467
1.4618714443580558
1.2750467160388197
1.2955927398548746
1.4506888234951953
1.3043195237484468
1.3794980054542898
1.2897042550269215
1.3969059603905087
1.4450026552260118
1.2849018581907274
1.2660080986892972
1.3040081911143708
1.4620650951553584
1.318135854737116
1.2697537230788012
1.3637915616604714
1.4208085878738725
1.3956878768858005
1.4125691643897642
1.3644104493039946
1.2568943641391448
1.2863698876952634
1.3554305335537673
1.2163457200265242
1.208942141187539
1.2450348621841136
1.346419623303249
1.4079780216234072
1.2355290828347547
1.3343986305421813
1.3121935262904219
1.3608814759644445
1.2569562503818454
1.2573373304325897
1.2658962595336865
1.3552439580286735
1.3033232574030353
1.3487495502896
1.3094527584772762
1.2275725368699761
1.2965233736361848
1.2659236278454542
1.2529191247210418
1.3232304655252165
1.4119480676374903
1.2573276630095285
1.1703715983467564
1.1971013821493537
1.244805206949637
1.2598813533429998
1.3892701600516426
1.3666555681356982
1.2415804447178698
1.3380814687389273
1.283681469512442
1.4071708606594537
1.2952191626849046
1.2239741936058652
1.4056879749705469
1.4363037653064454
1.3085522516243757
1.2731920162049741
1.3362260479750119
1.2977524174121706
1.23724284204997
1.3201210511251975
1.4747610954574895
1.3276677578266038
1.3244101832051762
1.2648019993581965
1.2214815195703954
1.2841167040095185
1.2508897424873924
1.23499414977175
1.278734148757795
1.4382367263293492
1.5009846081161813
1.3422409807372946
1.2228064882579333
1.271766051022465
1.2088889951358481
1.3298883405265474
1.284782127882858
1.3961528211080152
1.5222110814263428
1.34036484225333
1.453321303216063
1.283073532395094
1.5023710241214283
1.2118412851585163
1.4205256520717287
1.341767885336204
1.3116123018526264
1.2497367436771833
1.2426308343303103
1.210054858649255
1.19199797823557
1.4810700891165305
1.2249005638336803
1.23909357545933
1.235930518264623
1.315685716888564
1.2580757039198116
1.254319996231413
1.2751496929621362
1.2154409563522568
1.1902192213208387
1.3206936740021586
1.2769513248884494
1.353613356383737
1.2550597421112728
1.413486145226174
1.3074121289296352
1.2770241503479673
1.3344722243110725
1.285710131707358
1.2766451360504192
1.310114580336401
1.2483288080351393
1.2475434679236088
1.1991171184036429
1.338306271990935
1.2189375664028876
1.3546690452130827
1.3145226693492138
1.5359091706174206
1.2890194465856517
1.2699057400578981
1.3553363535834482
1.4707401024045408
1.2984859348784412
1.2483455558343046
1.305153992667955
1.2212211607053647
1.3373351869992616
1.4474707505363753
1.3412299179668195
1.33712964099394
1.3106410911683553
1.3138623371720297
1.3344058261745944
1.2978873793726164
1.4758709169765742
1.3699579633666792
1.1787816109961777
1.540412996866285
1.2345457368229917
1.2678786511116007
1.2313359138295834
1.5645250179786327
1.327934861424983
1.3291579528592503
1.2292535778863463
1.2699670700742747
1.3222084976128614
1.5110227126135296
1.2938371930433135
1.2535473427263304
1.3012710915926622
1.3558812970063518
1.290917022305728
1.2055214609687697
1.3082982847328077
1.2814540224280928
1.3068464483114888
1.3554676096092144
1.2935827361343826
1.2763202387065764
1.3393372153841272
1.2281515529121252
1.2747883726099227
1.2999536009927612
1.2275326742406325
1.3606709467007128
1.5966931518588747
1.2400798683641812
1.286768110806781
1.2561857700523207
1.2108651259813044
1.3148822013237322
1.2817343196967408
1.3868626462293188
1.3727317164699382
1.4122249631005974
1.2292518559359584
1.3738258007536897
1.327766958058964
1.3473424900257644
1.4113522805650072
1.4692234375928126
1.3433320320719897
1.283857448825556
1.3879699852058454
1.4635307063893006
1.2543766144736443
1.2572824176568203
1.286280697689344
1.3686605645861825
1.356732358964853
1.2427824371814067
1.2365362375354665
1.310582553097938
1.2418168482390974
1.3227223721976913
1.3175502304332527
1.2945841811593615
1.3223899079036625
1.267237458297954
1.2937495462070365
1.260582007062029
1.4085435739582408
1.2436957978243717
1.2010119092703326
1.3378572694862783
1.2467753181796568
1.196873919798083
1.2832532562159438
1.265833135600185
1.493775830196928
1.4098388770102845
1.1948919635404178
1.2709394378424075
1.4316228609695094
1.3016174422271773
1.221699662658881
1.311274016188553
1.4086971388224847
1.3239763538645073
1.1930491886470085
1.2878703649105554
1.264646076083776
1.2559401780378892
1.3330117754755373
1.4637721247399371
1.2316085438005662
1.3239200726762799
1.3328242035099973
1.3269439488723334
1.3531887015447526
1.4687633689140565
1.3660149024834156
1.3731959344063907
1.2706225928421442
1.252350258887568
1.2835937407828841
1.4854972263078263
1.3283443033471463
1.4480036292764509
1.2517750042570006
1.3174615256742666
1.3541075174413142
1.3504494369258009
1.3531645704470971
1.2297128932121113
1.270533876908351
1.4266954047352705
1.2765944296162797
1.259492680184685
1.2412485930255592
1.3112119693323883
1.3303143939837057
1.2611173776033184
1.2722216574640934
1.3317146293243391
1.2867998490505546
1.2390847546662695
1.3413770512928274
1.3659458863555232
1.2203918956139246
1.3190585055560786
1.343994517139695
1.1881039732525742
1.385682440292898
1.290406629324455
1.3000555682262622
1.283495826571281
1.218136991554738
1.2505307592812056
1.17936639901187
1.2992151335459639
1.3963550379219871
1.4079765622487257
1.3119904051560831
1.31339265264863
1.2303155092201552
1.303360654828279
1.405145821032037
1.2843672729611986
1.2436719527135285
1.2934320908294759
1.2515404884815484
1.3209011358224523
1.2602911612938565
1.3301811118451332
1.300513663316786
1.3844486028255936
1.2259717044115472
1.7204948381461445
1.4763260575386332
1.4165719763202338
1.2442841646492389
1.2382578040817367
1.3790569208812387
1.2712445447048055
1.2586135604204522
1.261518385731468
1.2927444345331447
1.336014050621708
1.330189662865181
1.2338809075898949
1.3372894422412536
1.3700432992581613
1.2238548152526005
1.285538538251539
1.3406309047734408
1.476156000375106
1.2509480561680153
1.3140915423144264
1.3912710839234945
1.2981410622750749
1.2523600695087933
1.3219216854240718
1.2256324794157032
1.2411319979138247
1.4409884952467287
1.1633485282662102
1.4035165188896184
1.2683459981964857
1.3952390782351116
1.286598696057937
1.364938206407982
1.2783473627647657
1.2819457074194196
1.2771026683475317
1.2809467659616827
1.335630375399135
1.4272654155909603
1.2513656017613817
1.3410642232506382
1.2943633099186231
1.182989167201728
1.2571961544452543
1.2959474343996575
1.272402563970724
1.277141101375193
1.2702273213016657
1.2590763013910746
1.2455961951179721
1.2164683698803087
1.259001498060187
1.3601703403494887
1.314069611359292
1.393145195299595
1.2475640263445102
1.3648456009636527
1.3781037635657214
1.4634642027190932
1.3229829861085505
1.5154872487000461
1.3344929660715583
1.1867070558963466
1.287405554638023
1.28565140283267
1.1588851137756035
1.302077450602742
1.3915210217443192
1.3318124990400393
1.245984402300206
1.1799789898257462
1.4193902940228729
1.256187729194482
1.2941003572986665
1.365906073918335
1.2634178896186645
1.3502392766532456
1.272049048826393
1.200406417056379
1.2108274204744254
1.2309824355034789
1.5689303559075913
1.3600619171227506
1.3071578484168305
1.386467105502804
1.3991820028093405
1.3288603536995214
1.3500960895193772
1.2494325280752645
1.3398419980199177
1.351620398282852
1.2145924668454877
1.383808977115999
1.236871827525178
1.3061211874173768
1.3165488796869305
1.2339677124924822
1.2366234954712834
1.2921209959928917
1.346589669448815
1.2141496542816008
1.3487962954298298
1.408998540377263
1.3314613271086806
1.3138969128052256
1.3373867613365793
1.2409571142707283
1.3118477743601327
1.2492163161502725
1.3749114667217621
1.2279204095235385
1.286225364633713
1.2264691650414359
1.2156461497662983
1.3683065312098595
1.437066654383844
1.2968374899760444
1.3388948826663403
1.305687073754725
1.324280531758273
1.2941018591447058
1.386657135934499
1.3087542012227897
1.2982834170300246
1.1474065187982543
1.3217764537781107
1.412808893321109
1.2929256056385623
1.4620887749692124
1.2674846697506261
1.3723143428082787
1.5313518455969792
1.3602659207859757
1.4220351994447131
1.543919397429723
1.388431861219084
1.268150977390992
1.2524676290638623
1.272607116825638
1.2847626680679158
1.3038491460892685
1.3045708470024877
1.2831588751427208
1.4202112141691896
1.2230687438151784
1.2252787711479292
1.3252020904020132
1.352681579511121
1.3639765760738367
1.207000740212366
1.366765054177387
1.3005884115446167
1.2766472148802814
1.3709637310486584
1.251265938154034
1.3188866850301946
1.4319910583828481
1.3165534942840604
1.3321972554889105
1.4205929696522632
1.2241454292721885
1.3645527626613727
1.3147133681397598
1.20477032530021
1.3180082810567666
1.2048407679533062
1.3918347195855671
1.2244201855827423
1.3664535012590728
1.3251819908085898
1.328817637742829
1.2404654152028554
1.2916059198338357
1.2681926526040113
1.3726927260948454
1.3426395592327218
1.416029136749226
1.2770951659353604
1.2528288453450782
1.5117327683708575
1.347092836722899
1.2085073506087265
1.3013353646613919
1.3596429783248658
1.4759527186040786
1.2911626644715612
1.2747993197607699
1.3172160299138262
1.2747237674885354
1.3496475438911735
1.3576370598800882
1.3791664315492835
1.3442084076478873
1.283957170117153
1.2200239798420514
1.3813936014870043
1.3950608329483443
1.2559395119595214
1.60125596151182
1.3253768910877204
1.4042584171117614
1.1891530700563935
1.3630957969282953
1.3827410559563085
1.3474417888055996
1.3216074987926152
1.3508491328189791
1.262726289807024
1.2678478789115404
1.382761887135311
1.296148467721286
1.5988343673966265
1.2949023822758203
1.3798608805401293
1.3705908222773844
1.427419786091941
1.222934394134341
1.38712256688165
1.232846210827768
1.2617075779682712
1.2844696102433075
1.2328923266280638
1.323497126514653
1.2274739944128479
1.1795758426476461
1.1830458212757058
1.2128893135122731
1.2525333613707403
1.2938020337212643
1.470914017963551
1.3221762222416897
1.1973826740686122
1.1743429518579516
1.29472814098232
1.3018519861307234
1.249195482189286
1.283479479755768
1.3816529557682895
1.2309200998449503
1.3261617377724595
1.2444510474104544
1.3864148055559267
1.244903019738047
1.5753728514305596
1.4327781243828799
1.3439799102747185
1.3417097070220358
1.3967219572788152
1.3201716593106019
1.308426588199036
1.4566537558924464
1.3514114292445178
1.3840919939189138
1.1815981274783034
1.354573597549171
1.2934439022469462
1.4598423897330965
1.2698466360764162
1.2376350253272115
1.2824104256017772
1.4238988220033992
1.5499917258209677
1.2348282598942606
1.3517468928125573
1.2396621773005065
1.2988115341359967
1.536290628975865
1.2913196508855544
1.3644949949879008
1.2589184219234033
1.261215632479656
1.3717484245103075
1.2570009480282265
1.314682038605552
1.300978552546556
1.267089895641528
1.2673947326746726
1.4734711889094951
1.317387724006829
1.2594686073916292
1.2307152038174332
1.4188748785600331
1.2460826173523691
1.3518381526333803
1.2643789856661143
1.334645474504279
1.2192561131913562
1.2866331836926728
1.3210599061348163
1.315773251534973
1.3023389579591107
1.3615213418995586
1.24838780287064
1.3815030413247142
1.31886325977663
1.213756789023603
1.2430221091965235
1.2917553026235034
1.3761204912647067
1.282828649580565
1.395714482761534
1.3106891681508497
1.1948884881843969
1.330866394262939
1.188238850360395
1.2947822012270598
1.2471714947899024
1.3000263296701402
1.324034454015791
1.2648936739520602
1.214880302750521
1.2974409024955575
1.307165556158815
1.2845759222244668
1.2597285537906227
1.2498519638772458
1.4256064493315477
1.2705973877625052
1.306577807537468
1.2823703731455682
1.3945996160961514
1.4161808127184499
1.2788674190536042
1.3221782243534739
1.3398689309832852
1.2116811656560649
1.5949385597469279
1.2718201205291446
1.4044214628920395
1.341738521428784
1.2616908695944358
1.28367320281792
1.3652737407719655
1.3644082129991084
1.191066789035991
1.2832026797542597
1.3279357866754329
1.1877472181770776
1.2984889846890089
1.2803300322087376
1.3013450611885973
1.1981462999340085
1.3211402452502234
1.3141713902573284
1.3880198091800027
1.3040597074936922
1.2126418235158711
1.3676110555229248
1.1534025826724699
1.3337916165641783
1.3122775279348533
1.4243350960424626
1.3090467640911945
1.22523901266648
1.281545056434545
1.282752000495821
1.3427600531867987
1.2185852463129654
1.3167046123526978
1.2012408416125158
1.2515430080114855
1.4132490864289158
1.3079201415107082
1.2821598955561686
1.3538205662587242
1.2369392852885166
1.3053572401415678
1.6308596069603103
1.2829362127444743
1.2660496975731157
1.4103499580945498
1.304798200579787
1.3318646936240053
1.31538811391556
1.2972474417534259
1.2546876783086773
1.3360964508739952
1.2332736618327502
1.3721501231981499
1.3256578276297668
1.252929874023937
1.346807177402337
1.2279359235240863
1.4439277316368917
1.145364771877327
1.22612034451755
1.2670574806707897
1.2469431681094152
1.234160216496386
1.262238628286436
1.2852496417403199
1.3355887977550605
1.254334480899506
1.33279667833483
1.3266976924879788
1.4910589073399478
1.2940309415659739
1.366609578245801
1.2955324081843171
1.3137546827218698
1.3236184475341946
1.2425747995175793
1.5008531144904804
1.2578442805519063
1.271834754616441
1.2859255516816646
1.3707318623150326
1.296590375047115
1.238120406177578
1.4552901233539486
1.307157432639074
1.3190520073684995
1.315985338776543
1.477428755628737
1.228123811730622
1.4693369371337017
1.2912105153103604
1.2903830294622247
1.2789511323326148
1.4073012217279628
1.187887409677862
1.21916211487518
1.376494019204189
1.3819509180026728
1.2980236971703514
1.194386438010644
1.2932829312591305
1.2637399179982034
1.4228547445639328
1.3279730939135148
1.2645563174739345
1.314409293094152
1.328219431808564
1.3500128689803461
1.2720025460252196
1.3959965936826368
1.2887218628955492
1.357290818814013
1.2644671292688523
1.272960894950719
1.1957416279205555
1.2989552500962926
1.2622418568137501
1.320707472486919
1.1901864250605056
1.310071539412292
1.2073805868130827
1.2640958594101792
1.2956966964026158
1.319336444328958
1.593645663253028
1.1702200736818362
1.3400471562331773
1.2924937927848836
1.5415566149359035
1.2727048273061676
1.2379409163499586
1.479107563465307
1.2682459558306889
1.5371785182646454
1.3058561410926355
1.3487663369326375
1.2570201715217821
1.2499819437578628
1.3918499772209558
1.269586935823817
1.1965676466123671
1.2652278043638732
1.3498500553275892
1.3299767146342838
1.3449783093959562
1.3480116274693679
1.2628691850402545
1.2738745675257581
1.264028579969338
1.2524593259176549
1.2107592225474861
1.2442114147394516
1.396552011316179
1.2894967596102607
1.338344159766266
1.3350157836048437
1.3511145080796365
1.2501801585210617
1.2145831503594422
1.2839748720637028
1.257657656481715
1.2240852671233944
1.3503510455777332
1.3145973567123335
1.3328559772825666
1.308957594728652
1.2732563306499307
1.2614202192085504
1.5118950456763975
1.178467250226459
1.3505444448770842
1.3411568594745875
1.2670105990461553
1.2819467141802499
1.3379265228209054
1.2273601515290367
1.3172169237207214
1.2376836824348365
1.352003651964558
1.3056491141654787
1.3403824168153218
1.3597195240091808
1.251935874759285
1.263574591014889
1.343673497179724
1.4240212749837735
1.197189419646819
1.214627257643286
1.3129607177368015
1.2270857788966578
1.3117255375912427
1.2860037003392946
1.2989181964816916
1.3276493563982732
1.307561930051957
1.3756490601061866
1.2544346613601072
1.2559751144204108
1.3437192868174006
1.3139859674063425
1.2587201685213947
1.3327356878499075
1.2787881595177024
1.3080951680275406
1.333939942192476
1.3755877488451216
1.2605103225063745
1.2760462088636122
1.2765143815262727
1.2718425978821413
1.260687175639831
1.2259976401014296
1.287521676498914
1.291938226054245
1.2546222120477668
1.2451366147289378
1.3107974068479946
1.2655355268526796
1.3805855108315674
1.4061488171170389
1.3179106253917876
1.3601758301731754
1.3409387673744992
1.2912245888262934
1.3313634918802528
1.270960453532763
1.3272235828765808
1.3186966250589534
1.2487843309995263
1.2172566951890378
1.211903527719315
1.3167337902658007
1.3127768360433654
1.407963885262667
1.3196443558868094
1.3037172879735404
1.1923233062833272
1.3057110274138632
1.2755609140030124
1.3388345567510727
1.3055743846722383
1.3033281799320013
1.3267175048847208
1.404277616345641
1.1685388163416264
1.5031686377207292
1.2794459552866746
1.263475923120283
1.273158048083877
1.3229083721301533
1.2621240584183184
1.199079188894073
1.3340811285839285
1.2333231119071213
1.2512416940939934
1.265384597738449
1.3365876235372618
1.2646140867410178
1.3393194556215777
1.4317118844010521
1.2171548939170975
1.3722919883363762
1.2607128051583767
1.376577806416509
1.2030354163482977
1.2405568710569765
1.3318820446272903
1.297124105019829
1.3658609550766232
1.2541134276375163
1.230814334114581
1.209632047759283
1.41746307351528
1.2605493708920543
1.3006210318904001
1.2461418042278054
1.324356440129821
1.2040051947419168
1.3929212288313875
1.38298345698913
1.2962260017583274
1.328683017690507
1.4791246579262933
1.31900207582564
1.2643864886110796
1.3449127626798527
1.4206073614092067
1.3833053799634174
1.2750999220062118
1.2351908947510457
1.3444673204585276
1.3405129247720102
1.2835311012044914
1.5047010720249165
1.310744754180497
1.35895380156455
1.4549365937221308
1.2856323045970333
1.2019018598951028
1.256513819783769
1.2369024447745753
1.3631542424003449
1.1944832311495261
1.2843867812030834
1.3721240089365843
1.2997590495085842
1.2166997669484207
1.2332989174087554
1.3426136748477515
1.2896166017793718
1.2407885556511096
1.2445034952740794
1.2426210994253857
1.220892941039796
1.2194600386265044
1.4086177170602059
1.3023056918260119
1.3248429216452688
1.2942903701564068
1.3444453239811167
1.321173138628604
1.2643694720294285
1.1623303109808378
1.3976874983677714
1.2849308586433208
1.3386963732349302
1.378149820482354
1.2595330243130025
1.1999218783954442
1.1758324548705565
1.2010428202086472
1.203626136610019
1.257357518276438
1.3028399129322707
1.3949219412685636
1.2154453423772262
1.2194494510394172
1.4283017402662046
1.597880995331584
1.2454505442571744
1.5076063851576522
1.3465990895672029
1.3182107817934383
1.2300366645944152
1.2360561350495687
1.3207428343162175
1.23971583242601
1.3860713399182203
1.2359166209648047
1.2864679976433602
1.3882343868300182
1.2935653087159484
1.4299582674993077
1.4579986497522306
1.422527811349552
1.4442421171352215
1.498179260726065
1.3186945150556233
1.2496195303446818
1.2948555511099085
1.308871372253921
1.2260872452676783
1.4256015616433644
1.3281712775012764
1.2819736623158184
1.4199117074941732
1.2816564211747123
1.2612204339491169
1.3781303144687973
1.3791323305216339
1.3046167817984213
1.247585195919032
1.3599471874644735
1.2123932890800675
1.2182281500296248
1.2840706791803604
1.197538199943189
1.2648251680382665
1.3583892825617516
1.3595164941155453
1.2917585807089051
1.2814350980978149
1.336973225417604
1.2307687208017941
1.2422532370491695
1.4430482090503944
1.2439788800357852
1.4103397339761974
1.3011137144206628
1.3250409034272634
1.2593193126430682
1.3553918590179128
1.2922956519298716
1.2687853520555057
1.356866151080635
1.4028103810705757
1.4457533795017523
1.2600270679073626
1.2559268191385435
1.2428876645934968
1.606303306974711
1.334088937817545
1.2739201691551791
1.3258678524683654
1.3107558841427702
1.2076496898925875
1.3879098975026511
1.5307910628255699
1.3230868478764595
1.2913676195861263
1.435549122033507
1.273796398214783
1.3328989418733475
1.3097346175562965
1.3080121057408811
1.3163627223219885
1.1812144151838846
1.2340241624403454
1.2341168548819277
1.515033790503816
1.2549186901149822
1.3928771950311793
1.3090334535801986
1.3897938236807814
1.3862099082596364
1.4406448859663075
1.3357629694078483
1.4197270174795982
1.1595557001877062
1.240259346785042
1.1748661705557732
1.4866332688138935
1.3211430101202635
1.2816018812592234
1.3101764290916047
1.2158519007978736
1.2129390653581003
1.309748319467699
1.231916319753207
1.2491391986311458
1.362229657933168
1.307353547259763
1.221362995717672
1.358526709340654
1.5706726144772003
1.2793014720940505
1.1654793055355623
1.3216166184811884
1.2732227337689515
1.3457743904091346
1.2903296054968723
1.3943768301999935
1.3196809963810308
1.468552923648138
1.1798662475380735
1.2796855112610217
1.2121922253051232
1.166300402557619
1.3881395290952527
1.226700405022173
1.3354880716826891
1.300894451618024
1.3934719521958714
1.489121289120533
1.2722202092932218
1.31968248922422
1.2665902283450778
1.3174085658991876
1.2522410459858966
1.3805946142178127
1.3657761820948116
1.3115074150356476
1.2992698725266
1.1786233948445635
1.2090882141728532
1.2969425633743816
1.3320953923380838
1.3075334112712573
1.229367486140207
1.440940983457724
1.29544737391327
1.2310896373250948
1.302076630406216
1.2897110263749223
1.4089437874450164
1.3414972201195798
1.2246273930732539
1.2748239990464325
1.3670559830097977
1.2716197254647
1.2999215138008706
1.265381303287415
1.2421531271089856
1.2954782692055193
1.3320464135084242
1.2873629199128356
1.362185795030465
1.3983288284306874
1.3312141241462323
1.1665333096869863
1.2348638100106528
1.2120019198298506
1.407407061046279
1.266994224021951
1.3500177019410045
1.2388414092741202
1.3013996669819572
1.2518250697037239
1.2309342902447857
1.2852899885027718
1.3266152473263204
1.3258457135190893
1.2197170873603633
1.2458820248026774
1.3224290403208507
1.195360315346814
1.3612372208120254
1.3925237695260144
1.3635172088874545
1.3204365518260281
1.3647769274412365
1.3351203666371922
1.3210682415561223
1.6136586984400443
1.2586440606997473
1.2369507795901074
1.265327709220893
1.259954328553084
1.3294718977093076
1.19397685879927
1.3033777041452668
1.3386958545418641
1.3320529157971266
1.3753220055024131
1.3161225885136658
1.3167175413792613
1.2819373790974724
1.3265536517935648
1.4212787600685346
1.2958023092150686
1.4443451769775826
1.5794218368978499
1.324575330754228
1.3247173536115695
1.4329375896971348
1.3006757911445965
1.3804142680667248
1.2372751404122901
1.245758817648711
1.3271190347074078
1.333199557209754
1.2311160439685622
1.2448606386857601
1.224027994978998
1.238740087347434
1.3190869432070014
1.2663490942466873
1.2868964747542773
1.2923192875387322
1.2196375054957396
1.2711286833581015
1.2139442051743559
1.2774989134208852
1.2144771760093955
1.2701334144341903
1.2898891919879418
1.2451920285513205
1.2715334998824284
1.166443880379289
1.2690057092083007
1.2184405649970766
1.2467781407759468
1.2701721018833312
1.2565632583299453
1.2345390381457253
1.217865589739744
1.3796033209722338
1.2693407411089332
1.2508156390862242
1.2347412171216217
1.4620255040994428
1.3116948768191026
1.4393256002143413
1.3225984381389952
1.2110140793623099
1.2178643868500696
1.2603074835358234
1.4030638818893288
1.4827710081654284
1.376628482986663
1.2510075077918101
1.3579813412393755
1.2725061095813814
1.3769705946854234
1.2529396937605282
1.3226037713107295
1.2560097051594779
1.2562205471601906
1.265405075293277
1.3309839807942558
1.305692085664871
1.347795766235383
1.3148971376115601
1.3665243629319115
1.4194896637699572
1.3393438051072921
1.344888089454077
1.3827651457130092
1.3165822905642832
1.2474633160749515
1.3582950238351867
1.2085490053831467
1.3746920087389534
1.2718819440707119
1.3389211148956421
1.2095865904916205
1.2708374227000596
1.4828670758652462
1.4702299549062898
1.2158442926751603
1.3603294191592314
1.2902569931033943
1.2616218721935695
1.2808050921780538
1.2782197906647401
1.3770560524831736
1.2739450124336855
1.4063162175059494
1.2386381632336658
1.2156611928703047
1.3808221611348097
1.3887337979599381
1.5134014067864523
1.296868456896047
1.298568973679127
1.1718619013495073
1.2510806735210906
1.3052018432551877
1.5009810391950331
1.2495258618715483
1.189369594754471
1.358706023586672
1.4555705624545432
1.318630960343189
1.2173984253459897
1.3322606953605227
1.2357786674734892
1.3169192482306467
1.4160066866986698
1.2634305355052364
1.3386219104423145
1.3507525814956283
1.2639115437207766
1.5245452567476416
1.3398576397074062
1.2352844185719924
1.165226563116503
1.2590397300400646
1.2754936826385481
1.257734935975388
1.270557113307002
1.35267746147248
1.3119261311445247
1.3515681743995467
1.3438578080668764
1.413537807770807
1.3752993759410486
1.2314663920257822
1.3573536765577874
1.2672746479980515
1.4123690371198432
1.2134068619813696
1.3076423299538231
1.2517927187944913
1.2711887860691098
1.3246543689959485
1.2664389166387717
1.386073017677882
1.2502460645882718
1.2230425182624363
1.190761315206807
1.2477922123944476
1.208473941263957
1.2093770571264275
1.1875042973282646
1.2003006008582497
1.3114305721506379
1.220875141458694
1.27473178305415
1.3234222282722596
1.4464988515730488
1.5982990607825982
1.2836857953301384
1.3615283539347223
1.2435186988019966
1.1889403604175548
1.2938959499972726
1.3465968984621364
1.3322074550530332
1.3107085265706568
1.2970636728307423
1.3273208828074439
1.407093484029116
1.3421997599628672
1.2787960345171068
1.2681817712986037
1.3502144765969495
1.3649044354657918
1.256356403805144
1.4432278810763746
1.5039582278003045
1.3073199696652904
1.3471053027202475
1.197465127282626
1.2614756849257194
1.2228532158521515
1.3083682437550657
1.319663102736146
1.248990835500304
1.3946429322065481
1.2793315385097295
1.3467187861107128
1.2440211782797534
1.2923433722714261
1.2856293645166226
1.2551971931908492
1.3608133909228077
1.1750797773995603
1.38006471454481
1.2979149002340065
1.2921087841650287
1.4440321344669196
1.4341324872855394
1.3093990832709737
1.2370185671073959
1.3921923402139087
1.3054536342899525
1.2610958099263128
1.2300124796515293
1.3404396628542565
1.5052120668529154
1.26795502444173
1.368234817329731
1.362691568074361
1.2972755939521259
1.2558364861996612
1.2723694460125108
1.239451690162242
1.231623175560478
1.339489325650556
1.3030069091377152
1.3161708916221617
1.4100690294942269
1.250186202129895
1.2869548181871788
1.3429614534359715
1.3253268124692146
1.1822546146160604
1.3892962447356425
1.303854249659751
1.301336276825446
1.398407494816162
1.3122096929274536
1.2583139651531008
1.410771920050751
1.3348256667930591
1.3584802439105814
1.241807918514143
1.3627253717900079
1.2765000815820695
1.3429661758904619
1.2550796827583772
1.3665640841217521
1.4934974168726918
1.3837168618581142
1.338768518784402
1.3397215836211191
1.2347783443186537
1.3011643944807594
1.2895131507386541
1.2814653366576856
1.2879449903216917
1.3690659898593232
1.301372444224035
1.3893407961598003
1.4031802997752867
1.3945701689891343
1.2460458081530166
1.3206273895943355
1.276851905727029
1.3396854570329841
1.358236376021886
1.243586084999905
1.2922392476768743
1.284222509679286
1.2142615814235231
1.293726176079306
1.296119081602046
1.3310641790159972
1.2193956266193027
1.3182161215105193
1.2351163014623838
1.3497179226349618
1.3128678855064306
1.3644475845430777
1.335556109019412
1.3755187340499542
1.3651838617509438
1.4434887251563453
1.3358047391049206
1.2459073586145835
1.254408142617247
1.2851786746534049
1.2328220969831285
1.346890373928912
1.3013832882921226
1.265966448810753
1.2513503784547728
1.4286161235611134
1.2793981994891135
1.4065206391129523
1.1993109915342284
1.3744941981298273
1.2736453992424457
1.2332367526827104
1.3659608521854467
1.30379853993173
1.2542243180747492
1.3223393570801654
1.3184486327207117
1.2359911396274292
1.298153509603268
1.2490632128350279
1.4452842299093291
1.3021663224186706
1.3024927683602157
1.2421845210091726
1.3471957808633084
1.349708566097964
1.3360539615825926
1.316430510286963
1.293850265870222
1.2864189268969324
1.317469324591677
1.3554609825408446
1.3275526104597362
1.3679580247966203
1.235405656421985
1.407311936460054
1.294086162439321
1.2255818386342383
1.2876214337960497
1.263455242794873
1.2965183344282794
1.2687540347795643
1.296226495296152
1.3243786155555541
1.3338277399200669
1.2930581260953062
1.289441353253667
1.334491483226596
1.238243378475437
