1.2767955483616484
1.066693145591388
1.2251293903654144
1.129519831966175
1.0258631448710767
1.0113973824710474
1.0456063655016041
1.0582519459747586
1.059776564476776
1.0155681482279877
1.027411709597045
1.0317932844091144
1.0464813302207643
1.3095210670304869
1.0260915500840686
1.0716821978779172
1.1513534202472007
1.1194896537130652
1.0780827515201574
1.1934461473968074
1.019090186473522
1.0254480432654103
1.0212911958511455
1.2228932787634041
1.2497920934424882
1.036553361165564
1.0403728973399116
1.054239722886997
1.138103636910748
1.6457841923966698
1.2690781755028058
1.0925263532496143
1.0339415200098467
1.0944423276291029
1.1913533062576251
1.1281710631015525
1.0372027305287363
1.3235286864010045
1.1854887773731255
1.020368329041849
1.0043325106651868
1.027053525974791
1.123822887820347
1.183374969453529
1.5896050736180378
1.2602801475486511
1.258451721012814
1.080248745652089
1.037309351997528
1.0195046902117475
1.186006958330429
1.7819210257123608
1.0242482143437088
1.0487249668910554
1.1839172406009961
1.0395491356344877
1.0409244296165978
1.067596712712171
1.0925268121264338
2.0334846207200896
1.0580965065325638
1.4016722214895172
1.137875617978842
1.0613959534763906
1.2170376563301992
1.0957112466297172
1.410798792418291
1.0648048032173063
1.018530391985626
1.4357295804180041
1.1484277657988153
1.1747447108009113
1.3742617949631137
1.3672681192069438
1.0940894254727493
1.1974770399747992
1.0749767755761657
1.0610252889801133
1.0219072140683174
1.0907485741032967
1.3175706182941909
1.0373995987647342
1.0139872275229056
1.003259267460612
1.064592818119957
1.0107761001786033
1.321993285604173
1.014351748045166
1.0127166645967218
1.111560593730753
1.02888631922424
1.0057698747567572
1.0431872217892368
1.228559445582121
1.089906563126013
1.9275618659627691
1.063650241859473
1.031933386595244
1.2751287240282312
1.1088423612684704
1.2567313715219057
1.0777161831910416
1.7701722181842423
1.0831549841343437
1.0315236780702264
1.0759750385236788
1.1696406430594355
1.228419906334933
1.0848360844156477
1.16712806681408
1.069871637965968
1.098232071398011
1.1437143228759885
1.066128896997762
1.078568014085841
1.0708389703260646
1.131434948365387
1.188012287576755
1.0340440035656733
1.1663768745233685
1.152360466038698
1.1012113555865766
1.029312627021849
1.2259221999073742
1.005179735024358
1.0444273596356368
1.0534904379570411
1.063602263810092
1.1264755037224998
1.031372859859601
1.227385657909822
1.0163650173931345
1.31026283038811
1.1197539690132434
1.1197769269280138
1.0812980499307863
1.1391054105521639
1.0593223862380008
1.032624504350993
1.0109748195964068
1.5013080071480653
1.0192200928293464
1.0289488914432998
1.079281643281395
1.0124760066978098
1.045897724567219
1.065026293054625
1.16872545299164
1.031878598673877
1.0242593043385608
1.0453863594739863
1.0540587566044128
1.1562187163186206
1.135748472925142
1.016631567483858
1.1125435085421995
1.177925072145452
1.161828804990909
1.2329865403044993
1.0153355467049567
1.0134559307352373
1.061626276845562
1.5243260271721504
1.0319962048514153
1.2276120395427312
1.1169198334710593
1.015112061852075
1.3878372652603355
1.1239423584715245
1.1168734907069344
1.3289389529948084
1.17634350720563
1.1387877536002051
1.120164712151226
1.0464447452881052
1.0158403197163326
1.1740447283831958
1.029604993140451
1.0948659164697627
1.3424525792434872
1.2251554811839256
1.0894145151915744
1.2479846095147409
1.149523285656577
1.0578301061635826
1.0752730645917004
1.0513651001129996
1.0194095505741143
1.1604588969009486
1.1365886288074032
1.025613236362627
1.023621907126371
1.1417862417949087
1.0641869658655254
1.0944822270599992
1.0486269961659174
1.0147241020208255
1.0499403564588679
1.0498764550828488
1.1346961599198568
1.0157730168654067
1.0285857369001121
1.017451687408088
1.005897171066191
1.026424788959282
1.0923491309522488
1.2143671319133615
1.0443041050355648
1.078341127428483
1.0750211840286557
1.0318490064943837
1.0757966537310275
1.069576291100328
1.0203298891761141
1.2369694632115402
1.1442337696729743
1.082300509566642
1.1123836303009984
1.0186921501667607
1.039888653807328
1.087912816815105
1.0316746017614096
1.8634329391888964
1.2172790776199904
1.061891904575903
1.245285419744384
1.0527844767543504
1.0105747015710291
1.2001590799286659
1.1464894105657892
1.156922765019115
1.0591346896190201
1.0259202696802932
1.0236182255509132
1.1659336707892012
1.0349369384178813
1.0980205376366141
1.2832258815412574
1.029635267507785
1.0985254572816086
1.1167025610032164
1.1019116908009299
1.4425675739592039
1.072986376051937
1.2060550475878817
1.2092421568623786
1.1527872436946929
1.0473662418341008
1.0810172951907637
1.08115556875446
1.0994274801599049
1.1070781650055035
1.060215466421095
1.093965604019076
1.060012106598118
1.0549482606015685
1.0697861808144273
1.1949599307704624
1.1016640075067958
1.4270892979598429
1.0512097707273886
1.1129462887962531
1.0132921104907362
1.9440603418971005
1.0195974380274517
1.1351105904324357
1.0748818824529367
1.3072615856670604
1.1242436691042703
1.014900389445285
1.1419308834720097
1.071711232431486
1.415299476746544
1.0895191766290986
1.0599251548671376
1.030670679641925
1.0361956829594974
1.0931879111101506
1.0179938119956535
1.1095325064281205
1.093901997652513
1.1830324416791436
1.8450775036369744
1.096666310114941
1.2021100009529675
1.0727849712955095
1.1023868899952547
1.2184001350098326
1.0388071063653468
1.015209800557813
1.080211627600537
1.0555348292133024
1.1114721873405442
1.1137305163358864
1.1045246510611304
1.1611149281114024
1.024248906533863
1.0532292895540503
1.0862846055016258
1.0232482710898985
1.1271968965019887
1.064339008410298
1.1010666176292456
1.2592154308038435
1.2890963927347199
1.049030957463458
1.0962559190979824
1.1227511893301365
1.0773847441982216
1.077315881253279
1.1694348430103312
1.0327701870258916
1.0809773799472904
1.0812602710355546
1.2068346331876398
1.0622467059684018
1.1406738621868875
1.0132543327486396
1.2789695991570915
1.0690454257335502
1.0090690427683924
1.023585098546972
1.0249466361950312
1.2494662739593603
1.064005108187581
1.0503738811974628
1.1265622710779992
1.2908316831771487
1.0114068215277299
1.0582196421052463
1.0220058386784767
1.030995212596232
1.02394974846412
1.0137688848918343
1.0015772232891198
1.0449899655168509
1.4016667213512306
1.0037584591057143
1.0191467100460119
1.072086292860467
1.0164115916845757
1.0352077087617804
1.3302447984970482
1.3969469622542101
1.16825028720215
1.0274973683435804
1.374374670030801
1.0328950393523955
1.6001292869066626
1.0474669712217313
1.1939797193811144
1.3443478705208782
1.0791260265768232
1.0122522809730041
1.0981826402355368
1.1318207754545695
1.108759633828706
1.0465755155368592
1.1758498864825448
1.0468660118388728
1.052608479201931
1.009033801872181
1.1152234341750737
1.3744742843977253
1.1119370710231387
1.1998980357802143
1.0641790115584369
1.0211434726846171
1.02436819424267
1.106701473605805
1.1545175900734004
1.0267746397373436
1.0842242843677512
1.0355309471501501
1.4100775860350414
1.097811253169639
1.0142231550381122
1.023915931119812
1.1656947174644487
1.6567612018976974
1.1072155577367
1.147380400920402
1.0482406768347041
1.3008503629014139
1.0079426035259442
1.0635564501415773
1.16028800521108
1.0324620377258504
1.0183358564508158
1.2172987493661462
1.1290395686927202
1.2073530496800564
1.0479401174545082
1.0368813028775807
1.082707271098535
1.09596059123189
1.1050959031902827
1.0325719004225118
1.1439512540233072
1.1874554837159839
1.1110215747307184
1.068666860834672
1.054152427455095
1.0194610920390792
1.0853192766945285
1.0506306352818815
1.2399547246185125
1.1600750851922814
1.082358779292354
1.0657002484346694
1.018153208280635
1.3355015980964187
1.0347529552133439
1.0332359996151637
1.0267212902029326
1.219171621990945
1.1535670088602334
1.0218707969199157
1.8542884474966
1.0204728746382692
1.0784327421595803
1.0731118208180161
1.2209528985929703
1.1415010361370233
1.0830325213246546
1.0504942303498281
1.0511605104687334
1.0046245892313943
1.0212492932335915
1.0602792710750206
1.3477288607489792
1.1601501438251702
1.0591336143923702
1.0385673137569147
1.020086539595116
1.029469886634188
1.0893627069259781
1.0207697420542974
1.0315638554236741
1.0862278841978266
1.0381864744311984
1.0737398836076848
1.0137423188432717
1.1379840575277178
1.8595241114063625
1.0912589568004893
1.1448955327753572
1.5093181194313479
1.1659261021503486
1.0679113688919313
1.0949306645768915
1.0576807499901706
1.2418822741816193
1.0255380901844289
1.0476043878824717
1.0051632481911306
1.2513048029399518
1.085747173556773
1.0383601544519696
1.0704267293574883
1.2297410927808614
1.178643746336673
1.010661375743971
1.0914906778849256
1.2184390269057035
1.0714321981442223
1.1276000940698654
1.2901441333183823
1.0307410725465633
1.0501288884860802
1.1012742074626098
1.041879214252142
1.0527681364343462
1.2910710593301031
1.0953559056300424
1.1233712814339132
1.1176668962403749
1.0065386187412586
1.1814775504081998
1.193080224621694
1.1232246089553182
1.3003161769848726
1.2001477975217885
1.0220857064425073
1.0137564219990924
1.5483704166544834
1.1188184566121655
1.460047356066966
1.0795087222519981
1.1070739412893527
1.1027068405992588
1.0264983194511679
1.121074546950559
1.1915547920871088
1.1379962960148338
1.0595867927094764
1.146634594911167
1.1869808780487676
1.0270907405759124
1.0770508025846823
1.1025862586132384
1.3173188701134388
1.1196594500129653
1.019294766471775
1.0395172385967721
1.0889713502338088
1.0391520802946377
1.0746088707231027
1.1977335055008764
1.0220446965024212
1.0749031787897185
1.0967517285558022
1.1117773283380075
1.2226398847929512
1.0905525404329337
1.0782846300425035
1.0687003171541087
1.307010095045346
1.0110056296255387
1.0488301722742928
1.0463466577066534
1.0559204356720526
1.0588368485141448
1.117757222934508
1.1734135985365248
2.2122359023196454
1.152189444673257
1.0248880098793045
1.2070585704713999
1.1004198284119129
1.076793003906682
1.1248931691450919
1.052711073558865
1.2002053884311792
1.0718030793328917
1.2357522940628167
1.1773836201166457
1.0750613220310696
1.1896338730187943
1.0184171107454298
1.4755542568352424
1.0241333301651585
1.1036951240573423
1.0861992034613266
1.0174447781774627
1.0502459510834834
1.0301889779911608
1.0365002253303293
1.3202587880886796
1.0654822769642354
1.0682917550298454
1.11853000727306
1.1572781504124745
1.1075916050799508
1.1016467910368812
1.0367956001022463
1.2777949602291057
1.0330243775092107
1.0301192199013096
1.0629272432761183
1.0115050654146118
1.0832967448010686
1.1958270996678264
1.0600621824423642
1.0468415794921653
1.3541792913751223
1.0849009016576536
1.1248712405591792
1.0614080774792531
1.0411147029371437
1.1374401274737131
1.043976212043893
1.156842472138593
1.0345561781119403
1.0160270643685052
1.040298546447513
1.0713847503045995
1.0862334872329806
1.041436271806685
1.0805278261857933
1.0656577350680712
1.0117422281364257
1.1121193415633184
1.3729955906347013
1.0951224152784158
1.0227694582794837
1.1366379323382427
1.2155130549222974
1.0366674685034267
1.0271133152184924
1.3877140713271148
1.0389104757237237
1.022706419207894
1.1475442993094478
1.0638479803368797
1.3211617504866553
1.0641747510657238
1.088847356776697
1.4651704257145866
1.0483405958657048
1.1167619198566772
1.0606027907020064
1.4352878868019783
1.0478746335522007
1.1660202933380261
1.1906658115922355
1.0493549095230699
1.0229370484395925
1.0415882950666833
1.3338752366405262
1.0122586386551837
1.015023865389258
1.0157089387024234
1.087355550746817
1.9593918781843065
1.0232049533178023
1.045584689007256
1.0539384834555705
1.1058463622811583
1.0427270141167722
1.0567068617960076
1.2492311734466477
1.1128564793445543
1.026878870334452
1.0862669334685715
1.1098907628043164
1.2230637088801635
1.059039633928684
1.0997573179638838
1.047893526423054
1.023167823272695
1.0256832611094326
1.0565708240418097
1.0611194983493644
1.116256698649097
1.111868229641657
1.0947508958756014
1.0474943164247084
1.2150793159020086
1.087009138169483
1.539653094450351
1.019183080596481
1.1634825000558322
1.059039490513704
1.04569044198823
1.0243417983393697
1.2013704433044097
1.7990615341456961
1.2056339948514283
1.0628165258216908
1.0526805710449707
2.158811869748723
1.0231430649100992
1.040288260124783
1.2149645538542229
1.0449179270621987
1.0288499940324267
1.2853063406351675
1.206408336686802
1.08323739912345
1.0565692672506937
1.076458596348192
1.0365845981084936
1.0048546517812424
1.0179239383732774
1.158897300556835
1.1929848276394868
1.0315181012502197
1.1299786785565498
1.099735021307416
1.3197908289983393
1.0236685193438124
1.0128574563233128
1.0833306136114529
1.0203191420359812
1.0137100155393308
1.098959509391446
1.0352013549764882
1.1051485169073756
1.0217137758888641
1.0209542087867807
1.0200975109195114
1.0917463616569387
1.135458701692164
1.0903247428016474
1.6469891759871629
1.0151297970591089
1.0960387976603976
1.0226680163127884
1.1072950896318567
1.1196477414169042
1.3033664653196702
1.0191592763336432
1.0106364139653985
1.1072074358363857
1.1165484063490185
1.0619156967954857
1.1506248601288118
1.0857088742747985
1.1753743035923994
1.1344567170569788
1.27928282469062
1.100615053838469
1.140093408135952
1.087849842700721
1.3971481837546065
1.1418174026230243
1.1123655491862061
1.0016389038727884
1.0356814003054853
1.0446515008411599
1.0935682318867987
1.1737699280145948
1.0836699258127123
1.0808529415377008
1.0144661934545414
1.1604161317106614
1.1874023147233266
1.0368819511400111
1.1095431618308422
1.1413878205972101
1.0401555132542664
1.143736980737003
1.1817931690012708
1.3020684481643432
1.1462339699124877
1.067949158787581
1.027877210784345
1.0759285372739744
1.159603399314404
1.0325373500934238
1.0558031704096598
1.0662669232238469
1.0219753759296004
1.0538734022576466
1.0263463676429354
1.5797671248020209
1.3986157345240513
1.6867628005489301
1.1155637613142864
1.070129172545995
1.1204290424247119
1.025971094075863
1.1447250262306077
1.0539231743319972
1.0714178150487539
1.0164525413140286
1.0561892668402861
1.037195769646626
1.0145787948561062
1.125867436358217
1.0598795078133036
1.0597009772553838
1.1235123567615377
1.1191652855292424
1.0655853125920185
1.1000332889660986
1.052785435672349
1.20802242176151
1.2774498899567799
1.0565621332479662
1.032533348021412
1.0215526405339066
1.1074212101375607
1.2923139147359992
1.0114051046854833
1.2290857571320026
1.0232386452268674
1.040261105905935
1.1130113757673594
1.8039153342950534
1.0583297798297948
1.0144000838948233
1.119363438436645
1.063071548778354
1.0200241408043067
1.1067766606384732
1.0508014024439893
1.127500155113541
1.0734472873449206
1.047748023766064
1.1191025341760623
1.1275828159789263
1.028464437799194
1.0481714272158222
1.118709861447195
1.1869900453226212
1.1333713891365589
1.092420448627806
1.1339279218420064
1.1828470876188257
1.0205136355911328
1.061682270690628
1.026635759429511
1.0327422503741348
1.0171846504096107
1.2171283147403453
1.1788544840236668
1.032222981000094
1.1449124981509982
1.2441184011234134
1.0156641559948225
1.0176179219714017
1.1241735091063787
1.090045656898528
1.025992404031274
1.01409257251557
1.155994538325804
1.0313124219949215
1.0696363485362685
1.098060757401751
1.2799698057543578
1.0620325764176164
1.239276652037408
1.0776685143306723
1.0591467467698306
1.0203469202790463
1.2361993465193741
1.1470520848047554
1.2137419103546085
1.0675049420998122
1.2416422736103554
1.3400473044635988
1.0683477934403145
1.0261727654517696
1.0689630843693034
1.1119385097230803
1.1557916282209355
1.0373419170102904
1.0277235459709408
1.2653026745617888
1.227314841071537
1.0699270955751559
1.1063750928800267
1.077789706039033
1.123712255049923
1.023177739745956
1.0817004666399903
1.0507432241556798
1.1521459722702856
1.061715959296668
1.101281658929105
1.0104530854903222
1.1259435698404734
1.1755505351784552
1.0434218894878207
1.0189242798936549
1.347604124430243
1.1475516583614973
1.1167420255825797
1.1173212071134695
1.0176171238002223
1.0088042026020383
1.0993369980788645
1.0464152134642504
1.2068318775427156
1.0715054019572396
1.021507735411421
1.1858084252713152
1.0836590878292096
1.0075716980035938
1.0121593469041326
1.058812052979045
1.0776601625647242
1.133391433981743
1.0357028305515772
1.0261043822775522
1.0919837224134588
1.1990390419674555
1.7111545077961403
1.039185191093095
1.035242500726025
1.4711964373635795
1.1235025966536003
1.0858416109408964
1.0465808101976157
1.0364342905084374
1.0557173154340107
1.20303739538505
1.104172595718673
1.05466194636302
1.1025705571025832
1.108469516642133
1.1670961115705127
1.0362380738770467
1.0142978735959671
1.006424637008006
1.0875578450585335
1.1388183107601832
1.0132874016369882
1.588699617211635
1.046392378680566
1.516811988792164
1.5517078897551448
1.1231722466482659
1.1320859522158344
1.1758822258229435
1.0380231223218177
1.2917421118265553
1.0610790768378076
1.0444756914573372
1.0770605640560431
1.092388290082672
1.2686228674102935
1.0682245901217386
1.1358280617167071
1.0316917433854904
1.01482125179293
1.0639925328688642
1.0312584068016284
1.020683094182237
1.3035335380210522
1.0535454363807162
1.017116928032532
1.081668878754612
1.052192486920216
1.1249822794410418
1.0273711389168843
1.0854116977848762
1.3267953091885842
1.037971830246728
1.0385949428002486
1.1136423831312634
1.0023663366607136
1.2532835943190996
1.1759819534138307
1.1766311736536725
1.0291317790598868
1.115956394957286
1.962081922265829
1.0272604842847164
1.0310788900998737
1.0271043158205009
1.1822943588370025
1.0800081788976088
1.2503241708520265
1.0692381538683928
1.0906536461163612
1.0357473367011354
1.0087561622061125
1.0980771440458077
1.3380599324235873
1.0430625063299428
1.248713782164757
1.4430781214632737
1.2539272386972469
1.0525443955983744
1.532818217363537
1.075035125992944
1.1517856829137656
1.0736505094129352
1.1456751580712696
1.035263786477475
1.1125912885972398
1.0827072333631227
1.1527382054909303
1.1618274762550678
1.328137109966556
1.1959453785498455
1.0647116183728969
1.1653390854048091
1.0408612289600883
1.033025485097889
1.0434005918634317
1.1872858334201928
1.175212261028272
1.087478548476921
1.3476669934692707
1.0279755729797586
1.0219289725441407
1.031805634953029
1.094639605505609
1.0830156730211562
1.0556691113049008
1.0660758812268325
1.1194250772907808
1.17152719057126
1.2137044328770596
1.2967561211679741
1.1123640201690481
1.0357294272038886
1.0923999128560524
1.0354109637969173
1.0183131241282068
1.113546865048264
1.2086495684312104
1.053443844953707
1.1201105925805224
1.0501878372073974
1.0762597986347002
1.03032316358849
1.0356043331816416
1.1242816467088783
1.033339025575244
1.1329296158162634
1.1014904094078533
1.0189750676173157
1.16955667402707
1.1472586323222829
1.1094402718547745
1.0575369093342186
1.043286468508998
1.4052655751136598
1.0173549333949539
1.017819913757107
1.211264145964898
1.0338608009837593
1.080412851069752
1.1041781469627894
1.269549586389004
1.2399897105058786
1.092888595925186
1.0314094280715014
1.0757104057069191
1.5367508057472137
1.106912653039265
1.097567489966775
1.3991495542518737
1.1170546229225942
1.1248664285445182
1.161107625585067
1.3374684990197188
1.1036720114186769
1.0133921356177638
1.1535128493307136
1.0748057218958484
1.0230108235306234
1.0095050417935556
1.1173732354370889
1.0319003033227394
1.013972958061575
1.057301452761172
1.1021359052904058
1.1920779630908656
1.0774008432707445
1.0734644477958262
1.1200847163544378
1.0740084634248752
1.0947162615911563
1.1478380822966274
1.0349695185660015
1.0397134913829962
1.0352944090871643
1.0597261116953383
1.0923456435128105
1.0098016781037467
1.2222101807461925
1.1077454172600576
1.0383597518089007
1.0021149792777035
1.0365394021671437
1.1382782524831971
1.1738858566965784
1.0941454892481808
1.0294997236804806
1.1296522291842583
1.1096874316832703
1.1403231936575162
1.055542602135299
1.0586690821965221
1.462122998093688
1.2548694833948486
1.0616571877323429
1.1004318734956795
1.1189422404118425
1.0147190219626234
1.0082290885951655
1.038297965380505
1.2167183572258844
1.0652843981437934
1.119104570298399
1.0823067949147962
1.007338993456058
1.0142935359226923
1.099411398377976
1.1029342369380744
1.0530290318944677
1.2848802632761078
1.217778164921036
1.0326000470559265
1.0440294265524461
1.0912466611507667
1.0447925150333603
1.0659177837952856
1.1101707838231494
1.1773731351017966
1.214327687611427
1.1025389596015698
1.1308483558320492
1.0275165901784593
1.1854973336779502
1.0293938296424316
1.5040890615360745
1.1217355125042074
1.0169535164706418
1.061441216748722
1.077912575031286
1.0479706766401093
1.0599669611607014
1.5018137938980038
1.0061421615105242
1.099462773764627
1.2397438938056973
1.0398556390712559
1.0709850144384463
1.076112071313773
1.0187539638920093
1.0688571618770644
1.0459343900750107
1.0304217788927328
1.0430854117511348
1.2034836542186704
1.0656915620881378
1.244320879080961
1.1160681635262375
1.0161466956872924
1.167938869563866
1.0174353600568404
1.079279210489029
1.1126376241464278
1.1151956020987233
1.0879353834350447
1.0530129869678342
1.073870369966223
1.036262238478285
1.0288708130167552
1.0960269924344017
1.4919986859551488
1.0632890577468839
1.1524698770588166
1.100747487225908
1.2932802086124833
1.0826191819717017
1.1972824648104414
1.0260579774488856
1.044622927656275
1.1220202577309615
1.1790049831498448
1.7415118216272074
1.1328824361107368
1.052691093471771
1.235447921219339
1.1308569085788012
1.1206774929633037
1.214729332937841
1.118098307492346
1.0160505034083758
1.5920148768290803
1.0870195402942793
1.0252057299316142
1.0393423488063815
1.4828413622469296
1.0755835457796143
1.0502490925314858
1.056854876826472
1.0729071086646236
1.0865292032037126
1.2291105680595165
1.00962429371128
1.0639470572005394
1.076065711732423
1.0444401419694416
1.0185377163347193
1.0104143601363862
1.0525884663282854
1.0437672422929192
1.0199721069007475
1.077480030577436
1.0690487773973536
1.110328456670415
1.040362332028813
1.0160189526591588
1.0493634630925415
1.0572129116618156
1.0998610232505788
1.1825672274547328
1.4948904435830803
1.029705537555769
1.1108327428588771
1.0390238838681571
1.0861195592381425
1.0175789753193043
1.0085731493498051
1.101766851645572
1.04230096407959
1.3462263162832258
1.1309493318830413
1.2816900779730038
1.079876962627156
1.1174871758381346
1.2714025829066813
1.4352171412036605
1.1782814015763232
1.1266550724863251
1.2290410094927846
1.188064291605527
1.0147319423136802
1.056241722068302
1.1562721640848128
1.3016787194972403
1.1154919682806057
1.0669415128157993
1.037410396022178
1.0378645157664461
1.0155425969162548
1.1419633288233015
1.1408743883167305
1.0219540198209978
1.0454518701945208
1.0106764847340268
1.175589732330293
1.0657346757465262
1.1367767715734767
1.0051923642451726
1.0507488425470457
1.1504133270047385
1.0927926427848405
1.0548628305854666
1.0378723859641747
1.0111484957547723
1.194077126626653
1.3505697976366242
1.0697488752326119
1.1379017065060566
1.1138575524361767
1.0758178474842632
1.0296418901102649
1.0623668599177252
1.2528585031508992
1.037461496785333
1.0152566617222807
1.1520700300416356
1.1038848574946636
1.131472525771754
1.1914601831668346
1.337565397942036
1.0397232014703877
1.1267964218382662
1.213285209203256
1.1667822908160523
1.1056190034904565
1.0296041764589587
1.3302128450704969
1.1624806009387696
1.0535883230311713
1.0386457107659743
1.0277959851454272
1.389413677608669
1.1588922757250248
1.1800679090564286
1.0257573478707742
1.0679896432758271
1.2085484247420555
1.7965439594712138
1.1948173254131822
1.024319092912212
1.0879539492441566
1.5324239379890763
1.0449937914991776
1.1220792225971594
1.0257866917135992
1.1416490173059675
1.1400711185107444
1.1005127549628224
1.044424424488622
1.3011749904735785
1.111456260008383
1.0061312967894163
1.0315712152848282
1.1272778752458767
1.0383627831168232
1.063738494988097
1.1208195487579795
1.0207442107151294
1.2288804759836105
1.112897236311984
1.0442568190302726
1.0259763457987336
1.063677464374755
1.0891949947477109
1.0442883941812093
1.0838211733021408
1.223715712579348
1.1691966346016383
1.1046017395714682
1.085116331055438
1.0425921769326132
1.0955342161985941
1.1807671490390022
1.16565635660079
1.007619823145436
1.088770200169801
1.0414022961973293
1.1940880479192864
1.1333321189909675
1.1174287212460985
1.1307356288170751
1.1412793596592905
1.039583462390758
1.851217534751904
1.4796911822714287
1.164040121917819
1.0422536768696185
1.0676701887161961
1.0850716196434897
1.098232996546541
1.0250074735525305
1.0259442044145086
1.095200455037825
1.1994493167844797
1.166473601667786
1.060657480552199
1.0875346956160832
1.1409876481261212
1.0744030231717026
1.147406482098459
1.083808405331012
1.1835081072770035
1.0641709536339297
1.0644430448205504
1.0856282791439125
1.0786024310541669
1.065750113452783
1.0471628017450396
1.078186158187161
1.0668681567235563
1.1082920931414109
1.0179325923280318
1.1843616990360444
1.0300681117934696
1.1334003662059329
1.0974568531563385
1.047779167034961
1.0408444905172658
1.017123430913294
1.0115540727489836
1.0380556029569583
1.1362159709399735
1.191020039770512
1.0781428663868093
1.166890039158573
1.0414724094564722
1.0519474228333459
1.1412477373999905
1.0967298154272294
1.0338564897139524
1.0595449179704763
1.029074016766503
1.0558292134125837
1.0503646401708013
1.0382458374434118
1.0483998452561003
1.0305998579586935
1.0236752633909114
1.281913514045166
1.0192717536908569
1.2967247448915615
1.0771692381828317
1.492923085708719
1.1412918230663853
1.706285973800072
1.0323976171989437
1.0345680529847132
1.035892820941627
1.0468419602300123
1.1212455803913057
1.1149042467742538
1.4677171442998473
1.0500301993603736
1.017365515385776
1.075074508299963
1.1392203477461083
1.0069485647323688
1.1599305467488825
1.089578542146184
1.0750347875100255
1.0279495640922007
1.0176036142461107
1.105812667637186
1.086305249879776
1.084819071738054
1.5918548926938234
1.1138307143750554
1.0802361208128624
1.1142301996146513
1.1976284460910422
1.0190796117762149
1.2184850561622607
1.1201686555563533
1.3338496392912405
1.020791704704401
1.0723698776548671
1.1484224057737888
1.0014218462925661
1.252170776862365
1.0367130752547309
1.0396321040738397
1.0595837628488227
1.0257778338097128
1.0827310249655875
1.0207439527208304
1.0402764193246805
1.190995149026975
1.093773230866043
1.1234532891927722
1.1131707872507206
1.0903456855223481
1.0738918481763016
1.0962644139132314
1.0599216177429978
1.0471309534156836
1.1099817884309793
1.0456876687534116
1.0161202620809495
1.4203134232206336
1.181852750832561
1.028847858381961
1.6998682573087343
1.0292739270917444
1.2070613883833472
1.0585390354143236
1.185152303651049
1.0172318067977573
1.1029283686289648
1.1773097047709613
1.2315745398099458
1.437413481367995
1.0108581723499526
1.311519891981801
1.079131613295501
1.3288709581037086
1.4918343327252208
1.0723455278375185
1.4321324397426893
1.1753502668987583
1.039157939519136
1.0457276966983715
1.0983499666844871
1.0286673556576076
1.0322970416751185
1.106626160187846
1.0262364614090753
1.122414299527134
1.1807717553618144
1.0453208479217404
1.0587590653302126
1.0166188110033374
1.189010886729001
1.1464020556494625
1.0608932136237375
1.3480337943856908
1.433967871871718
1.0426417900449227
1.0887321203965659
1.1183365593003902
1.052071025747796
1.2311150552673027
1.0700262701187624
1.2364421021248477
1.1682216220980721
1.0601842866392808
1.1247160735508166
1.0186111673480553
1.0126873744094154
1.1868423841815303
1.047772787084396
1.0892034104939126
1.020559676974788
1.0655721884919735
1.0427253250235466
1.05159218371064
1.0303042814696186
1.0627596623880353
1.010191772101649
1.1756896670656585
1.185043701139961
1.2373289877039813
1.0894937215160576
1.0478236999425752
1.3766375126303467
1.1407564124182308
1.0659484206934053
1.0771899049203486
1.1493244370404267
1.6847576409685712
1.0212675526771635
1.0485114004678022
1.0335381720457701
1.1068028281821731
1.0918955904025744
1.0676595974094694
1.0161922023788967
1.1356372973348594
1.1065913904411324
1.044521272309809
1.1988001787964633
1.1940991031585186
1.0551166379324113
1.4228392246228383
1.031321471488345
1.4046444377435805
1.0197522105233747
1.032608338095297
1.1376134377401934
1.2026311888806467
1.0678934650129226
1.0817123900630703
1.0717171703469648
1.039030540024993
1.2176220905982782
1.1479152717325112
1.5535443109340399
1.0809982987894404
1.2062281588787311
1.2003106427393841
1.7098644264247334
1.1505348102417698
1.1987208917746146
1.0182354529641091
1.0108435400283227
1.0288059888414627
1.0555720314145705
1.056335920181451
1.0720326971652245
1.1019506300594564
1.0275509786929653
1.0532995365548736
1.1231015440396135
1.3657940337410037
2.055010859716484
1.0378943850664768
1.0877706131901812
1.2237830811376336
1.100499001914963
1.034391686903222
1.004567842592428
1.177374808268716
1.0277725155068254
1.048042851975668
1.0621463925899848
1.015094756459629
1.3087095609667112
1.043580704325377
1.3169529988981106
1.436909567033755
1.0876791717910694
1.0205116974874802
1.3738872771673398
1.0424906166668473
1.1177341387156445
1.2851259519151252
1.9259952654813794
1.206534765912861
1.0103399143316376
1.170155593254152
1.068009838310636
1.3178603554918684
1.078167004523055
1.2095284261306103
1.153468398785323
1.1331132952528886
1.2577779291076263
1.0291279053155704
1.1573685915723657
1.0418531379750564
1.0454359178003976
1.989886245708242
1.0937890591197883
1.136647075243231
1.0054595123527428
1.031202798519747
1.208350324947933
1.136310842541397
1.0528964112661745
1.0161105041180354
1.0506008816384322
1.029989339001856
1.1606001312051895
1.1100416182646686
1.051575216648776
1.0283091715937127
1.1942041088193904
1.0626559310739672
1.0298895430919812
1.0067822733395473
1.1755333369597076
1.0215016451862093
1.018277809115306
1.0319363591371287
1.1299690811504939
1.0211649859257566
1.0592502969020972
1.0212318036645165
1.1610018798513282
1.016710562865354
1.0341701818885465
1.0564638434655076
1.0461052575126206
1.1974579089785784
1.0913838975711925
1.2645184140228694
1.177491994496036
1.1446123429021564
1.1200098661766762
1.0101368113409057
1.0884519137532858
1.0764183137384364
1.0146422182232264
1.2146071878827156
1.0617546138095806
1.0501775634136097
1.0375785753004156
1.123874851668396
1.2199603080059631
1.0070341051966853
1.0374655215839084
1.8327212241981976
1.0431632028408016
1.127115696831208
1.0938674253668643
1.2189436498710458
1.2264955772767638
1.127521524691187
1.1142108016168342
1.128915919934773
1.026318390513548
1.674469982639839
1.086192620978284
1.278920996593317
1.1508432563278361
1.0317952305146185
1.0202980574100247
1.1201080717835548
1.106283995030775
1.0833761098711228
1.042774782658154
1.0854817940168116
1.0556348476406485
1.1075889649191166
1.0337714660849915
1.0994004337079044
1.030914840433563
1.2430020912976314
1.022820728513742
1.0531368805249286
1.0263760816552119
1.046106835496005
1.1072865696452912
1.0120613153901206
1.0503243147156067
1.030037395268874
1.1929514879453378
1.288481030824647
1.0206020195125702
1.0334755779215794
1.1602056335480788
1.1403029047345423
1.0366181495166804
1.0348985604868137
1.131627069037297
1.0390642370974599
1.4450599326694584
1.064335201106192
1.0305679787632607
1.5842541116595106
1.0134941228883525
1.0234611773009892
1.265930192692129
1.0511976504632068
1.497031597901555
1.397040776751378
1.0769799485415366
1.0339992304269978
1.0444834038863557
1.0546739679330126
1.062646053132562
1.1118849399593353
1.0262143610277359
1.2296576046599084
1.1844145942044402
1.029780336051055
1.348100489179669
1.087761666748858
1.1829803318201602
1.0155391428032912
1.053181542135724
1.1416798926893617
1.0021629732520738
1.118216317566075
1.0870548997801919
1.0139253485870774
1.1167013611787495
1.0674761664143202
1.0470697999458536
1.0980789719894493
1.2794024981492456
1.0537522850991201
1.070923701490637
1.0193242855033666
1.0370982798729662
1.0321507146013527
1.0069035431114794
1.8540756918175256
1.0931409635195186
1.0155762849652736
1.0541371175464411
1.0202508215084296
1.016252081277304
1.0721254533519988
1.4417769582163185
1.0134916721015026
1.074287146510013
1.0512757026764117
1.430033847657233
1.005726429700505
1.3839145892058393
1.024012001494048
1.029863773796672
1.0393451863088996
1.3881069059692968
1.0359072755038754
1.0249140474320488
1.2446177810031416
1.2782920860145246
1.0277905470717903
1.3213575527391461
1.0990547599738196
1.037959375438639
1.319902123049467
1.1189678722125578
1.06415467027397
1.102504906224436
1.0545871807605818
1.2562243910146473
1.0719574250770032
1.2011232118055324
1.0872420234993874
1.0860625571611404
1.1354426604675485
1.036695634368629
1.1169451463430098
1.1069020416065154
1.0450640583988107
1.1085213002852703
1.0361003806586393
1.0977507814313625
1.0400571664902185
1.0459658222345645
1.1907169810530707
1.0656350989047005
2.0006740094343374
1.0219323367542543
1.1342823696853355
1.1009937716027127
1.259815630466743
1.0369413008907433
1.0396506127876222
1.2961996509262985
1.0271874182464353
1.543175977815163
1.1044127904034455
1.0665620487886107
1.0132697639783816
1.0420815070109195
1.2029144705291916
1.0615512308476245
1.0506677485349054
1.0512035978335454
1.0547152140425053
1.0791351277766885
1.1318249597675596
1.2565234382467692
1.013421943030774
1.0812576533593485
1.068412607280207
1.034065670160506
1.009714511459995
1.0466451882730339
1.5010150535133966
1.2005740463925363
1.4412172266823515
1.0784885086983291
1.130598136878089
1.1109855693786728
1.088578112893567
1.1023278065209847
1.0707861920388315
1.042881808665695
1.0664491411941148
1.064675698218444
1.0686102142578022
1.1335237622277345
1.2497424599246834
1.0564887084237415
1.8275581468476538
1.05280282308669
1.095403494281057
1.063925859178004
1.0323932029237688
1.0467121431845892
1.031319622454229
1.0857052321270477
1.0399544302498056
1.0334468502215999
1.2077624782778447
1.0609163265473185
1.1180374193132643
1.1389947234743085
1.0721888308518477
1.074424904376971
1.1717928333527579
1.2129707969929873
1.0537078595913967
1.0613741990919618
1.0463413544152658
1.0331944666937618
1.0140071700217124
1.15264091635118
1.0534705483391047
1.163494801862258
1.064289019541916
1.1514914987928706
1.4479475556910004
1.0451626581975522
1.304472350765974
1.0273138853910242
1.01185166812904
1.0681402580181525
1.060586962448178
1.1577063049716507
1.12908231577214
1.114661616399373
1.103626671247602
1.0196858714560255
1.0905410268422202
1.001536352242129
1.0496771037416779
1.0289045493068543
1.007044765661759
1.026994306566736
1.0202889392413563
1.024638592841861
1.095944925569934
1.1125285759206458
1.3151639406369204
1.167250667411648
1.0651507222197303
1.0519055917500595
1.068062149307741
1.01918485954846
1.0633987700853593
1.0273520540954832
1.07323999467436
1.1113956893581631
1.0027771285137903
1.0545500557045435
1.0125986083252991
1.1034166982641667
1.0325694469181417
1.194139174344614
1.093340032380672
1.5517974540442088
1.140471699266414
1.0368988210193975
1.02051982854559
1.1690657731984875
1.0501772959987061
1.0636832049015361
1.0481610306720504
1.1178206254858576
1.0227790795943275
1.4438161056233567
1.1968810173903914
1.0182608726277542
1.036033215116787
1.0999134322322077
1.0197901927711048
1.0787723304327965
1.0759708233038157
1.070189303494408
1.0839942517125958
1.027235129222918
1.229054634656564
1.0521310816165461
1.0959308290316432
1.2901744207660217
1.0713334934498022
1.1816670822828523
1.011304168489261
1.1066070076941938
1.0502483676409273
1.0397487479489982
1.0911713332047526
1.0574798452206278
1.130337507276423
1.0993749525404213
1.0635949929410764
1.1008852749832752
1.1840888625762096
1.0283103590392406
1.218566544883411
1.022293612667614
1.0201272034600535
1.2435999083630451
1.1447569594599032
1.1291528104258532
1.2628556864826366
1.1294358199585381
1.176402069104568
1.0457284718507212
1.1191854444018547
1.2232185040522476
1.1580246655841455
1.3987052487440879
1.1125693742898721
1.0438551764051314
1.1093809759519757
1.0510930069256823
1.048723754266
1.374690629831605
1.0752047069286386
1.1457644490858616
1.178418118895999
1.3032439928421062
1.0907362734719357
1.0987055964210102
1.015205093507611
1.1355329999520387
1.1055881930273677
1.0458448305808652
1.0709472045346204
1.067804505520659
1.1310494539160432
1.0495005867410814
1.197241341296654
1.1527498303886075
1.027243055402745
1.0810186935495854
1.0452317331258723
1.084608864748322
1.0522227246840643
1.1244964063605507
1.2107472096695258
1.0818743116465181
1.2242571747787712
1.1968287773891229
1.0941818351818036
1.049058043977827
1.0815914623298741
1.1931406683948658
1.0556476446767775
1.081928378010248
1.1560506952972454
1.049388448863065
1.164735459257367
1.0415285625688246
1.0247769119799341
1.1234279086432073
1.0785307088638938
1.1823677066251403
1.2550889207405693
1.2048673846641318
1.0775718477939984
1.3465989704376897
1.2954805178802584
1.0225248650291703
1.2058551464999214
1.0936901936776977
1.1906146333757448
1.067578432700934
1.040535753573227
1.0708114201483296
1.1403776347408419
1.1830683362815468
1.0470611115077797
1.0340015623214374
1.431595246720158
1.060672213693289
1.2213946335267893
1.2731474348645775
1.3050784177430126
1.4599701949174053
1.9541676616156545
1.1288930840212108
1.0675925615936213
1.0527074455055816
1.0773971385308436
1.0241612980409294
1.1105341534450286
1.0702197189089537
1.0904254802708366
1.1762550773012523
1.0726056130005557
1.0563607995921374
1.2067113128511613
1.1319384682258002
1.1239049449995946
1.0467324888648832
1.076096107583551
1.0451154588010547
1.029341069417249
1.0407918117965997
1.0104186143359108
1.0109029847358504
1.0823701140574717
1.1331641869508766
1.0400034412048356
1.053681715104464
1.2075962334664412
1.0760973355018852
1.0851850366721214
1.7153879251511948
1.0157227110753881
1.1041046082858696
1.0698342177787001
1.0672640957004371
1.028401470517858
1.1134072550352812
1.0276498622880819
1.1274674104473152
1.1476811445602542
1.4482845541631748
1.1285229958606156
1.2353838016592888
1.0176397970864484
1.0258789070740097
1.4797286746229226
1.0454453502894847
1.0757246949978359
1.0819679292491309
1.0163068302110043
1.0442690058665174
1.1132798869040514
1.395038108864162
1.0869645512066484
1.0697605703206552
1.117516117940274
1.0570991969802772
1.1300161810411493
1.0464778512554243
1.184970569489424
1.0590846909351834
1.011700379119234
1.0491967380872684
1.046649561630661
1.7085612163965067
1.0082918680642667
1.2618577178601411
1.0113837389248452
1.2115405123855976
1.1427132937428897
1.1511326068411993
1.0039640121204354
1.232159084943963
1.1131650335392926
1.0325552869024557
1.0846937874987523
1.2856459921471837
1.108914647799848
1.0235264369394883
1.1307779603505534
1.0148733427146033
1.0197920537727714
1.0391588311299689
1.0765843241057087
1.14555410028392
1.105775512262122
1.1709391018461366
1.0224404765477841
1.1736648288922933
1.3580119858939772
1.0400343410719917
1.0863280069569574
1.029966252570837
1.0276895876669576
1.1481216128289766
1.1153482951117428
1.2396169069923093
1.035239262492925
1.4798444421890051
1.0150054309485643
1.1066741586771163
1.0622933370385148
1.1167072000044294
1.2656892668665032
1.1733089698575832
1.1293405924769995
1.1672492202700566
1.1271847052759734
1.2682022122291656
1.0065362260736193
1.032146629375175
1.2433036233108696
1.0226015485487883
1.0644073366954978
1.0835514381977684
1.1462753639511996
1.1931288648358065
1.0236025004449227
1.0287850366292821
1.0738472606156086
1.0261492153465057
1.0305063946339352
1.0749997881198936
1.0813598585055517
1.22997363634536
1.0693642766801401
1.0164308022421853
1.0115652190104518
1.1014255181064971
1.130832536199052
1.1363497364272799
1.033765049527818
1.1975991723241488
1.1082779239523273
1.0999417027190794
1.0489275580075714
1.0896315257763407
1.0340643583988016
1.0840131961347543
1.1142725150407247
1.0561387976518468
1.0748958176412695
1.1708936727006214
1.1529378241492017
1.0605719785369943
1.0252726216979353
1.0639602197322204
1.3994177885956451
1.0467376213244306
1.1056045101522007
1.123368653724909
1.0646150727231463
1.0176850562454811
1.0599145309290736
1.1147611216121456
1.0626026096566792
1.032517089202319
1.0188336425652715
1.0249234834498369
1.0549591780213294
1.0578342103866791
1.2182092798521649
1.3552856888022695
1.0817354062853408
1.055864946741191
1.2764505243291857
1.1423776519201894
1.1404528671081695
1.4351373600385378
1.0458901338115025
1.0441615351675428
1.0623608231496384
1.0303965484265782
1.1143642250295314
1.1451205149016055
1.0610676334674551
1.1155492774529205
1.081456553775642
1.175223857771884
1.0553516822761242
1.022662978690587
1.0148218228633819
1.0819150890747034
1.1339716128001633
1.143320153584869
1.2058353058005926
2.1395036720065397
1.0597310629120467
1.5180155310290984
1.387263137196299
1.0731451483422123
1.2065350297394684
1.0258262882927085
1.0161382638853782
1.0549531765092781
1.131361384004109
1.0235525095086353
1.0442764334187238
1.049693492709791
1.112828124782333
1.1456940939940885
1.0332995235730522
1.0251827895158097
1.061154117890993
1.0289334433275448
1.0403172454875376
1.0486450166232548
1.0364751486607302
1.0428615974868203
1.0152621656370944
1.0430561092178647
1.034229213336669
1.0066291231744786
1.0270788547890108
1.351184555669544
1.0469850606856446
1.0305585948103257
1.0412546218480376
1.0103689576800712
1.1426011414532842
1.0985412427321792
1.1187776116598493
1.025799063152455
1.063091614046904
1.016955860340776
1.7713255053625319
1.1392272451663188
1.2095360638486659
1.2946409538267676
1.0134180351173252
1.037882247858059
1.065822160376271
1.1046543599047705
1.1468819777705035
1.209482778236748
1.0865513699055578
1.05322601745484
1.0505591767317262
1.128562709832103
1.1394326029185566
1.1083597980089288
1.008823051435262
1.0545602590468433
1.0264764334924155
1.0493639586153358
1.1170146027350218
1.0188605803234727
1.0100241231337674
1.192667055535466
1.3809806259453388
1.2387551858524128
1.1878456822873775
1.1556878191682292
1.0219750182172749
1.0133602646341644
1.1173951428591056
1.0153624868322408
1.2556794389039767
1.0875147593677732
1.155206523418193
1.1105966580666211
1.0584750538277194
1.2427840799953107
1.2315267481954155
1.0190232598336928
1.3076860536710202
1.1693432758733917
1.0234938951680435
1.070117257977481
1.0411350517548632
1.0927516305939968
1.086443838977617
1.5528643033936427
1.0964022100171897
1.0210842001327063
1.1322815631774887
1.1714076305933367
1.3870575699258372
1.0948184232759175
1.0096982895320274
1.109880732512564
1.090453138451862
1.2125654057182873
2.093910134379943
1.1577360153649474
1.1503809187678422
1.1958204261341492
1.4780849595386134
1.0505747233308662
1.10293578269394
1.0415626143558663
1.0126471140121074
1.057986102744554
1.2260366842486319
1.0402685856501894
1.1374873386858475
1.2131508445973218
1.0353999293597698
1.6216278633522874
1.1071497217709816
1.0932529780145777
1.0521514776501693
1.0258421791853096
1.0556710401811442
1.0264744619567514
1.0463432475765713
1.1206147382620744
1.0684358219353207
1.4307690652872118
1.0200827711003524
1.1856876115753447
1.0854632273833782
1.043171010386938
1.1821208288963325
1.0240672096592573
1.2037889565559978
1.05552732172344
1.058514613527667
1.0216256542816957
1.0750747134572323
1.114158734260071
1.0810414230321956
1.1876792560786835
1.0149395437828381
1.0868552838004297
1.058224675612066
1.1060575861464217
1.0043793541124204
1.0409477224749715
1.057811004186763
1.0432234313926358
1.1365218110422022
1.032996076639667
1.063458546143933
1.1082626453421311
1.067762468769992
1.2878760698444778
1.044206285639328
1.8555729858179906
1.0513079184526746
1.0115136069224604
1.0670414661382819
1.0756808332234171
1.0416189065396149
1.0458291007039429
1.0856990451419906
1.1118496586725488
1.2314637320216164
1.1853996709998964
1.0204619129874262
1.0305532987659825
1.1083674851443739
1.036241934456087
1.1355054180569417
1.4058718412843898
1.3089632947593097
1.1196817756008146
1.0490050871572631
1.0818370081894597
1.0636373648490818
1.0717345351111238
1.0944220415705646
1.272760382430578
1.0195941712763659
1.0958371504647944
1.0670534057178702
1.0986093400413615
1.0338196072297836
1.045877135763888
1.059758944429474
1.104607780979979
1.0807025940749633
1.115975629531903
1.0356464043963147
1.0640318868146232
1.0656823795480543
1.431429655654785
1.3099764107366427
1.1498921136708071
1.1175125267246828
1.3022448957966368
1.210581989112286
1.0165743937968117
1.0441605564534764
1.091195415672343
1.0769308209916275
1.062630122236411
1.1026316102001463
1.064288025541261
1.016087642944998
1.014561792718544
1.0857603478403455
1.0456698878247026
1.080255292202435
1.155080937439912
1.2049494004517471
1.0494921805700763
1.0961913893966806
1.0236269960429645
1.1180582210178938
1.1126905122081194
1.1093061138648146
1.0157747897160037
1.201596738344684
1.1142957089553431
1.0242954329740999
1.125853743421942
1.0199569618404838
1.0348603037004274
1.9125514757742272
1.0860681891183563
1.0749489460101311
1.0320760503686213
1.1597778716208715
1.0107022982925575
1.1169206038163464
1.1038444783858972
1.0796992956740445
1.2073080278497417
1.2719548152035567
1.495889250038568
1.159967950247837
1.0336876070826082
1.0279517594399534
1.0782440858089055
1.0571807362054249
1.0162087832367928
1.102747403087047
1.1797230557014393
1.3062143931647996
1.1307337642321367
1.1363560659469187
1.0444333373277588
1.082648137433786
1.0260819370583933
1.1178799616681567
1.9658078004786317
1.0149694686744402
1.0831249805784822
1.156104960618681
1.020175762624737
1.0713454994783524
1.0154591669913688
1.1548809958509427
1.0289475738541403
1.0437994036956006
1.1174733718681056
1.0925081740265774
1.0269374473174044
1.2054858390534662
1.0340347393863143
1.1294290655536585
1.201479722480203
1.3395873522185238
1.1423611121891124
1.0360244952631394
1.0329548109400961
1.023645755437881
1.0067864376937008
1.1062563922921653
1.0358188410417668
1.071357948030937
1.0713761956320043
1.4110024905336718
1.036080869891123
1.2677495140848816
1.0363648047302625
1.0948774101867296
1.037003387682309
1.087043929158386
1.2887368261981405
1.045478685440737
1.011722525095556
1.0887722863253064
1.0410027226670187
1.020172602768069
1.0867032911318606
1.0630267246242822
1.037651258127801
1.090672793620437
1.0206546310424456
1.0422631303835994
1.3555022864226207
1.1277200172646702
1.1016298428591071
1.0047523714085789
1.0629877548302071
1.0403164028169494
1.0156588070015118
1.1444285175079343
1.0161725490186788
1.3123621270092922
1.0080761982743407
1.1141405819741068
1.1246718514167764
1.0317208405837355
1.0439330927047703
1.07644494200417
1.0649912998924336
1.1120707480719652
1.0789927441090978
1.0680926605782122
1.0371455875497309
1.093762911951682
1.0153774181419266
1.0785069239654026
1.0249119020179076
