1.5970492173434656
1.301072418926835
1.4938861031259785
1.4915542358405214
1.3651294795530053
1.2525258018652428
1.3679671159432056
1.302939945659611
1.3410296457783328
1.3678484505533866
1.4389507416250846
1.426601156737522
1.3559332338070746
1.5416300545074733
1.409718070209723
1.3336606352696394
1.4610414455569034
1.3747831906196006
1.3768700400898242
1.5471479468463676
1.4360279182495075
1.3268674336352981
1.3982955704941549
1.558109882758312
1.5239235887788203
1.3330092807773863
1.3356183534396082
1.3607313111171322
1.5146807450052278
1.4870444455890035
1.3588978474876017
1.407768560080853
1.2797235947225911
1.3883764976235153
1.3671392127576225
1.4276601812483818
1.2779418068600854
1.4794176061369866
1.5313910601355796
1.3106742587236944
1.3103958586943916
1.367094311065598
1.377646636744029
1.3932159337597447
1.4358053643712418
1.4226901949431856
1.5325637243526722
1.374401508016803
1.438514188252179
1.327909339031828
1.5190514853198058
1.4213434703474466
1.3560941684341459
1.399626191103718
1.4106067420856194
1.445295663622996
1.3626335302092139
1.4610509295105216
1.470489263079432
1.585649301904773
1.3549616354869956
1.369129726781658
1.333188176449886
1.2600306193604127
1.5854580909541753
1.3626314568938434
1.3799074581407247
1.3814673624556517
1.329090484801583
1.380105582484884
1.426733674737517
1.4219141495205982
1.3372018553339264
1.5527913489705372
1.345735356860538
1.5003834295528677
1.3278810440845905
1.3620589692957037
1.343896382920417
1.2755665921560067
1.476673739960334
1.3120682404345054
1.4165371776364062
1.3029049322822959
1.2527652420889466
1.3300962818823392
1.5998284698009244
1.3592579284279271
1.3232582096622474
1.2346699728544952
1.34180487321573
1.3479116581315236
1.3913642037670828
1.5228127632455273
1.3831613579176312
1.4244731944782474
1.4436450810563652
1.3462324232906484
1.5287920426646302
1.366635024477025
1.5268533578179062
1.3027666988486764
1.5419959058374961
1.3494460830072637
1.3511426959487864
1.4165419482906076
1.3875123890653476
1.4251518553661215
1.4562269071308869
1.482563945163859
1.3028307989666776
1.4471114614306249
1.3650021426113539
1.326681834437399
1.2929863541544484
1.4168999393095998
1.437122054629568
1.4166012195254443
1.3903591623999367
1.5433441808573605
1.4597977575053154
1.4841419422047486
1.3577604326685575
1.5151365336240508
1.415067032849293
1.3508959419851454
1.252153091792615
1.3799866613616054
1.5034702768678734
1.3278134324410085
1.4081739746051467
1.4273601514693763
1.4887034742532812
1.3462027627574478
1.488167445201259
1.3415615336999847
1.3192401610139313
1.438856644029671
1.4147213031129509
1.2647732239072982
1.488005756989856
1.26565475582009
1.3025480069783764
1.4218148976664973
1.4051875492730066
1.2856338176576936
1.417310479294975
1.3556805222270483
1.359178676381525
1.3252820582394367
1.3923588675989726
1.3457264679623362
1.4707750235540737
1.5062509327402247
1.3141588800462596
1.546967989632422
1.5504810762770236
1.5180569903163936
1.415612224663532
1.3849073503997171
1.283472326674644
1.4101790236996534
1.4917274898424484
1.4199568564781204
1.4956557643257278
1.383431910295504
1.4481761020967543
1.421700423673508
1.3745764775454767
1.3627135773812178
1.5305973568294897
1.4782155314765386
1.377975035245201
1.493940079259212
1.3449596318548787
1.395006323675505
1.3259144723586473
1.311799394003774
1.518507744538554
1.4643852508690647
1.519896844207831
1.4275841930081516
1.4429260954167944
1.4058985015495844
1.4094015114175407
1.4846856996350815
1.302729332800981
1.3875323257086345
1.4305428519317807
1.4396833694052866
1.3093413735800379
1.3722942771299367
1.4396365406219518
1.3727719323306866
1.3758227113974355
1.2900262235706113
1.2645209477161083
1.226514517375934
1.3599593257716758
1.4875901518838703
1.3961403698357913
1.278942884548389
1.357267487317007
1.3802838349604512
1.4383454974819387
1.3900603929181725
1.3015283677315592
1.321030425455649
1.390499151820485
1.4208367987733386
1.3958888092996404
1.3287796830944305
1.4486141474662013
1.3079722391313477
1.4818695642583397
1.346548865305739
1.48578739438972
1.4867937724237612
1.3616582646796649
1.3897929852607414
1.438623356876079
1.2998366921648095
1.5962974635009073
1.405374469188452
1.3874822521660921
1.4598155611662074
1.3292551510930768
1.293186146912158
1.4656327968363383
1.466390797390634
1.4427495819408165
1.424738728733125
1.3148143562354089
1.426936345361361
1.5482982376228425
1.3038563423283505
1.4282244177054249
1.4866829639907764
1.3876235750363508
1.260383218144638
1.2362046441544816
1.440692357582616
1.2934869088266525
1.501077741614798
1.4593900272079883
1.516744829707311
1.429931919896627
1.3625453790398963
1.3566094892542768
1.3026141158235196
1.4000951705045142
1.3168968545286859
1.489640646444939
1.417243718751462
1.4479659640276614
1.4669933325725197
1.236259377742881
1.3148248484390563
1.38036803461436
1.4492591897443676
1.4220542623199375
1.4955656877919823
1.352749398355451
1.6302662894866804
1.3076587776215531
1.4298770655083661
1.2933966535526433
1.478924985872422
1.4735320781206909
1.3373833338398808
1.379113774071349
1.3575833467299772
1.4607404050194055
1.310509577238045
1.2458396087262824
1.337027128294813
1.2933777322506186
1.2426270709119047
1.3672905156335917
1.3731329182755017
1.436140980814326
1.4510443971100153
1.4934671412660612
1.4973626186377282
1.410627819056036
1.4076025840592825
1.3960752949306923
1.53878690831248
1.3075827829467717
1.4136677955825487
1.469732959832672
1.3772365970182174
1.2708668671206031
1.3186701995416326
1.3969716126128675
1.5076742215823382
1.408176937612328
1.4184987028359521
1.482939794217688
1.4476079068778323
1.4850847212418141
1.4212540282863455
1.431726038872363
1.427394729189055
1.4528505863855794
1.4004800519094724
1.4564484486084701
1.2579243533840774
1.4516848526108537
1.3805708219049029
1.5686460522492485
1.2737977202974287
1.387713812351281
1.3592646422988948
1.5198526556400915
1.3689521791572161
1.3331182735987375
1.2655503390757576
1.5282290804632306
1.4890722397240475
1.3642408839429288
1.3492761786026957
1.3461120862724119
1.5424371440549787
1.2760522967320236
1.3847558743721795
1.353505376908085
1.5353951682663576
1.340854078772063
1.3904383922362096
1.3859845475325296
1.4024458823841293
1.3573145322133557
1.4020942481675724
1.3443585161453715
1.2259360826122763
1.4555377689837252
1.4183387396777944
1.30706405638503
1.454538311469786
1.286628714412368
1.412364728250724
1.4581246338295233
1.623745306031448
1.261827368496602
1.3600958098557872
1.5583398718582449
1.424988298038907
1.5262892298052502
1.3778874326389023
1.464117209395446
1.6229575604308297
1.3630255099048836
1.3365974835610586
1.4963056749050563
1.4284736069879236
1.4338847296650123
1.3678256670667097
1.4586686378481422
1.3778986646891136
1.4414783126422863
1.4004142543283418
1.3777368816005566
1.528740921975148
1.3363209211824447
1.325752051099531
1.342912019472149
1.36169725657742
1.4326261060899554
1.284683136983795
1.3091741432156065
1.3927376238359936
1.386760915569857
1.3096706023738254
1.3336094501443625
1.4118142983935018
1.4376200865537445
1.3666470510708864
1.5155929940023112
1.5013773128910897
1.3424003234403317
1.3693216071579457
1.2832260100773858
1.5975144264693422
1.3507810367976658
1.3872215337772162
1.4282502150466787
1.2725494904695105
1.3739088649420965
1.3645395570260928
1.2697634842889916
1.3847125497431352
1.3814796327239223
1.3752679160479147
1.2855950929652016
1.3373984077692653
1.3423412608259002
1.316063445447552
1.3053383604163733
1.5665303881028987
1.546385830060448
1.376038440362266
1.4406791670743657
1.3931911766505476
1.3944092749441657
1.3547566864951104
1.5771589498852643
1.4863902123851187
1.511963649269978
1.3596570410119626
1.3771612787827285
1.6025228596488106
1.292589392528542
1.4123235948611879
1.4152561968124924
1.499407163973784
1.4659572750783127
1.32301194221541
1.5802882924752326
1.291384804434942
1.4880749665098147
1.3254269051511829
1.2814920090446007
1.5177924935297225
1.455389503074768
1.2762683312624148
1.4247981760846884
1.2639647200606257
1.3229977993143627
1.3939269311252949
1.5828843442603955
1.4482735724890186
1.4155461246445162
1.273488822476019
1.420547193137199
1.4063462520665777
1.3655837378842033
1.2590351757275002
1.3123615683904526
1.3677789650175671
1.4571111145721012
1.472953259689196
1.327133939624409
1.3428381771292952
1.4217428306684745
1.4033935767772794
1.3092341153738642
1.5675654695115293
1.3551001751505245
1.477817122925951
1.4468842628238583
1.340360648376932
1.4977702404629725
1.4091501974920773
1.3249292157439443
1.3708452284912371
1.509919422412094
1.3395198057585473
1.3148654224781868
1.3103199361046367
1.467678223669814
1.4407728582654802
1.3661605551194935
1.4742444937363697
1.4585880587958506
1.4524687099366904
1.3716081917520875
1.458548368459378
1.3260868426565577
1.4139906102521758
1.393597669562079
1.3656656318060985
1.247773267393953
1.2977956310888348
1.442689264372798
1.4382687506754137
1.3910668340485788
1.2468425646408925
1.3826525711979054
1.5226146153412803
1.3585656670908355
1.6039658015409963
1.5048893758653945
1.1932474808656353
1.3769122261649336
1.6105004578276974
1.4139850765969417
1.5438307197124983
1.357701571264589
1.3016544269264414
1.4538865003177233
1.3606124748521948
1.4240896072673277
1.3549507482702168
1.4398200923819715
1.4407942307135486
1.3034740348230331
1.5753614583648567
1.2814808936323578
1.366951535876772
1.4149341472923949
1.6230449825972884
1.4658201033260092
1.2821554426208877
1.4113449857788551
1.4008375758789846
1.32368912080072
1.2900457321440186
1.3841042201177356
1.4227988301369312
1.3509624401432192
1.4531180231775787
1.3825886827078027
1.519725543068995
1.525843952598069
1.343388206894255
1.2472459760471046
1.572187991480765
1.3855218223196641
1.351333330967207
1.4692395992907672
1.3200064468673793
1.4114070716490852
1.4624426499207903
1.4658010034695261
1.5898156849209586
1.542550407779238
1.367915571427801
1.5760595389178065
1.3260607558052493
1.404590704702579
1.5337780827943144
1.3690079422513186
1.4944585300173732
1.3286393482018275
1.4906190429432484
1.4296295289306693
1.3441530447192762
1.5044162168149287
1.2184151388551672
1.2967774334985411
1.3081670403086152
1.4244340817664498
1.479391497357231
1.3944835643441242
1.3559031572049616
1.330595471263986
1.3532487075233193
1.5046051351581475
1.4345225423484516
1.4425175609324732
1.4952850850771868
1.4737280337462644
1.4721993636633424
1.421289815586563
1.351677301882995
1.4450201528607585
1.406677320609102
1.2980537192108121
1.356944297430321
1.280550116761347
1.3845986973064388
1.3684419423506873
1.3384144227170625
1.4124618431383846
1.5432781415874446
1.2732316631757998
1.3172684154588632
1.3092475628438207
1.3409810295069622
1.422455267036929
1.3550408245912136
1.4512550613762485
1.3879160812812104
1.3362949351409732
1.3254942317853355
1.4343553411678114
1.2989680008056337
1.4219403794473096
1.379405838396082
1.3893393744370037
1.3564166975191525
1.4493097368815488
1.3305602435128947
1.3108483298418578
1.3781315689650628
1.507311751361786
1.4622715449656927
1.4443664433401444
1.3164165948859587
1.4181105585232774
1.4273148716913098
1.3652852870052392
1.4467332081122177
1.4653494498182924
1.4782370499933768
1.3220752539010092
1.4188109404857268
1.5345885223193558
1.4401177102442373
1.3483083647346104
1.433317200212581
1.3594165191773333
1.369078319783459
1.4909964061592882
1.3405122660522746
1.400762854993535
1.312657244355272
1.4540712720487317
1.3337848342961955
1.381736503246254
1.2638548593674104
1.3947156746288538
1.3519362896479992
1.5165120066927271
1.3628623002642126
1.293451395148286
1.2938027560319314
1.3487304580525128
1.3029745681701075
1.42187135338355
1.4903977992480208
1.42321891626584
1.2764286892478167
1.4177047837655288
1.3623540646067869
1.4771994807386557
1.2706996379564286
1.4530172971133142
1.2636520816637162
1.2248298960623127
1.373950514489581
1.2693761665376364
1.4032796537729832
1.4578515454821264
1.494239171791552
1.3044470508230015
1.2854864530396128
1.4581434086007592
1.4760682245458498
1.449389212166256
1.3955515576863105
1.342590286350542
1.4054052018945649
1.3058787863569987
1.328312409851255
1.554091885800571
1.5357096065816187
1.4519083483738533
1.4198488109063034
1.2330230966184952
1.5312405300169951
1.363728032671061
1.2613797034305874
1.4637445725086367
1.4249328328178283
1.3579471095801294
1.485478075918054
1.5647840432221416
1.482248360712119
1.372700971145712
1.3428616408338925
1.4471122497454982
1.339255669295951
1.3979315957797023
1.2456627136729057
1.4605890511155009
1.4103700582235041
1.3945573705467469
1.4432262242591891
1.512241336415035
1.3216752101633389
1.363740363415358
1.3108179258181245
1.3724797379980693
1.440731884191953
1.4760902899217765
1.3077525486437036
1.492031126618142
1.4116611602675238
1.4007512561196451
1.3894325059390247
1.3254534964058926
1.472639072027787
1.3482811751160146
1.4362667724651648
1.279110439565222
1.4129873699159468
1.4153841811190588
1.3714871189566553
1.4059242932249731
1.5900445867552782
1.344161087464274
1.3027640101353557
1.4328480716816343
1.474506683637458
1.3427425423272172
1.3792518678985484
1.402332085062174
1.4513766030957207
1.4098054721532782
1.4453332636165193
1.4249836863720249
1.310616121190291
1.4891330928556201
1.4545500128710787
1.3387718399416044
1.4232621248669237
1.3820967702961078
1.3691612380531522
1.4257802555463792
1.4267867930730223
1.5204336628488093
1.363998693896801
1.4072546622693847
1.2884355840189565
1.5232907840328174
1.5363277563048865
1.4027822514105033
1.3383494511803116
1.4346130744146357
1.3219511186314035
1.5237424818838075
1.451931073357417
1.5839945263993216
1.479045716827967
1.2951483416348206
1.3160671526136205
1.3434294830245703
1.4488040275605127
1.302823669956216
1.366049427449864
1.3103888877322019
1.4261446015256116
1.3311784446218151
1.3362254120307278
1.6416094730859239
1.3410943369429664
1.5830188748977045
1.500048912446776
1.341775863179862
1.474455002415171
1.4372809535896878
1.3554211723534766
1.358239372756978
1.26582173781033
1.320097486218117
1.3919568784012177
1.4491065401410244
1.3830497068162753
1.457059275172306
1.2353070253063694
1.4572639291634462
1.4494648530452452
1.4397264599029678
1.3826985285003917
1.4822049270025368
1.3389598114464576
1.5630234081403036
1.4533568586433172
1.2753681050059356
1.4389141410001958
1.412662297637881
1.427077559754302
1.4828591507168305
1.4213152948430567
1.4525431463885734
1.3531897088869353
1.3665013522693286
1.319679961353859
1.4175606381523924
1.3384805602271854
1.3355194136957427
1.3906430812168105
1.456434945420827
1.35482359246784
1.369483405476965
1.3289712915736231
1.3265510628341606
1.4402206900643912
1.4221228587125365
1.4609871863972366
1.2997532351480678
1.3887262918170011
1.2538173150913512
1.4215768752279536
1.5953565386037345
1.3006384499900558
1.3014467529844647
1.2869374173556247
1.4563031474153354
1.3655039919570602
1.4399089416680761
1.3153252166019929
1.3962427456531337
1.3478747889483578
1.4751639163182089
1.5475177559322866
1.430722375495915
1.2829426354818052
1.5537188258502694
1.2795293741185385
1.3561103617675443
1.3899544004759856
1.3502807876419407
1.3671800598457342
1.2378106164365157
1.34985890475013
1.3074578861580335
1.369405311916812
1.352458614519796
1.5301432428485067
1.403591215988858
1.4639668643620614
1.3684884990401955
1.4405290525455776
1.385284529448985
1.4851363413342062
1.4431336379810769
1.6249523844402711
1.3491248211494984
1.4998432333996667
1.508813004959589
1.36100319202089
1.3665832585328637
1.427093835921391
1.3564146793023804
1.5105144077973092
1.3831235261198407
1.2604869801890013
1.2775283264109252
1.5486592110445503
1.3434245018983473
1.4138632070177908
1.4740062585574432
1.4000407122999456
1.411651468796465
1.4017598867531833
1.3732593686975036
1.4359655369037467
1.3737485972418588
1.3055308364833254
1.4136776373698148
1.4589645532875901
1.4109876019560073
1.2533687383906957
1.2752010093848738
1.489889824583618
1.3254223163698633
1.4375473967600585
1.4601313689685727
1.3936487093527414
1.3642098692556404
1.3938057496570264
1.2916952459314142
1.4838780866947436
1.3826883981184888
1.309083779500099
1.4946642602243096
1.4361766252686623
1.310405102577196
1.4317624888325566
1.3646137989950906
1.3685857482251453
1.3290345728030597
1.3295348476248543
1.4012995655592244
1.331423079717308
1.4588563187374195
1.573820136374782
1.335667139885155
1.4179963718438213
1.605495029639644
1.4162699922366246
1.373609338538937
1.3811104000675323
1.4384231005569412
1.3683685261818943
1.5756035714666397
1.4781601991246456
1.28714166678994
1.3704032941261939
1.3785229828727634
1.4380302961611633
1.3129820126308964
1.370036685829531
1.3486231679293301
1.4666773747307327
1.5121249171927122
1.3994177058712232
1.54362753614367
1.4084612542078787
1.559839319137299
1.539773075863917
1.3031593382524094
1.4767069676863365
1.4654924118048995
1.3218205851725184
1.5130753062883575
1.46228332278575
1.4592645145612455
1.325840132317037
1.3058039234200927
1.5700922807927944
1.406717092989014
1.4332815016131932
1.396639046329205
1.2979414202041664
1.2975216600870156
1.3711596536577888
1.2730796103137827
1.4906318184735114
1.347049894219735
1.2661093379610278
1.3681231008535317
1.3323652698375517
1.5077416818004714
1.2553760746172398
1.3776291783320436
1.4675888764204479
1.37250473171325
1.4508003314591604
1.2584276668447572
1.380032266676305
1.5431385470006207
1.3038033563638818
1.4023764026188645
1.3274412502686006
1.4150570023628042
1.4418058220341163
1.31584165009641
1.444119315260995
1.2572269641379303
1.506614817782487
1.2415993208207563
1.4329023450104716
1.4626417359600772
1.25687185121845
1.3795739758155523
1.3911703808332163
1.4028921762543087
1.5973016042935984
1.451372294443935
1.5709385656673585
1.628508433072045
1.621339657249296
1.365647965254559
1.5828354700557037
1.2203805036228024
1.5289859598659976
1.3893628946216257
1.306028684980608
1.3435905727960107
1.3945324724987866
1.3189388746444952
1.3266715913526452
1.4287654406071517
1.524039490204176
1.609663720274102
1.2776085917651077
1.4868813371357483
1.4021420104668643
1.3313532520407996
1.3013419554187915
1.5521573085305143
1.4928526120650436
1.3696712435019187
1.518690554981692
1.4286928487271844
1.4037983685685453
1.443897650718678
1.4087640339611465
1.2588267327195821
1.3326227186078552
1.4298640615167668
1.270521348812658
1.5012154976799095
1.4986010900340665
1.483429521671722
1.2921445068444077
1.486940805925417
1.2436129216276115
1.375533213410583
1.299088221026819
1.3546585000248177
1.247234978661912
1.3457619471734572
1.2751236347840686
1.4354426247726348
1.4026985672412935
1.3905939356108985
1.3690735561905762
1.4604151490465649
1.406920490006713
1.4055917231199764
1.3034688377737071
1.28493604520627
1.479141919835995
1.5583392186023157
1.3231179902481518
1.348116472412451
1.3548792309638713
1.619559044971115
1.3553554561261019
1.402127336550988
1.5869400552755062
1.389247934881605
1.5058068619596674
1.4142673733234035
1.551558750358729
1.5891113762428308
1.316603146487205
1.3994620959135997
1.464492162411586
1.542995775114721
1.4588903251846845
1.3262483117407649
1.5234336927880345
1.469531428112237
1.4109932805362952
1.5823397814160947
1.597452904749543
1.3338621285294368
1.3591813614112347
1.5104043161161218
1.3237113573173915
1.2840136726059863
1.2450616467952538
1.483671379336325
1.459344273746999
1.3150154499103004
1.3394431009606826
1.3123618952862464
1.5424488108791286
1.3370135545672086
1.3798009959949349
1.2659549520576663
1.4345979937143967
1.4636230972229243
1.5203325318385605
1.4395370119115491
1.3084523662655692
1.3913377691230264
1.3509171950524486
1.27351355338063
1.4031363424741568
1.6007400202930897
1.3142599846055192
1.2435386821154
1.2919617341055505
1.365418764890893
1.3942110105727625
1.473878530859765
1.4210669888908762
1.2722056879562536
1.4716952084494048
1.3783456586998353
1.506069745522354
1.317830121472523
1.339872166924824
1.3628070243518344
1.5544852203892483
1.4134604868243699
1.3006963618477076
1.4587071704052443
1.364847109645108
1.237247453546544
1.435736462946646
1.4394976200035516
1.437851990171542
1.4826049296175408
1.316480340333192
1.3112214297714964
1.3923911660026103
1.3964487842683853
1.3270569041940232
1.335157104065152
1.5202633898624582
1.49872022794885
1.3423761278533146
1.3536662909988146
1.3429850559530876
1.2855285234299991
1.4544660791460189
1.3878165720164901
1.5157888702842448
1.5225506067541363
1.340582053528115
1.4765999796857947
1.3605651398521574
1.5028599810200416
1.3161800811621052
1.388892090951832
1.5092461136615944
1.379026135215623
1.3468636666840497
1.2876489107632718
1.3117189608490631
1.2606791749983064
1.481612949133867
1.300401986431762
1.356472751706172
1.304798147435454
1.3659849549009697
1.3266556346637246
1.3446554548385667
1.4004223672169582
1.295381569021343
1.2444030914986999
1.4457083124081134
1.3518947439256777
1.5026506060520544
1.354513782992901
1.4138991697460372
1.445316975712485
1.2770833980645615
1.5073582852199623
1.4288428235364787
1.341992250569853
1.4824536997378597
1.361872236504094
1.3569385333701451
1.2972966672581605
1.362547247991841
1.2943844629225854
1.354968339684233
1.4661516099725709
1.4748681602484666
1.3874364640364838
1.3292131464883257
1.4816411668838732
1.5268541180407593
1.4702618317338734
1.3560786940749017
1.4116263684869095
1.3063755901363752
1.4929373349080555
1.4478936242209628
1.5455264317849813
1.3903914854357453
1.3949089188623542
1.3755211154303442
1.4514249272382065
1.3094941771125015
1.6150027136056702
1.5250099442227487
1.2258805264747834
1.4997274850745286
1.3557771000304357
1.3640599809105989
1.3347608736271979
1.5256078542468376
1.328092180913078
1.4366934580236743
1.2999333007487925
1.3402878848078155
1.3514577868617539
1.525670212971248
1.293985342829839
1.253568224147763
1.3935684567855726
1.3859012611634498
1.4159516711921214
1.3195121655633812
1.379835164851227
1.406932805434783
1.408562719610722
1.4458517955534478
1.2935026752037384
1.366178983327523
1.4385763943285999
1.2925789740219882
1.4229559962025766
1.3598149416493988
1.3373249899611666
1.520681340923767
1.5971979703509585
1.3101677990221055
1.360112423141264
1.3401131999484948
1.3269354332678738
1.4372731440807802
1.356252453231945
1.38708693354143
1.37288036322148
1.5607045098851695
1.321453954390176
1.4585816064169268
1.45259132333512
1.487421628859683
1.5499977912580225
1.4672348095009373
1.4296231806893174
1.3845843568189438
1.5182192311666856
1.4808449716516219
1.35839133902332
1.3354239943287556
1.4518190378804587
1.5179386743152161
1.5171732041735606
1.3327748944903401
1.3517406399037788
1.4258902731916279
1.3089807034784937
1.4221563487675872
1.4578674235369318
1.294595976867552
1.3683185634742236
1.3489375210436694
1.3715149769244694
1.2606774480982328
1.3864163118756314
1.3298119744137806
1.2855886002691224
1.4241024260022375
1.3485432321443418
1.262985740451878
1.4143402071590696
1.3701328041839038
1.5140794606315355
1.5663978869301909
1.2522347798335018
1.3743890581727853
1.4320184616364655
1.3018265688699489
1.3205835699501214
1.415502191206969
1.496036605518574
1.477973420408016
1.2524700468047987
1.3957018601178002
1.366275906818682
1.337316001706272
1.482451023905426
1.5669743570151087
1.3532751496809503
1.4266269779421612
1.4674936852561362
1.4257131897407915
1.4375277332959335
1.4689510872149512
1.3665218100734284
1.4474780307915571
1.3794783773092412
1.3535302118569577
1.3126996352305322
1.4959720840226665
1.4200497922910131
1.5832740079770686
1.3309015572896863
1.4520583054220724
1.543218425924466
1.5603958660296497
1.4536284811013915
1.3460821036995632
1.4057141490100156
1.4367368123736615
1.3540385813511273
1.259246459947328
1.3680630860465164
1.476644060710295
1.4133469019817402
1.3490427821185302
1.4093259147856532
1.4775801648970377
1.4017945733658461
1.3033287530355708
1.4627070966588533
1.4699030003596714
1.3469498361252006
1.318979166449032
1.441894369125061
1.2574753595025432
1.5507423633102975
1.4480144652282971
1.3234432396523268
1.389886154529302
1.2940801881810013
1.3440490354418975
1.2792790334411657
1.4128291612734696
1.5977554013055673
1.4083641813983656
1.3716450547995558
1.4097498839040197
1.288077293526602
1.4573889177116006
1.5494964956896387
1.41312092368475
1.3708354323897594
1.4276230863748438
1.3631803420942568
1.436421770481844
1.3762971617926325
1.3463473360864957
1.3982082367779796
1.5461728326646675
1.276083907659057
1.6640096014788253
1.6060268226433927
1.523721493044302
1.2868230918048176
1.306825370773662
1.4266268593281903
1.3355796971049823
1.3378155396647902
1.3388953197719082
1.3182900871611547
1.5238906898107025
1.4529777312927326
1.3612941879359
1.4505532615404046
1.5477043066503278
1.3513437399369654
1.4174380664159758
1.456233436242885
1.4030600034285154
1.3641211297789952
1.4115662096069117
1.4191799453747582
1.402953602233111
1.2523927813945928
1.3759559287124252
1.31895213176589
1.3429197008348206
1.4636876402281032
1.2245236927395586
1.5128553341992947
1.3570140961324502
1.5456140913298746
1.3634450025146818
1.3651760867424956
1.3786524798062836
1.366483632560951
1.387199387495038
1.4096080545160592
1.4861245162080463
1.595745029095469
1.360695153926747
1.489229422398416
1.4410347363734735
1.2856153666402677
1.384942508084851
1.4551352174928627
1.2724537014246247
1.3443790262586568
1.2941694178632417
1.4090463390210821
1.3014476431714506
1.3229009170663624
1.3938934904558598
1.3602178657036208
1.4147861232649974
1.5577140325852774
1.3618249984528799
1.5843430407234838
1.4857802578018675
1.6321989666776924
1.4082035440466196
1.5492171384968827
1.4609603288114879
1.2466577855039194
1.4186708421174015
1.4348910117472748
1.2383735344341702
1.4770291835264857
1.4861789520765865
1.4729015101100948
1.3404362408097044
1.2909451757580712
1.4708387220403616
1.3800460342606748
1.4252719644788576
1.454351598363029
1.3399521474563794
1.350344961334745
1.3481294939188957
1.234526099917491
1.2968099404567355
1.3375837668683546
1.482613740228218
1.483590101009477
1.4559490487246105
1.474283590483304
1.581120884506714
1.3883194542432677
1.493337692245926
1.3245082295942099
1.539339198335414
1.3534576759814705
1.2649804915050393
1.4358480021157314
1.3623467554400754
1.3495140792102585
1.3599086941117804
1.2900214292041265
1.2742493073783956
1.3932456970125477
1.509885197479713
1.3339070189486515
1.3806751041674237
1.4894884423627628
1.4041681562386041
1.437917503613716
1.4584251756149167
1.3195970293490522
1.431781272165373
1.344413040754942
1.4607316681447806
1.330706439654792
1.328033580750633
1.3024827721578667
1.2801348510797603
1.4808050927467058
1.4374489810470827
1.4284062273133744
1.3123455515603384
1.3865945054524766
1.4395295204370053
1.3303701247993633
1.520831821768896
1.44435258755909
1.3655971266674443
1.1978725987190892
1.5192900519475918
1.5735906281441494
1.4055170505568952
1.6329338897099461
1.395038608146826
1.4621804408583958
1.5319759414435685
1.4915492659087755
1.477027408538776
1.4716610569622854
1.3884763739640458
1.358690025888292
1.3868473814634221
1.344106717702445
1.415622683017015
1.4195438210497644
1.4352355997627695
1.382786365774688
1.5741335928290023
1.308966526696346
1.252453164101079
1.4376490122305599
1.4506939668938577
1.4441922948865649
1.2972411084023396
1.4727901034838555
1.4618089193531099
1.3894091983069388
1.5233768464165343
1.3859036263302482
1.3732269777300163
1.568473742947619
1.421020038320794
1.4050466296602286
1.4800527268153143
1.3135870808882677
1.4918473888046346
1.4220118539378597
1.309494091159143
1.4341584072390912
1.256721447568899
1.5041579365542082
1.3328459650503648
1.3667819944220825
1.3296301748583048
1.3764777291380985
1.3548520691692199
1.3867521717844433
1.372431897931804
1.3911582129886284
1.469347656208839
1.5298669552362558
1.354516275970328
1.302759496803747
1.4973382684521648
1.4005166749763915
1.2593506277859237
1.3731082415661477
1.535730833707567
1.4509933095079333
1.4281803431092799
1.3491171582884536
1.4057119022243003
1.4560079966468737
1.4672361831764311
1.465198230775654
1.3794579789491128
1.4298554483916048
1.369413252861368
1.3549526493352433
1.5082581436326385
1.4039969620566837
1.3991382570844983
1.6017915318520919
1.4166625100043362
1.5592340177237796
1.2781708271225083
1.4586685138055846
1.5552068671294144
1.529577073576276
1.4376062269133374
1.3046155903430023
1.3626770422164767
1.411843133991479
1.490141810478258
1.423257138845802
1.5185499518535948
1.3804769767824336
1.445207716315511
1.461208809174371
1.622745240945075
1.3106915523908984
1.5578463196668797
1.3078417517372554
1.3714780817181818
1.3601700314631073
1.3063428130279857
1.4383387847462865
1.3206785956649079
1.2512816523846022
1.282918414240331
1.2809010670883307
1.3365679080106272
1.4001234791504849
1.471969478340636
1.4428427404560014
1.2490328336165788
1.2155786757582825
1.4204324750997037
1.4116416503805527
1.3824171161240653
1.337384837760403
1.4388261889767355
1.3161953470049306
1.4239934824254254
1.274782006909964
1.507401480019112
1.2846356102025762
1.5215910623949562
1.3870378717999792
1.4319118204165255
1.446760078549337
1.3745193096104489
1.4660012751593885
1.3878218500364214
1.5995975828492397
1.433723164402663
1.4730381573831992
1.2662014750088808
1.5296883331372435
1.4527914917764642
1.588739402060058
1.361386627596294
1.316626558470283
1.4526686994719928
1.4784759767986382
1.4597000190169183
1.2922566939438542
1.519902478360875
1.3174361553428515
1.3733857040272746
1.595682159134731
1.40954454330491
1.4287311072812146
1.3160577535231288
1.2817359519014477
1.4646491617322295
1.3028617181276818
1.3502770251786829
1.4094549625403268
1.375152743797982
1.3788774636586536
1.4995166458500395
1.4385918464905219
1.327292280195798
1.326245943775806
1.56864136133777
1.3526066692408083
1.351993923847116
1.3167079462014788
1.354066659444347
1.327137877602803
1.4164516859539504
1.4650001159443364
1.315751985446219
1.382287071348304
1.3617377590413398
1.283263346548421
1.551178196523048
1.3405797440108205
1.2699071596290505
1.3405785858875992
1.4162286349470814
1.4850389156046582
1.4221199751517979
1.5345227595877327
1.3599389513839115
1.2840558395104364
1.4884127455253717
1.2754894681587712
1.329638923616967
1.3233236833462056
1.4187253244688318
1.4428806672553518
1.3574931983341856
1.3154672081512366
1.3947242147592427
1.4507619269976557
1.410000738464575
1.374644676799166
1.4012151569098232
1.3803087506613203
1.3777963700611664
1.3764142696884254
1.4026052767966108
1.5255738888109551
1.4780901308071968
1.2787370821309467
1.3979390005384196
1.4485665281127171
1.2786545859466998
1.5951356888507582
1.3580414404560228
1.2987999813119075
1.5405277622742832
1.3353064598093265
1.423935749808932
1.4544673003826865
1.3872942246017166
1.2523515920995498
1.405179348573307
1.449823327855714
1.2417903645248016
1.3644083205142061
1.3692022609340422
1.3757667848821353
1.291395565673936
1.5214726477054714
1.4443514064084189
1.440973495396825
1.4096656241969023
1.2928276152306772
1.3709952156347878
1.2381110535636655
1.4299940181459756
1.3124101912759758
1.5655459910980125
1.448749865416225
1.304839201108547
1.3866429625240546
1.314008900359514
1.4833627702777468
1.2723974737697252
1.3764323810084074
1.2646718643226136
1.326970940293323
1.5097760454541975
1.4135688472037218
1.4180246730882873
1.5186569994767063
1.3444191216317982
1.4492909364939852
1.5369225802239308
1.4180631940903725
1.5539273197653507
1.5136330522390609
1.4434381061386212
1.4280511206230748
1.4475152460826572
1.4082171043067664
1.2597777570552136
1.414053187856526
1.3351342652311287
1.4994486962813716
1.399534514044594
1.3997515940907823
1.4929418340768608
1.2601564524390452
1.465241306260321
1.1962112803469136
1.2833397838197647
1.366518426544626
1.353927445727509
1.300350158850366
1.3271232452275554
1.4180858535762044
1.493091076439392
1.4025246264153093
1.4778480644051764
1.370002961847534
1.5520099079751761
1.4453834986963565
1.5027921668195203
1.4277799851907331
1.4360937516412269
1.404997948681881
1.3542055247573856
1.5429314116620696
1.3796074285133508
1.3667115438626198
1.4047489488036413
1.3708012915028804
1.4134912818457954
1.3293470087191328
1.6159983782831189
1.421361404131193
1.4066037750007272
1.4469426732098043
1.640625485383975
1.305732226717764
1.5245038825213122
1.3808759973065523
1.347107080796187
1.3717675316881637
1.5610466035898092
1.2707037556930327
1.3500730268064434
1.3768560859751529
1.5196845305548858
1.3304470665618493
1.2327311682296123
1.2956598324141828
1.3099401307477936
1.4590201512103664
1.378682697188588
1.381926898482843
1.4756360256890206
1.425739695503991
1.4207263345776076
1.3520269421662459
1.5053669489586883
1.4398341732373419
1.4251412006400561
1.264401724588195
1.4023145990940296
1.2850753856698185
1.3908804847278773
1.3182837372482588
1.4235146761096669
1.2841572018017906
1.4652690305349783
1.303149610785895
1.3829211703687576
1.4377686691514528
1.4502277700955406
1.6485788530161138
1.2511903539639189
1.4337390883478673
1.3912454919487605
1.4522244338476766
1.408121999954237
1.3497642646891506
1.6117051371674633
1.3479831309669008
1.5377911842235195
1.3991145099171507
1.3487793795446097
1.3125004806495162
1.401959148925014
1.4223121654678306
1.3841366270173974
1.2568912831927588
1.370490431609538
1.3502566821746989
1.3605732715095042
1.470856787150972
1.4881131665649985
1.3769402758469054
1.3782198412443034
1.3793231657015068
1.3756964163822054
1.2700654440652728
1.3343772019692535
1.5627576428453187
1.425709216271079
1.5024881231817224
1.4906391773474448
1.3891735391959366
1.3643609456663237
1.3155538584234852
1.4344194243061723
1.3517071812702288
1.3185215887030244
1.480413579934497
1.3347873652651028
1.440848072776859
1.4388549124682903
1.4775861933084216
1.4053432578694656
1.5128069960878312
1.2726074668969891
1.3523319848115773
1.4073313439912247
1.3380600752405312
1.379243385013942
1.3380225852566683
1.2711340321514693
1.4294201059042702
1.3662091363313509
1.465285348363585
1.438383824632403
1.394246075577444
1.4816250441195709
1.3869317279247815
1.4162500789956862
1.3794238090814894
1.6083289403500594
1.2830209813526703
1.214530305997033
1.4203414723614216
1.3060460821573305
1.3553690595950454
1.3591410099161174
1.3533239003456432
1.4207739464043727
1.4582943468838476
1.5070322392547655
1.4186364746084812
1.3389694380120085
1.465623970107739
1.4373158889605957
1.3022402817566083
1.426118135514511
1.4301566892113853
1.462954487738039
1.4553213600349848
1.497768541084771
1.2814550245839438
1.3784017219368871
1.3806530787568292
1.3637030779934507
1.3499531172126036
1.2605901047365418
1.368366354040944
1.429363445196457
1.3726333453583721
1.3370670138564567
1.3970571933331777
1.3317762716019232
1.5243182422695758
1.5503329477477543
1.41558877164195
1.3604321154694783
1.2933367270678626
1.4176448739644825
1.3314212276747959
1.3491193062021358
1.4804532833956763
1.3670100870899693
1.3547165607028868
1.2628776957378458
1.3318202820936371
1.433341721441971
1.4583932520086285
1.5548806172063798
1.4785665294221528
1.4803077715235533
1.2646445972094338
1.3534141856003112
1.427596445040114
1.5283793452150771
1.4153445817308616
1.4430137011378175
1.4406456087021149
1.4782814673653382
1.2179201271884355
1.5036647940867274
1.359068568659226
1.3556353408438293
1.4206236741349274
1.4044660369734983
1.2778329371851795
1.2530162264925295
1.410236957734818
1.3024992619901088
1.3594456712871397
1.3706278575328437
1.4187013345407087
1.3351800259780768
1.4489223726337264
1.4942648775914023
1.2931797766692052
1.465509241382397
1.3374124031195118
1.5250811041137757
1.3133154707171932
1.356515537701685
1.4989098225481217
1.440783631310763
1.3220737696845553
1.3439561575589103
1.3396274361716223
1.3334917389566607
1.417508988745152
1.3219502422968985
1.5001099583986208
1.394519769383658
1.3882861819413765
1.3221332650296944
1.3771964529916352
1.4793212455879625
1.5063028867094537
1.4936020407434702
1.5430657202759575
1.3188674713552326
1.3490043252329558
1.4809552663936216
1.361289417280434
1.5395704548663607
1.401410163552758
1.27433616483549
1.4460280198784916
1.4349666593319943
1.3859738971628501
1.6606204595433307
1.3915032214574639
1.4717914546741722
1.4944252020438717
1.3856656978444357
1.2887590964421503
1.2644421027042512
1.2979353543308234
1.5165267346623337
1.2570167025685481
1.4283050362738923
1.4717713293651853
1.3867185796447394
1.284429842748734
1.2953140003689312
1.5486819684406232
1.4399478059134918
1.3296717331701497
1.3168542019536977
1.352993639061383
1.311499779201876
1.333458054834526
1.4264839829391898
1.377128427001527
1.3773416452899088
1.345497667820814
1.4759289103952187
1.446224118129955
1.3081198147960558
1.2093620154050382
1.5045636876184165
1.3861548515114297
1.456036306983664
1.4873765469046982
1.3767465489018171
1.2713959100262404
1.2279646574397693
1.273435722809039
1.2940640290425587
1.3514665317994494
1.4287018414431845
1.547588709674609
1.3406564463338841
1.2192776355501034
1.3707016053074632
1.5218983244930604
1.328963999293725
1.470092103955005
1.3468697601716895
1.4751782022599793
1.318880711824318
1.3217197488471573
1.4306253115400185
1.3164755127422805
1.4657151605617458
1.293406825084981
1.394171677010784
1.5491000018781034
1.379227514515766
1.581802206954684
1.4983991931517138
1.4223662306064966
1.5478178131203602
1.4390968222965537
1.4966272239293719
1.3624135742350538
1.3868378643514643
1.3104955218988996
1.2877410002318272
1.4439644388571706
1.4324077490234
1.409349570112127
1.5316172061485296
1.404971847895117
1.3499542174005827
1.5150805807971424
1.4843552812071201
1.4941026754503286
1.298687329338564
1.478942191292947
1.303549957932026
1.3278079100115958
1.3694138816708543
1.262599818222158
1.3821425265916414
1.5055980323151712
1.4495889044248824
1.3852174386377432
1.3586666027986383
1.3485330818919936
1.326807056098
1.3413371795231828
1.6425596837758965
1.380860540382217
1.4372442197277662
1.3836600784457664
1.446877386875453
1.4174748833060273
1.44726889758975
1.3972393102966862
1.2707147348519243
1.4569558793459683
1.5244618159929924
1.5818454397410575
1.4626254707549509
1.2560082834055595
1.3575260289991296
1.5360688426741136
1.4681868154618078
1.3663537221682136
1.3106771843794505
1.3174178565726944
1.3130783992505128
1.4687896629522126
1.6515111150295376
1.4046203504740118
1.461627374896845
1.4712175749884753
1.3562490572734072
1.4765972923895385
1.3917527007690442
1.3680250429325584
1.4105793145981786
1.2702438455000407
1.2956148726049808
1.3048929739076653
1.610110116881407
1.2849796636321957
1.5025687272175763
1.380073746324356
1.4842453658245596
1.4878036068233977
1.4975850455601558
1.4352259458930026
1.6177990145885068
1.220320562596294
1.3122157879029486
1.2491531771906677
1.5401853945300243
1.50215226089186
1.3635151359157374
1.421695685226274
1.2827674765546297
1.3040195754695094
1.4389593236120226
1.3178055266636977
1.3291778453215835
1.4884956593649021
1.4392461635513247
1.3079256355537272
1.53484331779366
1.4990994015512977
1.2791943893790378
1.2443993709160128
1.3675789819163722
1.3847705240491794
1.4582023261973938
1.4108518797819851
1.4332264273763828
1.3664523359039704
1.4692291245267548
1.2344636403811178
1.4055528829007262
1.2856082492820469
1.2301434971328014
1.4737555682036483
1.3170832551467118
1.495318175590632
1.3731819900304723
1.51707713924588
1.4477172677948003
1.393591143162978
1.3712533724886984
1.4515111416581654
1.3676779569067332
1.3623485542963234
1.4347938816045784
1.4921825804903095
1.3560022261221067
1.4480195757114092
1.2523591098557887
1.2599233946962511
1.3732725452624568
1.3898510296086999
1.4470162377363545
1.2850074358403762
1.4414724031332529
1.4030315385938728
1.3428852005386582
1.43787105119366
1.4319780607550732
1.4727634974458523
1.5031306526616628
1.298265023100913
1.3386668775302242
1.506372501629107
1.3756213221798967
1.4124630368830517
1.4219589772575016
1.328695072073224
1.4207927726545717
1.4640261638974106
1.3911162327034405
1.5112448789569393
1.5122293723623155
1.4020602415920203
1.2213003070455184
1.2735530126446668
1.3044829473744752
1.3745381603535831
1.3962982345296746
1.4548901049871252
1.3061130914190864
1.4023248930660264
1.2516837835754127
1.3163189497366539
1.4151861423509338
1.4514899853295833
1.325863511848339
1.2972409036354673
1.3536165846814867
1.4696901652530254
1.273942111665391
1.5679050406646782
1.5194486136025382
1.4657640344365543
1.369595648682491
1.4848854572216759
1.5116304495589545
1.3209652623833774
1.560127562860348
1.365877579230448
1.3270137457966498
1.3330979205448594
1.3413144990552894
1.4292728833834705
1.280239766029291
1.448065916335093
1.4509507838774527
1.3451174464328128
1.4290917282021802
1.466507214080581
1.324459335902753
1.3235025292747524
1.4648360701933343
1.4927976534736995
1.371441637842657
1.3785596053552494
1.5805031441554418
1.4582047853206075
1.4308053971776584
1.5892867133788675
1.3884837786190463
1.4894007769818336
1.3363526618998915
1.3559928059756305
1.4288156124690807
1.4729999307618007
1.3054890363221816
1.3270753336083239
1.3395339744668449
1.3298322662110669
1.480500870207444
1.3721368567385432
1.3716219979386557
1.3753610097081126
1.301211311804139
1.3169630120040137
1.2723175772628537
1.3881835194809156
1.2769186276710562
1.3438145730006448
1.290087525332659
1.3492418670227373
1.3448715754089324
1.2385400532284074
1.5033315704823018
1.3283537715818792
1.3005348197108573
1.4396050873096178
1.4042809222406396
1.3293220216068737
1.3234106149800433
1.52882649665839
1.3403440533848456
1.3770629802991956
1.305718033852081
1.4628668606761501
1.4730852283395053
1.487144474824518
1.4553594817177733
1.2488527394366118
1.339387046239961
1.4239643553822632
1.4038862687843128
1.507002493810249
1.4718670819880808
1.3295886150744003
1.3950301073045956
1.340161190568927
1.3972356533702908
1.3525712246564598
1.3500070410759832
1.283651209647494
1.3682417008643977
1.409391983649508
1.4551376417763553
1.4843793388638526
1.3756467822536365
1.3590460683610555
1.4500174413878215
1.5751046707748728
1.4474390464630142
1.4284736530298618
1.536314538541187
1.3957161202674435
1.3765960950181684
1.472712002338541
1.2887754718848445
1.5218537612653782
1.3742813190379586
1.3773816219445911
1.2847839649747543
1.3462806408629786
1.4878283501152132
1.470643595875842
1.2951905468946234
1.5029188834485516
1.4098685780332028
1.3520019550380484
1.3643427250629134
1.3801670800707302
1.3771439821329012
1.4325101902348154
1.3398165397690498
1.3624354415356388
1.232870768122669
1.4886469949480916
1.5427977593103566
1.4298835152951745
1.3904689751909107
1.403923558804291
1.2602532297794407
1.3407289005656449
1.4294889737604934
1.467153880860342
1.4074917170935302
1.244035126111158
1.5255181461367413
1.4424254957299685
1.4700572806418342
1.2993672405746726
1.4170277898603725
1.3195731549027754
1.471177221631082
1.5248857586555786
1.3917240679772735
1.3840854040397796
1.4206647744714185
1.377646803327164
1.525236712743521
1.4406455924592423
1.3168554438904962
1.2212426665424896
1.3517605475723107
1.393746051425764
1.3772739860824372
1.2890473429982938
1.4185563936789252
1.4232772321316118
1.5316936875107734
1.3439936967771497
1.5982419488595758
1.4734593561954468
1.293749415886254
1.4699404992982323
1.3984469195326295
1.5124441604740748
1.2742831774835084
1.4712305426506722
1.2518015787711054
1.3861569539590657
1.4061095395815384
1.3591338823538457
1.5294063774177393
1.3655912236057755
1.3133215864247187
1.227174599100676
1.385913815238606
1.2696655902311569
1.2684355679699955
1.2728473736119703
1.2632642171822555
1.3829550841027718
1.2789152166862299
1.4487692110303674
1.4155923281327443
1.4467460463930797
1.5330502222256936
1.3695163019824688
1.544356203468208
1.3249667068339037
1.297602226339407
1.4405140407850716
1.4486987944427414
1.4786509838520572
1.402730439535758
1.4443247396890602
1.4659745427254045
1.5787146841979949
1.4687011186451322
1.4318079379974886
1.368907566134639
1.4799720007319066
1.4555551725794151
1.3879627404223878
1.39848236145881
1.4434345029058913
1.3985961117943344
1.4172296758783574
1.266577758736966
1.3417182469530728
1.3340406414914223
1.3831805148229543
1.4625713744719226
1.316679726071697
1.4115432449869298
1.4064179584200511
1.395535487907599
1.3383702579390615
1.3301994162682167
1.4519755514267878
1.3607238290893433
1.3703180751447526
1.2383593133401747
1.4629371449558697
1.4445140159718024
1.4068799511848933
1.5641208119225598
1.4341709370657132
1.4047941483607649
1.3475842052191926
1.4512547320087612
1.48775840282327
1.3567127728693094
1.323038436740097
1.4352899559730146
1.4319635064940757
1.4279642825758603
1.4895347727218022
1.3630528320169606
1.43367900201363
1.3758998332033017
1.3517375304286763
1.3881626142544536
1.2992977427466859
1.4256511798717448
1.3883366015126817
1.4676263379645498
1.3978455832747556
1.3554667613263824
1.2871234842237405
1.3888884782649014
1.4496779141646825
1.2600846762933733
1.5791122122026757
1.3612215394902
1.3789389798356853
1.4593325875953407
1.4382857048666498
1.3563119488452897
1.636301303044875
1.3896862843269815
1.4023927987772906
1.3755590797114812
1.4718146727765724
1.4112228213810587
1.5068905668286336
1.386132345659026
1.3669081889372443
1.495701241877863
1.3390028557645333
1.2899660632696213
1.466571481759455
1.2637663751461103
1.443881529136181
1.4558326907203305
1.378392341232707
1.4148944398602048
1.5053670406157424
1.4824678134696074
1.5334200046159177
1.4085966544129749
1.5430815706817225
1.331242939826597
1.4919263438449732
1.4052948649746264
1.5050091528341258
1.4391787057333525
1.337757482626039
1.421058732002021
1.3966905328923853
1.3059934836052236
1.433079771133574
1.3873492812785464
1.5078460036478234
1.2193996339177946
1.3346086039340868
1.3351795276155634
1.4671270010116642
1.446385016012695
1.4739019117815608
1.3987077881660066
1.4226877199440402
1.4812971197502602
1.5917193770243567
1.4602786454211438
1.3730152198191055
1.3349871597390972
1.3415467393078773
1.2936922162041062
1.4272056772480821
1.40081718365858
1.4001469267206017
1.3520988124121698
1.4287219823656554
1.339555376130482
1.4065735344978394
1.2592824074345577
1.4692083311775292
1.3995819649744685
1.3047119630359134
1.4430316785935386
1.3858556537335125
1.319128335895082
1.4837072291953386
1.3461587230504142
1.280936070319229
1.4017683863790493
1.3201195343798082
1.4455599663430667
1.3788403671781806
1.3956240222904637
1.244626405426708
1.4190961076056061
1.5328580359948845
1.4005851976740884
1.423989249672283
1.4179032346134204
1.3409702332931894
1.3988875062078083
1.3814822651179133
1.3277782362193642
1.4799666080480212
1.2906638945117366
1.5321368380423366
1.392201633608642
1.2848872418652193
1.4001146519187369
1.3884903243652749
1.4439091049219746
1.3628786476164114
1.4170283225216722
1.4539854763424855
1.4588856052047576
1.345208328685831
1.3869657715265757
1.4583619789698163
1.3047443388731197
