[METADATA]
Time: 2026-04-12 02:51:13
Step: 14
Total_Sats: 96

[NODES]
ID, Name, Lat(deg), Lon(deg), Alt(km)
0, W-00-00, -0.16049, 116.74721, 492.863
1, W-00-01, 23.51514, 135.88477, 496.245
2, W-00-02, 43.82748, 162.82599, 503.076
3, W-00-03, 53.17074, -153.46444, 506.525
4, W-00-04, 44.04836, -109.55201, 503.158
5, W-00-05, 23.81774, -82.43595, 496.327
6, W-00-06, 0.16049, -63.25279, 492.863
7, W-00-07, -23.51514, -44.11523, 496.245
8, W-00-08, -43.82748, -17.17401, 503.076
9, W-00-09, -53.17074, 26.53556, 506.525
10, W-00-10, -44.04836, 70.44799, 503.158
11, W-00-11, -23.81774, 97.56405, 496.327
12, W-01-00, 8.85935, 168.57058, 493.366
13, W-01-01, 31.79289, -170.47456, 498.765
14, W-01-02, 49.23262, -137.83812, 505.088
15, W-01-03, 51.78585, -90.15415, 506.024
16, W-01-04, 37.20489, -52.78029, 500.643
17, W-01-05, 15.12102, -29.80737, 494.307
18, W-01-06, -8.85935, -11.42942, 493.366
19, W-01-07, -31.79289, 9.52544, 498.765
20, W-01-08, -49.23262, 42.16188, 505.088
21, W-01-09, -51.78585, 89.84585, 506.024
22, W-01-10, -37.20489, 127.21971, 500.643
23, W-01-11, -15.12102, 150.19263, 494.307
24, W-02-00, 17.74432, -139.26765, 494.835
25, W-02-01, 39.36539, -115.22593, 501.425
26, W-02-02, 52.49214, -75.79411, 506.280
27, W-02-03, 47.81561, -28.85824, 504.563
28, W-02-04, 29.38678, 1.92282, 497.981
29, W-02-05, 6.18064, 22.21575, 493.109
30, W-02-06, -17.74432, 40.73235, 494.835
31, W-02-07, -39.36539, 64.77407, 501.425
32, W-02-08, -52.49214, 104.20589, 506.280
33, W-02-09, -47.81561, 151.14176, 504.563
34, W-02-10, -29.38678, -178.07718, 497.981
35, W-02-11, -6.18064, -157.78425, 493.109
36, W-03-00, 26.33366, -86.37602, 497.044
37, W-03-01, 45.82464, -57.71120, 503.821
38, W-03-02, 53.02577, -12.24653, 506.473
39, W-03-03, 41.90437, 29.64329, 502.360
40, W-03-04, 20.95667, 55.19998, 495.580
41, W-03-05, -2.85243, 74.00576, 492.916
42, W-03-06, -26.33366, 93.62398, 497.044
43, W-03-07, -45.82464, 122.28880, 503.821
44, W-03-08, -53.02577, 167.75347, 506.473
45, W-03-09, -41.90437, -150.35671, 502.360
46, W-03-10, -20.95667, -124.80002, 495.580
47, W-03-11, 2.85243, -105.99424, 492.916
48, W-04-00, 34.41229, -32.26862, 499.656
49, W-04-01, 50.59156, 2.57067, 505.588
50, W-04-02, 50.72115, 50.57047, 505.636
51, W-04-03, 34.68621, 85.65048, 499.752
52, W-04-04, 12.15991, 107.58135, 493.805
53, W-04-05, -11.84320, 125.90234, 493.757
54, W-04-06, -34.41229, 147.73138, 499.656
55, W-04-07, -50.59156, -177.42933, 505.588
56, W-04-08, -50.72115, -129.42953, 505.636
57, W-04-09, -34.68621, -94.34952, 499.752
58, W-04-10, -12.15991, -72.41865, 493.805
59, W-04-11, 11.84320, -54.09766, 493.757
60, W-05-00, 41.66718, 23.66153, 502.273
61, W-05-01, 52.99130, 65.32260, 506.460
62, W-05-02, 46.02678, 110.95236, 503.896
63, W-05-03, 26.63073, 139.81151, 497.132
64, W-05-04, 3.17315, 159.48800, 492.928
65, W-05-05, -20.64943, 178.26017, 495.504
66, W-05-06, -41.66718, -156.33847, 502.273
67, W-05-07, -52.99130, -114.67740, 506.460
68, W-05-08, -46.02678, -69.04764, 503.896
69, W-05-09, -26.63073, -40.18849, 497.132
70, W-05-10, -3.17315, -20.51200, 492.928
71, W-05-11, 20.64943, -1.73983, 495.504
72, W-06-00, 47.63486, 82.06542, 504.495
73, W-06-01, 52.56020, 128.88456, 506.305
74, W-06-02, 39.61669, 168.55913, 501.517
75, W-06-03, 18.05541, -167.26270, 494.903
76, W-06-04, -5.86070, -148.72397, 493.084
77, W-06-05, -29.09623, -128.50280, 497.889
78, W-06-06, -47.63486, -97.93458, 504.495
79, W-06-07, -52.56020, -51.11544, 506.305
80, W-06-08, -39.61669, -11.44087, 501.517
81, W-06-09, -18.05541, 12.73730, 494.903
82, W-06-10, 5.86070, 31.27603, 493.084
83, W-06-11, 29.09623, 51.49720, 497.889
84, W-07-00, 51.68589, 143.26695, 505.988
85, W-07-01, 49.38918, -168.98860, 505.146
86, W-07-02, 32.07577, -136.12325, 498.859
87, W-07-03, 9.17796, -115.08214, 493.403
88, W-07-04, -14.80680, -96.71517, 494.249
89, W-07-05, -36.94142, -73.86082, 500.548
90, W-07-06, -51.68589, -36.73305, 505.988
91, W-07-07, -49.38918, 11.01140, 505.146
92, W-07-08, -32.07577, 43.87675, 498.859
93, W-07-09, -9.17796, 64.91786, 493.403
94, W-07-10, 14.80680, 83.28483, 494.249
95, W-07-11, 36.94142, 106.13918, 500.548

[LINKS]
Type, SourceID, TargetID
ISL, 0, 1
ISL, 0, 23
ISL, 1, 2
ISL, 1, 12
ISL, 2, 3
ISL, 2, 13
ISL, 3, 4
ISL, 3, 14
ISL, 4, 5
ISL, 4, 15
ISL, 5, 6
ISL, 5, 15
ISL, 6, 7
ISL, 6, 17
ISL, 7, 8
ISL, 7, 18
ISL, 8, 9
ISL, 8, 19
ISL, 9, 10
ISL, 9, 20
ISL, 10, 11
ISL, 10, 21
ISL, 11, 0
ISL, 11, 21
ISL, 12, 13
ISL, 12, 35
ISL, 13, 14
ISL, 13, 24
ISL, 14, 15
ISL, 14, 25
ISL, 15, 16
ISL, 15, 26
ISL, 16, 17
ISL, 16, 27
ISL, 17, 18
ISL, 17, 28
ISL, 18, 19
ISL, 18, 29
ISL, 19, 20
ISL, 19, 30
ISL, 20, 21
ISL, 20, 31
ISL, 21, 22
ISL, 21, 32
ISL, 22, 23
ISL, 22, 33
ISL, 23, 12
ISL, 23, 34
ISL, 24, 25
ISL, 24, 47
ISL, 25, 26
ISL, 25, 36
ISL, 26, 27
ISL, 26, 37
ISL, 27, 28
ISL, 27, 38
ISL, 28, 29
ISL, 28, 39
ISL, 29, 30
ISL, 29, 40
ISL, 30, 31
ISL, 30, 41
ISL, 31, 32
ISL, 31, 42
ISL, 32, 33
ISL, 32, 43
ISL, 33, 34
ISL, 33, 44
ISL, 34, 35
ISL, 34, 45
ISL, 35, 24
ISL, 35, 46
ISL, 36, 37
ISL, 36, 59
ISL, 37, 38
ISL, 37, 48
ISL, 38, 39
ISL, 38, 49
ISL, 39, 40
ISL, 39, 50
ISL, 40, 41
ISL, 40, 50
ISL, 41, 42
ISL, 41, 52
ISL, 42, 43
ISL, 42, 53
ISL, 43, 44
ISL, 43, 54
ISL, 44, 45
ISL, 44, 55
ISL, 45, 46
ISL, 45, 56
ISL, 46, 47
ISL, 46, 56
ISL, 47, 36
ISL, 47, 58
ISL, 48, 49
ISL, 48, 71
ISL, 49, 50
ISL, 49, 60
ISL, 50, 51
ISL, 50, 61
ISL, 51, 52
ISL, 51, 62
ISL, 52, 53
ISL, 52, 63
ISL, 53, 54
ISL, 53, 64
ISL, 54, 55
ISL, 54, 65
ISL, 55, 56
ISL, 55, 66
ISL, 56, 57
ISL, 56, 67
ISL, 57, 58
ISL, 57, 68
ISL, 58, 59
ISL, 58, 69
ISL, 59, 48
ISL, 59, 70
ISL, 60, 61
ISL, 60, 83
ISL, 61, 62
ISL, 61, 72
ISL, 62, 63
ISL, 62, 73
ISL, 63, 64
ISL, 63, 73
ISL, 64, 65
ISL, 64, 75
ISL, 65, 66
ISL, 65, 76
ISL, 66, 67
ISL, 66, 77
ISL, 67, 68
ISL, 67, 78
ISL, 68, 69
ISL, 68, 79
ISL, 69, 70
ISL, 69, 79
ISL, 70, 71
ISL, 70, 81
ISL, 71, 60
ISL, 71, 82
ISL, 72, 73
ISL, 72, 95
ISL, 73, 74
ISL, 73, 84
ISL, 74, 75
ISL, 74, 85
ISL, 75, 76
ISL, 75, 85
ISL, 76, 77
ISL, 76, 87
ISL, 77, 78
ISL, 77, 88
ISL, 78, 79
ISL, 78, 89
ISL, 79, 80
ISL, 79, 90
ISL, 80, 81
ISL, 80, 91
ISL, 81, 82
ISL, 81, 91
ISL, 82, 83
ISL, 82, 93
ISL, 83, 72
ISL, 83, 94
ISL, 84, 85
ISL, 84, 2
ISL, 85, 86
ISL, 85, 3
ISL, 86, 87
ISL, 86, 4
ISL, 87, 88
ISL, 87, 5
ISL, 88, 89
ISL, 88, 6
ISL, 89, 90
ISL, 89, 7
ISL, 90, 91
ISL, 90, 8
ISL, 91, 92
ISL, 91, 9
ISL, 92, 93
ISL, 92, 10
ISL, 93, 94
ISL, 93, 11
ISL, 94, 95
ISL, 94, 0
ISL, 95, 84
ISL, 95, 1
