[METADATA]
Time: 2026-04-12 03:31:13
Step: 94
Total_Sats: 96

[NODES]
ID, Name, Lat(deg), Lon(deg), Alt(km)
0, W-00-00, 21.96809, -90.74252, 495.835
1, W-00-01, -1.79283, -71.81682, 492.884
2, W-00-02, -25.34808, -52.38124, 496.757
3, W-00-03, -45.14214, -24.34364, 503.566
4, W-00-04, -53.11370, 20.54406, 506.504
5, W-00-05, -42.67603, 63.17314, 502.647
6, W-00-06, -21.96809, 89.25748, 495.835
7, W-00-07, 1.79283, 108.18318, 492.884
8, W-00-08, 25.34808, 127.61876, 496.757
9, W-00-09, 45.14214, 155.65636, 503.566
10, W-00-10, 53.11370, -159.45594, 506.504
11, W-00-11, 42.67603, -116.82686, 502.647
12, W-01-00, 13.20423, -38.27965, 493.970
13, W-01-01, -10.79557, -19.95037, 493.608
14, W-01-02, -33.50043, 1.55448, 499.342
15, W-01-03, -50.14239, 35.60615, 505.423
16, W-01-04, -51.12742, 83.55967, 505.785
17, W-01-05, -35.58342, 119.44084, 500.066
18, W-01-06, -13.20423, 141.72035, 493.970
19, W-01-07, 10.79557, 160.04963, 493.608
20, W-01-08, 33.50043, -178.44552, 499.342
21, W-01-09, 50.14239, -144.39385, 505.423
22, W-01-10, 51.12742, -96.44033, 505.785
23, W-01-11, 35.58342, -60.55916, 500.066
24, W-02-00, 4.23196, 13.66342, 492.979
25, W-02-01, -19.63160, 32.33340, 495.260
26, W-02-02, -40.87256, 57.23627, 501.979
27, W-02-03, -52.85167, 98.12806, 506.410
28, W-02-04, -46.67896, 144.26913, 504.140
29, W-02-05, -27.60723, 173.78454, 497.427
30, W-02-06, -4.23196, -166.33658, 492.979
31, W-02-07, 19.63160, -147.66660, 495.260
32, W-02-08, 40.87256, -122.76373, 501.979
33, W-02-09, 52.85167, -81.87194, 506.410
34, W-02-10, 46.67896, -35.73087, 504.140
35, W-02-11, 27.60723, -6.21546, 497.427
36, W-03-00, -4.80330, 65.44791, 493.012
37, W-03-01, -28.13140, 85.44253, 497.588
38, W-03-02, -47.02095, 115.32134, 504.267
39, W-03-03, -52.75995, 161.71579, 506.377
40, W-03-04, -40.43655, -157.81536, 501.818
41, W-03-05, -19.08013, -133.17247, 495.132
42, W-03-06, 4.80330, -114.55209, 493.012
43, W-03-07, 28.13140, -94.55747, 497.588
44, W-03-08, 47.02095, -64.67866, 504.267
45, W-03-09, 52.75995, -18.28421, 506.377
46, W-03-10, 40.43655, 22.18464, 501.818
47, W-03-11, 19.08013, 46.82753, 495.132
48, W-04-00, -13.76694, 117.41269, 494.065
49, W-04-01, -36.06292, 139.88844, 500.235
50, W-04-02, -51.33264, 176.20535, 505.859
51, W-04-03, -49.88663, -135.89553, 505.329
52, W-04-04, -33.00366, -102.26378, 499.172
53, W-04-05, -10.22897, -80.92636, 493.532
54, W-04-06, 13.76694, -62.58731, 494.065
55, W-04-07, 36.06292, -40.11156, 500.235
56, W-04-08, 51.33264, -3.79465, 505.859
57, W-04-09, 49.88663, 44.10447, 505.329
58, W-04-10, 33.00366, 77.73622, 499.172
59, W-04-11, 10.22897, 99.07364, 493.532
60, W-05-00, -22.51202, 169.92200, 495.977
61, W-05-01, -43.08497, -163.69936, 502.799
62, W-05-02, -53.14454, -120.68276, 506.515
63, W-05-03, -44.76439, -76.12568, 503.425
64, W-05-04, -24.81320, -48.41734, 496.605
65, W-05-05, -1.22055, -29.07420, 492.873
66, W-05-06, 22.51202, -10.07800, 495.977
67, W-05-07, 43.08497, 16.30064, 502.799
68, W-05-08, 53.14454, 59.31724, 506.515
69, W-05-09, 44.76439, 103.87432, 503.425
70, W-05-10, 24.81320, 131.58266, 496.605
71, W-05-11, 1.22055, 150.92580, 492.873
72, W-06-00, -30.85246, -136.58627, 498.454
73, W-06-01, -48.69643, -104.69464, 504.890
74, W-06-02, -52.09242, -57.25462, 506.136
75, W-06-03, -38.06633, -19.06786, 500.953
76, W-06-04, -16.15663, 4.30988, 494.507
77, W-06-05, 7.80591, 22.73246, 493.254
78, W-06-06, 30.85246, 43.41373, 498.454
79, W-06-07, 48.69643, 75.30536, 504.890
80, W-06-08, 52.09242, 122.74538, 506.136
81, W-06-09, 38.06633, 160.93214, 500.953
82, W-06-10, 16.15663, -175.69012, 494.507
83, W-06-11, -7.80591, -157.26754, 493.254
84, W-07-00, -38.52571, -81.55947, 501.119
85, W-07-01, -52.24268, -42.93468, 506.190
86, W-07-02, -48.39505, 4.34596, 504.778
87, W-07-03, -30.34091, 35.84299, 498.288
88, W-07-04, -7.23645, 56.38360, 493.200
89, W-07-05, 16.71433, 74.83564, 494.619
90, W-07-06, 38.52571, 98.44053, 501.119
91, W-07-07, 52.24268, 137.06532, 506.190
92, W-07-08, 48.39505, -175.65404, 504.778
93, W-07-09, 30.34091, -144.15701, 498.288
94, W-07-10, 7.23645, -123.61640, 493.200
95, W-07-11, -16.71433, -105.16436, 494.619

[LINKS]
Type, SourceID, TargetID
ISL, 0, 1
ISL, 0, 23
ISL, 1, 2
ISL, 1, 12
ISL, 2, 3
ISL, 2, 13
ISL, 3, 4
ISL, 3, 14
ISL, 4, 5
ISL, 4, 15
ISL, 5, 6
ISL, 5, 15
ISL, 6, 7
ISL, 6, 17
ISL, 7, 8
ISL, 7, 18
ISL, 8, 9
ISL, 8, 19
ISL, 9, 10
ISL, 9, 20
ISL, 10, 11
ISL, 10, 21
ISL, 11, 0
ISL, 11, 21
ISL, 12, 13
ISL, 12, 35
ISL, 13, 14
ISL, 13, 24
ISL, 14, 15
ISL, 14, 25
ISL, 15, 16
ISL, 15, 26
ISL, 16, 17
ISL, 16, 27
ISL, 17, 18
ISL, 17, 28
ISL, 18, 19
ISL, 18, 29
ISL, 19, 20
ISL, 19, 30
ISL, 20, 21
ISL, 20, 31
ISL, 21, 22
ISL, 21, 32
ISL, 22, 23
ISL, 22, 33
ISL, 23, 12
ISL, 23, 34
ISL, 24, 25
ISL, 24, 47
ISL, 25, 26
ISL, 25, 36
ISL, 26, 27
ISL, 26, 37
ISL, 27, 28
ISL, 27, 38
ISL, 28, 29
ISL, 28, 39
ISL, 29, 30
ISL, 29, 40
ISL, 30, 31
ISL, 30, 41
ISL, 31, 32
ISL, 31, 42
ISL, 32, 33
ISL, 32, 43
ISL, 33, 34
ISL, 33, 44
ISL, 34, 35
ISL, 34, 45
ISL, 35, 24
ISL, 35, 46
ISL, 36, 37
ISL, 36, 59
ISL, 37, 38
ISL, 37, 48
ISL, 38, 39
ISL, 38, 49
ISL, 39, 40
ISL, 39, 50
ISL, 40, 41
ISL, 40, 50
ISL, 41, 42
ISL, 41, 52
ISL, 42, 43
ISL, 42, 53
ISL, 43, 44
ISL, 43, 54
ISL, 44, 45
ISL, 44, 55
ISL, 45, 46
ISL, 45, 56
ISL, 46, 47
ISL, 46, 56
ISL, 47, 36
ISL, 47, 58
ISL, 48, 49
ISL, 48, 71
ISL, 49, 50
ISL, 49, 60
ISL, 50, 51
ISL, 50, 61
ISL, 51, 52
ISL, 51, 62
ISL, 52, 53
ISL, 52, 63
ISL, 53, 54
ISL, 53, 64
ISL, 54, 55
ISL, 54, 65
ISL, 55, 56
ISL, 55, 66
ISL, 56, 57
ISL, 56, 67
ISL, 57, 58
ISL, 57, 68
ISL, 58, 59
ISL, 58, 69
ISL, 59, 48
ISL, 59, 70
ISL, 60, 61
ISL, 60, 83
ISL, 61, 62
ISL, 61, 72
ISL, 62, 63
ISL, 62, 73
ISL, 63, 64
ISL, 63, 73
ISL, 64, 65
ISL, 64, 75
ISL, 65, 66
ISL, 65, 76
ISL, 66, 67
ISL, 66, 77
ISL, 67, 68
ISL, 67, 78
ISL, 68, 69
ISL, 68, 79
ISL, 69, 70
ISL, 69, 79
ISL, 70, 71
ISL, 70, 81
ISL, 71, 60
ISL, 71, 82
ISL, 72, 73
ISL, 72, 95
ISL, 73, 74
ISL, 73, 84
ISL, 74, 75
ISL, 74, 85
ISL, 75, 76
ISL, 75, 85
ISL, 76, 77
ISL, 76, 87
ISL, 77, 78
ISL, 77, 88
ISL, 78, 79
ISL, 78, 89
ISL, 79, 80
ISL, 79, 90
ISL, 80, 81
ISL, 80, 91
ISL, 81, 82
ISL, 81, 91
ISL, 82, 83
ISL, 82, 93
ISL, 83, 72
ISL, 83, 94
ISL, 84, 85
ISL, 84, 2
ISL, 85, 86
ISL, 85, 3
ISL, 86, 87
ISL, 86, 4
ISL, 87, 88
ISL, 87, 5
ISL, 88, 89
ISL, 88, 6
ISL, 89, 90
ISL, 89, 7
ISL, 90, 91
ISL, 90, 8
ISL, 91, 92
ISL, 91, 9
ISL, 92, 93
ISL, 92, 10
ISL, 93, 94
ISL, 93, 11
ISL, 94, 95
ISL, 94, 0
ISL, 95, 84
ISL, 95, 1
