[METADATA]
Time: 2026-04-12 03:56:13
Step: 144
Total_Sats: 96

[NODES]
ID, Name, Lat(deg), Lon(deg), Alt(km)
0, W-00-00, -47.72572, -23.96518, 504.529
1, W-00-01, -52.52654, 22.91314, 506.293
2, W-00-02, -39.49096, 62.46620, 501.471
3, W-00-03, -17.89960, 86.57577, 494.869
4, W-00-04, 6.02101, 105.10326, 493.096
5, W-00-05, 29.24189, 125.36019, 497.935
6, W-00-06, 47.72572, 156.03482, 504.529
7, W-00-07, 52.52654, -157.08686, 506.293
8, W-00-08, 39.49096, -117.53380, 501.471
9, W-00-09, 17.89960, -93.42423, 494.869
10, W-00-10, -6.02101, -74.89674, 493.096
11, W-00-11, -29.24189, -54.63981, 497.935
12, W-01-00, -51.73638, 37.28374, 506.006
13, W-01-01, -49.31108, 84.99868, 505.117
14, W-01-02, -31.93416, 117.74915, 498.812
15, W-01-03, -9.01835, 138.74685, 493.384
16, W-01-04, 14.96427, 157.11917, 494.278
17, W-01-05, 37.07357, -179.96730, 500.595
18, W-01-06, 51.73638, -142.71626, 506.006
19, W-01-07, 49.31108, -95.00132, 505.117
20, W-01-08, 31.93416, -62.25085, 498.812
21, W-01-09, 9.01835, -41.25315, 493.384
22, W-01-10, -14.96427, -22.88083, 494.278
23, W-01-11, -37.07357, 0.03270, 500.595
24, W-02-00, -53.17120, 100.57358, 506.525
25, W-02-01, -43.93793, 144.38480, 503.117
26, W-02-02, -23.66620, 171.41300, 496.286
27, W-02-03, 0.00033, -169.42685, 492.863
28, W-02-04, 23.66681, -150.26661, 496.286
29, W-02-05, 43.93837, -123.23805, 503.117
30, W-02-06, 53.17120, -79.42642, 506.525
31, W-02-07, 43.93793, -35.61520, 503.117
32, W-02-08, 23.66620, -8.58700, 496.286
33, W-02-09, -0.00033, 10.57315, 492.863
34, W-02-10, -23.66681, 29.73339, 496.286
35, W-02-11, -43.93837, 56.76195, 503.117
36, W-03-00, -51.73618, 163.86333, 506.006
37, W-03-01, -37.07304, -158.88613, 500.595
38, W-03-02, -14.96363, -135.97284, 494.278
39, W-03-03, 9.01900, -117.60054, 493.384
40, W-03-04, 31.93473, -96.60267, 498.812
41, W-03-05, 49.31140, -63.85173, 505.117
42, W-03-06, 51.73618, -16.13667, 506.006
43, W-03-07, 37.07304, 21.11387, 500.595
44, W-03-08, 14.96363, 44.02716, 494.278
45, W-03-09, -9.01900, 62.39946, 493.384
46, W-03-10, -31.93473, 83.39733, 498.812
47, W-03-11, -49.31140, 116.14827, 505.117
48, W-04-00, -47.72536, -134.88794, 504.529
49, W-04-01, -29.24130, -104.21374, 497.935
50, W-04-02, -6.02036, -83.95696, 493.096
51, W-04-03, 17.90023, -65.42942, 494.869
52, W-04-04, 39.49147, -41.31958, 501.471
53, W-04-05, 52.52668, -1.76602, 506.293
54, W-04-06, 47.72536, 45.11206, 504.529
55, W-04-07, 29.24130, 75.78626, 497.935
56, W-04-08, 6.02036, 96.04304, 493.096
57, W-04-09, -17.90023, 114.57058, 494.869
58, W-04-10, -39.49147, 138.68042, 501.471
59, W-04-11, -52.52668, 178.23398, 506.293
60, W-05-00, -41.78574, -76.43538, 502.316
61, W-05-01, -20.80280, -50.95677, 495.542
62, W-05-02, 3.01312, -32.16799, 492.922
63, W-05-03, 26.48258, -12.52075, 497.088
64, W-05-04, 45.92618, 16.24118, 503.859
65, W-05-05, 53.00895, 61.78914, 506.467
66, W-05-06, 41.78574, 103.56462, 502.316
67, W-05-07, 20.80280, 129.04323, 495.542
68, W-05-08, -3.01312, 147.83201, 492.922
69, W-05-09, -26.48258, 167.47925, 497.088
70, W-05-10, -45.92618, -163.75882, 503.859
71, W-05-11, -53.00895, -118.21086, 506.467
72, W-06-00, -34.54910, -20.46690, 499.704
73, W-06-01, -12.00126, 1.41274, 493.781
74, W-06-02, 12.00190, 19.73358, 493.781
75, W-06-03, 34.54966, 41.61342, 499.704
76, W-06-04, 50.65686, 76.57320, 505.612
77, W-06-05, 50.65660, 124.57382, 505.612
78, W-06-06, 34.54910, 159.53310, 499.704
79, W-06-07, 12.00126, -178.58726, 493.781
80, W-06-08, -12.00190, -160.26642, 493.781
81, W-06-09, -34.54966, -138.38658, 499.704
82, W-06-10, -50.65686, -103.42680, 505.612
83, W-06-11, -50.65660, -55.42618, 505.612
84, W-07-00, -26.48198, 33.66717, 497.088
85, W-07-01, -3.01247, 53.31429, 492.922
86, W-07-02, 20.80342, 72.10314, 495.542
87, W-07-03, 41.78622, 97.58207, 502.317
88, W-07-04, 53.00902, 139.35801, 506.467
89, W-07-05, 45.92577, -175.09437, 503.859
90, W-07-06, 26.48198, -146.33283, 497.088
91, W-07-07, 3.01247, -126.68571, 492.922
92, W-07-08, -20.80342, -107.89686, 495.542
93, W-07-09, -41.78622, -82.41793, 502.317
94, W-07-10, -53.00902, -40.64199, 506.467
95, W-07-11, -45.92577, 4.90563, 503.859

[LINKS]
Type, SourceID, TargetID
ISL, 0, 1
ISL, 0, 23
ISL, 1, 2
ISL, 1, 12
ISL, 2, 3
ISL, 2, 13
ISL, 3, 4
ISL, 3, 14
ISL, 4, 5
ISL, 4, 15
ISL, 5, 6
ISL, 5, 15
ISL, 6, 7
ISL, 6, 17
ISL, 7, 8
ISL, 7, 18
ISL, 8, 9
ISL, 8, 19
ISL, 9, 10
ISL, 9, 20
ISL, 10, 11
ISL, 10, 21
ISL, 11, 0
ISL, 11, 21
ISL, 12, 13
ISL, 12, 35
ISL, 13, 14
ISL, 13, 24
ISL, 14, 15
ISL, 14, 25
ISL, 15, 16
ISL, 15, 26
ISL, 16, 17
ISL, 16, 27
ISL, 17, 18
ISL, 17, 28
ISL, 18, 19
ISL, 18, 29
ISL, 19, 20
ISL, 19, 30
ISL, 20, 21
ISL, 20, 31
ISL, 21, 22
ISL, 21, 32
ISL, 22, 23
ISL, 22, 33
ISL, 23, 12
ISL, 23, 34
ISL, 24, 25
ISL, 24, 47
ISL, 25, 26
ISL, 25, 36
ISL, 26, 27
ISL, 26, 37
ISL, 27, 28
ISL, 27, 38
ISL, 28, 29
ISL, 28, 39
ISL, 29, 30
ISL, 29, 40
ISL, 30, 31
ISL, 30, 41
ISL, 31, 32
ISL, 31, 42
ISL, 32, 33
ISL, 32, 43
ISL, 33, 34
ISL, 33, 44
ISL, 34, 35
ISL, 34, 45
ISL, 35, 24
ISL, 35, 46
ISL, 36, 37
ISL, 36, 59
ISL, 37, 38
ISL, 37, 48
ISL, 38, 39
ISL, 38, 49
ISL, 39, 40
ISL, 39, 50
ISL, 40, 41
ISL, 40, 50
ISL, 41, 42
ISL, 41, 52
ISL, 42, 43
ISL, 42, 53
ISL, 43, 44
ISL, 43, 54
ISL, 44, 45
ISL, 44, 55
ISL, 45, 46
ISL, 45, 56
ISL, 46, 47
ISL, 46, 56
ISL, 47, 36
ISL, 47, 58
ISL, 48, 49
ISL, 48, 71
ISL, 49, 50
ISL, 49, 60
ISL, 50, 51
ISL, 50, 61
ISL, 51, 52
ISL, 51, 62
ISL, 52, 53
ISL, 52, 63
ISL, 53, 54
ISL, 53, 64
ISL, 54, 55
ISL, 54, 65
ISL, 55, 56
ISL, 55, 66
ISL, 56, 57
ISL, 56, 67
ISL, 57, 58
ISL, 57, 68
ISL, 58, 59
ISL, 58, 69
ISL, 59, 48
ISL, 59, 70
ISL, 60, 61
ISL, 60, 83
ISL, 61, 62
ISL, 61, 72
ISL, 62, 63
ISL, 62, 73
ISL, 63, 64
ISL, 63, 73
ISL, 64, 65
ISL, 64, 75
ISL, 65, 66
ISL, 65, 76
ISL, 66, 67
ISL, 66, 77
ISL, 67, 68
ISL, 67, 78
ISL, 68, 69
ISL, 68, 79
ISL, 69, 70
ISL, 69, 79
ISL, 70, 71
ISL, 70, 81
ISL, 71, 60
ISL, 71, 82
ISL, 72, 73
ISL, 72, 95
ISL, 73, 74
ISL, 73, 84
ISL, 74, 75
ISL, 74, 85
ISL, 75, 76
ISL, 75, 85
ISL, 76, 77
ISL, 76, 87
ISL, 77, 78
ISL, 77, 88
ISL, 78, 79
ISL, 78, 89
ISL, 79, 80
ISL, 79, 90
ISL, 80, 81
ISL, 80, 91
ISL, 81, 82
ISL, 81, 91
ISL, 82, 83
ISL, 82, 93
ISL, 83, 72
ISL, 83, 94
ISL, 84, 85
ISL, 84, 2
ISL, 85, 86
ISL, 85, 3
ISL, 86, 87
ISL, 86, 4
ISL, 87, 88
ISL, 87, 5
ISL, 88, 89
ISL, 88, 6
ISL, 89, 90
ISL, 89, 7
ISL, 90, 91
ISL, 90, 8
ISL, 91, 92
ISL, 91, 9
ISL, 92, 93
ISL, 92, 10
ISL, 93, 94
ISL, 93, 11
ISL, 94, 95
ISL, 94, 0
ISL, 95, 84
ISL, 95, 1
