[METADATA]
Time: 2026-04-12 03:14:13
Step: 60
Total_Sats: 96

[NODES]
ID, Name, Lat(deg), Lon(deg), Alt(km)
0, W-00-00, 53.09599, -163.13389, 506.498
1, W-00-01, 45.31020, -118.10152, 503.629
2, W-00-02, 25.58841, -89.91344, 496.827
3, W-00-03, 2.05059, -70.43481, 492.890
4, W-00-04, -21.72257, -51.53954, 495.772
5, W-00-05, -42.49003, -25.58561, 502.578
6, W-00-06, -53.09599, 16.86611, 506.498
7, W-00-07, -45.31020, 61.89848, 503.629
8, W-00-08, -25.58841, 90.08656, 496.827
9, W-00-09, -2.05059, 109.56519, 492.890
10, W-00-10, 21.72257, 128.46046, 495.772
11, W-00-11, 42.49003, 154.41439, 502.578
12, W-01-00, 52.30681, -99.63541, 506.213
13, W-01-01, 38.73128, -60.81372, 501.194
14, W-01-02, 16.96520, -37.10453, 494.671
15, W-01-03, -6.97978, -18.63799, 493.176
16, W-01-04, -30.10963, 1.84087, 498.213
17, W-01-05, -48.25663, 33.16195, 504.726
18, W-01-06, -52.30681, 80.36459, 506.213
19, W-01-07, -38.73128, 119.18628, 501.194
20, W-01-08, -16.96520, 142.89547, 494.671
21, W-01-09, 6.97978, 161.36201, 493.176
22, W-01-10, 30.10963, -178.15913, 498.213
23, W-01-11, 48.25663, -146.83805, 504.726
24, W-02-00, 48.82950, -37.80496, 504.939
25, W-02-01, 31.08204, -5.73382, 498.530
26, W-02-02, 8.06229, 15.01241, 493.280
27, W-02-03, -15.90507, 33.42295, 494.457
28, W-02-04, -37.85806, 56.70035, 500.878
29, W-02-05, -52.02121, 94.68950, 506.110
30, W-02-06, -48.82950, 142.19504, 504.939
31, W-02-07, -31.08204, 174.26618, 498.530
32, W-02-08, -8.06229, -164.98759, 493.280
33, W-02-09, 15.90507, -146.57705, 494.457
34, W-02-10, 37.85806, -123.29965, 500.878
35, W-02-11, 52.02121, -85.31050, 506.110
36, W-03-00, 43.26737, 21.28005, 502.867
37, W-03-01, 22.75651, 47.79343, 496.041
38, W-03-02, -0.96274, 66.82271, 492.869
39, W-03-03, -24.57165, 86.12561, 496.537
40, W-03-04, -44.59218, 113.68780, 503.361
41, W-03-05, -53.15461, 158.09183, 506.519
42, W-03-06, -43.26737, -158.71995, 502.867
43, W-03-07, -22.75651, -132.20657, 496.041
44, W-03-08, 0.96274, -113.17729, 492.869
45, W-03-09, 24.57165, -93.87439, 496.537
46, W-03-10, 44.59218, -66.31220, 503.361
47, W-03-11, 53.15461, -21.90817, 506.519
48, W-04-00, 36.27774, 77.75821, 500.312
49, W-04-01, 14.02013, 100.32423, 494.109
50, W-04-02, -9.97353, 118.66889, 493.500
51, W-04-03, -32.77890, 139.93261, 499.096
52, W-04-04, -49.76846, 173.37655, 505.286
53, W-04-05, -51.42179, -138.75553, 505.892
54, W-04-06, -36.27774, -102.24179, 500.312
55, W-04-07, -14.02013, -79.67577, 494.109
56, W-04-08, 9.97353, -61.33111, 493.500
57, W-04-09, 32.77890, -40.06739, 499.096
58, W-04-10, 49.76846, -6.62345, 505.286
59, W-04-11, 51.42179, 41.24447, 505.892
60, W-05-00, 28.36679, 132.25100, 497.661
61, W-05-01, 5.06058, 152.29925, 493.028
62, W-05-02, -18.83129, 170.89856, 495.075
63, W-05-03, -40.23860, -164.57358, 501.745
64, W-05-04, -52.71493, -124.29671, 506.361
65, W-05-05, -47.17263, -77.79355, 504.323
66, W-05-06, -28.36679, -47.74900, 497.661
67, W-05-07, -5.06058, -27.70075, 493.028
68, W-05-08, 18.83129, -9.10144, 495.075
69, W-05-09, 40.23860, 15.42642, 501.745
70, W-05-10, 52.71493, 55.70329, 506.361
71, W-05-11, 47.17263, 102.20645, 504.323
72, W-06-00, 19.87959, -174.60942, 495.318
73, W-06-01, -3.97451, -155.91582, 492.965
74, W-06-02, -27.37040, -136.08758, 497.355
75, W-06-03, -46.52255, -106.73381, 504.081
76, W-06-04, -52.88925, -60.71217, 506.424
77, W-06-05, -41.06739, -19.63149, 502.051
78, W-06-06, -19.87959, 5.39058, 495.318
79, W-06-07, 3.97451, 24.08418, 492.965
80, W-06-08, 27.37040, 43.91242, 497.355
81, W-06-09, 46.52255, 73.26619, 504.081
82, W-06-10, 52.88925, 119.28783, 506.424
83, W-06-11, 41.06739, 160.36851, 502.051
84, W-07-00, 11.05059, -122.30815, 493.643
85, W-07-01, -12.95048, -103.98206, 493.929
86, W-07-02, -35.36628, -81.78911, 499.989
87, W-07-03, -51.03171, -46.10357, 505.750
88, W-07-04, -50.25459, 1.86774, 505.465
89, W-07-05, -33.72321, 36.10984, 499.418
90, W-07-06, -11.05059, 57.69185, 493.643
91, W-07-07, 12.95048, 76.01794, 493.929
92, W-07-08, 35.36628, 98.21089, 499.989
93, W-07-09, 51.03171, 133.89643, 505.750
94, W-07-10, 50.25459, -178.13226, 505.465
95, W-07-11, 33.72321, -143.89016, 499.418

[LINKS]
Type, SourceID, TargetID
ISL, 0, 1
ISL, 0, 23
ISL, 1, 2
ISL, 1, 12
ISL, 2, 3
ISL, 2, 13
ISL, 3, 4
ISL, 3, 14
ISL, 4, 5
ISL, 4, 15
ISL, 5, 6
ISL, 5, 15
ISL, 6, 7
ISL, 6, 17
ISL, 7, 8
ISL, 7, 18
ISL, 8, 9
ISL, 8, 19
ISL, 9, 10
ISL, 9, 20
ISL, 10, 11
ISL, 10, 21
ISL, 11, 0
ISL, 11, 21
ISL, 12, 13
ISL, 12, 35
ISL, 13, 14
ISL, 13, 24
ISL, 14, 15
ISL, 14, 25
ISL, 15, 16
ISL, 15, 26
ISL, 16, 17
ISL, 16, 27
ISL, 17, 18
ISL, 17, 28
ISL, 18, 19
ISL, 18, 29
ISL, 19, 20
ISL, 19, 30
ISL, 20, 21
ISL, 20, 31
ISL, 21, 22
ISL, 21, 32
ISL, 22, 23
ISL, 22, 33
ISL, 23, 12
ISL, 23, 34
ISL, 24, 25
ISL, 24, 47
ISL, 25, 26
ISL, 25, 36
ISL, 26, 27
ISL, 26, 37
ISL, 27, 28
ISL, 27, 38
ISL, 28, 29
ISL, 28, 39
ISL, 29, 30
ISL, 29, 40
ISL, 30, 31
ISL, 30, 41
ISL, 31, 32
ISL, 31, 42
ISL, 32, 33
ISL, 32, 43
ISL, 33, 34
ISL, 33, 44
ISL, 34, 35
ISL, 34, 45
ISL, 35, 24
ISL, 35, 46
ISL, 36, 37
ISL, 36, 59
ISL, 37, 38
ISL, 37, 48
ISL, 38, 39
ISL, 38, 49
ISL, 39, 40
ISL, 39, 50
ISL, 40, 41
ISL, 40, 50
ISL, 41, 42
ISL, 41, 52
ISL, 42, 43
ISL, 42, 53
ISL, 43, 44
ISL, 43, 54
ISL, 44, 45
ISL, 44, 55
ISL, 45, 46
ISL, 45, 56
ISL, 46, 47
ISL, 46, 56
ISL, 47, 36
ISL, 47, 58
ISL, 48, 49
ISL, 48, 71
ISL, 49, 50
ISL, 49, 60
ISL, 50, 51
ISL, 50, 61
ISL, 51, 52
ISL, 51, 62
ISL, 52, 53
ISL, 52, 63
ISL, 53, 54
ISL, 53, 64
ISL, 54, 55
ISL, 54, 65
ISL, 55, 56
ISL, 55, 66
ISL, 56, 57
ISL, 56, 67
ISL, 57, 58
ISL, 57, 68
ISL, 58, 59
ISL, 58, 69
ISL, 59, 48
ISL, 59, 70
ISL, 60, 61
ISL, 60, 83
ISL, 61, 62
ISL, 61, 72
ISL, 62, 63
ISL, 62, 73
ISL, 63, 64
ISL, 63, 73
ISL, 64, 65
ISL, 64, 75
ISL, 65, 66
ISL, 65, 76
ISL, 66, 67
ISL, 66, 77
ISL, 67, 68
ISL, 67, 78
ISL, 68, 69
ISL, 68, 79
ISL, 69, 70
ISL, 69, 79
ISL, 70, 71
ISL, 70, 81
ISL, 71, 60
ISL, 71, 82
ISL, 72, 73
ISL, 72, 95
ISL, 73, 74
ISL, 73, 84
ISL, 74, 75
ISL, 74, 85
ISL, 75, 76
ISL, 75, 85
ISL, 76, 77
ISL, 76, 87
ISL, 77, 78
ISL, 77, 88
ISL, 78, 79
ISL, 78, 89
ISL, 79, 80
ISL, 79, 90
ISL, 80, 81
ISL, 80, 91
ISL, 81, 82
ISL, 81, 91
ISL, 82, 83
ISL, 82, 93
ISL, 83, 72
ISL, 83, 94
ISL, 84, 85
ISL, 84, 2
ISL, 85, 86
ISL, 85, 3
ISL, 86, 87
ISL, 86, 4
ISL, 87, 88
ISL, 87, 5
ISL, 88, 89
ISL, 88, 6
ISL, 89, 90
ISL, 89, 7
ISL, 90, 91
ISL, 90, 8
ISL, 91, 92
ISL, 91, 9
ISL, 92, 93
ISL, 92, 10
ISL, 93, 94
ISL, 93, 11
ISL, 94, 95
ISL, 94, 0
ISL, 95, 84
ISL, 95, 1
