[METADATA]
Time: 2026-04-12 03:53:43
Step: 139
Total_Sats: 96

[NODES]
ID, Name, Lat(deg), Lon(deg), Alt(km)
0, W-00-00, -42.79407, -34.90656, 502.691
1, W-00-01, -53.12375, 7.83473, 506.508
2, W-00-02, -45.03427, 52.62877, 503.526
3, W-00-03, -25.19462, 80.57111, 496.713
4, W-00-04, -1.62844, 99.97970, 492.880
5, W-00-05, 22.12450, 118.92524, 495.876
6, W-00-06, 42.79407, 145.09344, 502.691
7, W-00-07, 53.12375, -172.16527, 506.508
8, W-00-08, 45.03427, -127.37123, 503.526
9, W-00-09, 25.19462, -99.42889, 496.713
10, W-00-10, 1.62844, -80.02030, 492.880
11, W-00-11, -22.12450, -61.07476, 495.876
12, W-01-00, -48.48246, 23.97151, 504.810
13, W-01-01, -52.20062, 71.29989, 506.175
14, W-01-02, -38.39417, 109.79897, 501.072
15, W-01-03, -16.55423, 133.33798, 494.586
16, W-01-04, 7.40008, 151.78117, 493.215
17, W-01-05, 30.48812, 172.36169, 498.335
18, W-01-06, 48.48246, -156.02849, 504.810
19, W-01-07, 52.20062, -108.70011, 506.175
20, W-01-08, 38.39417, -70.20103, 501.072
21, W-01-09, 16.55423, -46.66202, 494.586
22, W-01-10, -7.40008, -28.21883, 493.215
23, W-01-11, -30.48812, -7.63831, 498.335
24, W-02-00, -52.13669, 85.61828, 506.152
25, W-02-01, -48.61070, 133.01447, 504.858
26, W-02-02, -30.70578, 164.79218, 498.406
27, W-02-03, -7.64237, -174.56746, 493.238
28, W-02-04, 16.31695, -156.13680, 494.539
29, W-02-05, 38.19871, -132.69443, 501.001
30, W-02-06, 52.13669, -94.38172, 506.152
31, W-02-07, 48.61070, -46.98553, 504.858
32, W-02-08, 30.70578, -15.20782, 498.406
33, W-02-09, 7.64237, 5.43254, 493.238
34, W-02-10, -16.31695, 23.86320, 494.539
35, W-02-11, -38.19871, 47.30557, 501.001
36, W-03-00, -53.13688, 149.06190, 506.513
37, W-03-01, -42.96806, -168.03192, 502.756
38, W-03-02, -22.35593, -141.73850, 495.936
39, W-03-03, 1.38496, -122.76297, 492.875
40, W-03-04, 24.96704, -103.39371, 496.648
41, W-03-05, 44.87355, -75.59146, 503.466
42, W-03-06, 53.13688, -30.93810, 506.513
43, W-03-07, 42.96806, 11.96808, 502.756
44, W-03-08, 22.35593, 38.26150, 495.936
45, W-03-09, -1.38496, 57.23703, 492.875
46, W-03-10, -24.96704, 76.60629, 496.648
47, W-03-11, -44.87355, 104.40854, 503.466
48, W-04-00, -51.27472, -147.85305, 505.838
49, W-04-01, -35.92554, -111.66150, 500.187
50, W-04-02, -13.60538, -89.24271, 494.038
51, W-04-03, 10.39180, -70.90684, 493.553
52, W-04-04, 33.14668, -49.52186, 499.221
53, W-04-05, 49.96104, -15.76990, 505.357
54, W-04-06, 51.27472, 32.14695, 505.838
55, W-04-07, 35.92554, 68.33850, 500.187
56, W-04-08, 13.60538, 90.75729, 494.038
57, W-04-09, -10.39180, 109.09316, 493.553
58, W-04-10, -33.14668, 130.47814, 499.221
59, W-04-11, -49.96104, 164.23010, 505.357
60, W-05-00, -46.92345, -87.01899, 504.231
61, W-05-01, -27.98105, -57.24521, 497.541
62, W-05-02, -4.63920, -37.28431, 493.002
63, W-05-03, 19.23868, -18.65008, 495.168
64, W-05-04, 40.56229, 6.06684, 501.864
65, W-05-05, 52.78746, 46.65767, 506.387
66, W-05-06, 46.92345, 92.98101, 504.231
67, W-05-07, 27.98105, 122.75479, 497.541
68, W-05-08, 4.63920, 142.71569, 493.002
69, W-05-09, -19.23868, 161.34992, 495.168
70, W-05-10, -40.56229, -173.93316, 501.864
71, W-05-11, -52.78746, -133.34233, 506.387
72, W-06-00, -40.74780, -28.98282, 501.933
73, W-06-01, -19.47332, -4.15529, 495.223
74, W-06-02, 4.39611, 14.50004, 492.988
75, W-06-03, 27.75803, 34.41170, 497.473
76, W-06-04, 46.77794, 64.03086, 504.176
77, W-06-05, 52.82649, 110.24640, 506.401
78, W-06-06, 40.74780, 151.01718, 501.933
79, W-06-07, 19.47332, 175.84471, 495.223
80, W-06-08, -4.39611, -165.49996, 492.988
81, W-06-09, -27.75803, -145.58830, 497.473
82, W-06-10, -46.77794, -115.96914, 504.176
83, W-06-11, -52.82649, -69.75360, 506.401
84, W-07-00, -33.35804, 26.66128, 499.293
85, W-07-01, -10.63287, 48.11750, 493.586
86, W-07-02, 13.36596, 66.44920, 493.997
87, W-07-03, 35.72152, 88.78450, 500.115
88, W-07-04, 51.18740, 124.79065, 505.806
89, W-07-05, 50.06986, 172.73066, 505.397
90, W-07-06, 33.35804, -153.33872, 499.293
91, W-07-07, 10.63287, -131.88250, 493.586
92, W-07-08, -13.36596, -113.55080, 493.997
93, W-07-09, -35.72152, -91.21550, 500.115
94, W-07-10, -51.18740, -55.20935, 505.806
95, W-07-11, -50.06986, -7.26934, 505.397

[LINKS]
Type, SourceID, TargetID
ISL, 0, 1
ISL, 0, 23
ISL, 1, 2
ISL, 1, 12
ISL, 2, 3
ISL, 2, 13
ISL, 3, 4
ISL, 3, 14
ISL, 4, 5
ISL, 4, 15
ISL, 5, 6
ISL, 5, 15
ISL, 6, 7
ISL, 6, 17
ISL, 7, 8
ISL, 7, 18
ISL, 8, 9
ISL, 8, 19
ISL, 9, 10
ISL, 9, 20
ISL, 10, 11
ISL, 10, 21
ISL, 11, 0
ISL, 11, 21
ISL, 12, 13
ISL, 12, 35
ISL, 13, 14
ISL, 13, 24
ISL, 14, 15
ISL, 14, 25
ISL, 15, 16
ISL, 15, 26
ISL, 16, 17
ISL, 16, 27
ISL, 17, 18
ISL, 17, 28
ISL, 18, 19
ISL, 18, 29
ISL, 19, 20
ISL, 19, 30
ISL, 20, 21
ISL, 20, 31
ISL, 21, 22
ISL, 21, 32
ISL, 22, 23
ISL, 22, 33
ISL, 23, 12
ISL, 23, 34
ISL, 24, 25
ISL, 24, 47
ISL, 25, 26
ISL, 25, 36
ISL, 26, 27
ISL, 26, 37
ISL, 27, 28
ISL, 27, 38
ISL, 28, 29
ISL, 28, 39
ISL, 29, 30
ISL, 29, 40
ISL, 30, 31
ISL, 30, 41
ISL, 31, 32
ISL, 31, 42
ISL, 32, 33
ISL, 32, 43
ISL, 33, 34
ISL, 33, 44
ISL, 34, 35
ISL, 34, 45
ISL, 35, 24
ISL, 35, 46
ISL, 36, 37
ISL, 36, 59
ISL, 37, 38
ISL, 37, 48
ISL, 38, 39
ISL, 38, 49
ISL, 39, 40
ISL, 39, 50
ISL, 40, 41
ISL, 40, 50
ISL, 41, 42
ISL, 41, 52
ISL, 42, 43
ISL, 42, 53
ISL, 43, 44
ISL, 43, 54
ISL, 44, 45
ISL, 44, 55
ISL, 45, 46
ISL, 45, 56
ISL, 46, 47
ISL, 46, 56
ISL, 47, 36
ISL, 47, 58
ISL, 48, 49
ISL, 48, 71
ISL, 49, 50
ISL, 49, 60
ISL, 50, 51
ISL, 50, 61
ISL, 51, 52
ISL, 51, 62
ISL, 52, 53
ISL, 52, 63
ISL, 53, 54
ISL, 53, 64
ISL, 54, 55
ISL, 54, 65
ISL, 55, 56
ISL, 55, 66
ISL, 56, 57
ISL, 56, 67
ISL, 57, 58
ISL, 57, 68
ISL, 58, 59
ISL, 58, 69
ISL, 59, 48
ISL, 59, 70
ISL, 60, 61
ISL, 60, 83
ISL, 61, 62
ISL, 61, 72
ISL, 62, 63
ISL, 62, 73
ISL, 63, 64
ISL, 63, 73
ISL, 64, 65
ISL, 64, 75
ISL, 65, 66
ISL, 65, 76
ISL, 66, 67
ISL, 66, 77
ISL, 67, 68
ISL, 67, 78
ISL, 68, 69
ISL, 68, 79
ISL, 69, 70
ISL, 69, 79
ISL, 70, 71
ISL, 70, 81
ISL, 71, 60
ISL, 71, 82
ISL, 72, 73
ISL, 72, 95
ISL, 73, 74
ISL, 73, 84
ISL, 74, 75
ISL, 74, 85
ISL, 75, 76
ISL, 75, 85
ISL, 76, 77
ISL, 76, 87
ISL, 77, 78
ISL, 77, 88
ISL, 78, 79
ISL, 78, 89
ISL, 79, 80
ISL, 79, 90
ISL, 80, 81
ISL, 80, 91
ISL, 81, 82
ISL, 81, 91
ISL, 82, 83
ISL, 82, 93
ISL, 83, 72
ISL, 83, 94
ISL, 84, 85
ISL, 84, 2
ISL, 85, 86
ISL, 85, 3
ISL, 86, 87
ISL, 86, 4
ISL, 87, 88
ISL, 87, 5
ISL, 88, 89
ISL, 88, 6
ISL, 89, 90
ISL, 89, 7
ISL, 90, 91
ISL, 90, 8
ISL, 91, 92
ISL, 91, 9
ISL, 92, 93
ISL, 92, 10
ISL, 93, 94
ISL, 93, 11
ISL, 94, 95
ISL, 94, 0
ISL, 95, 84
ISL, 95, 1
