[METADATA]
Time: 2026-04-12 03:27:13
Step: 86
Total_Sats: 96

[NODES]
ID, Name, Lat(deg), Lon(deg), Alt(km)
0, W-00-00, 33.17354, -101.46868, 499.230
1, W-00-01, 10.42241, -80.07471, 493.558
2, W-00-02, -13.57499, -61.73941, 494.032
3, W-00-03, -35.89967, -39.33127, 500.178
4, W-00-04, -51.26373, -3.16329, 505.834
5, W-00-05, -49.97495, 44.75671, 505.362
6, W-00-06, -33.17354, 78.53132, 499.230
7, W-00-07, -10.42241, 99.92529, 493.558
8, W-00-08, 13.57499, 118.26059, 494.032
9, W-00-09, 35.89967, 140.66873, 500.178
10, W-00-10, 51.26373, 176.83671, 505.834
11, W-00-11, 49.97495, -135.24329, 505.362
12, W-01-00, 24.99595, -47.59204, 496.657
13, W-01-01, 1.41587, -28.21783, 492.876
14, W-01-02, -22.32656, -9.24615, 495.928
15, W-01-03, -42.94603, 17.03131, 502.747
16, W-01-04, -53.13533, 59.91665, 506.512
17, W-01-05, -44.89402, 104.58799, 503.474
18, W-01-06, -24.99595, 132.40796, 496.657
19, W-01-07, -1.41587, 151.78217, 492.876
20, W-01-08, 22.32656, 170.75385, 495.928
21, W-01-09, 42.94603, -162.96869, 502.747
22, W-01-10, 53.13533, -120.08335, 506.512
23, W-01-11, 44.89402, -75.41201, 503.474
24, W-02-00, 16.34709, 5.15405, 494.545
25, W-02-01, -7.61161, 23.58626, 493.235
26, W-02-02, -30.67817, 44.21898, 498.397
27, W-02-03, -48.59450, 75.97532, 504.852
28, W-02-04, -52.14491, 123.36309, 506.155
29, W-02-05, -38.22357, 161.69947, 501.010
30, W-02-06, -16.34709, -174.84595, 494.545
31, W-02-07, 7.61161, -156.41374, 493.235
32, W-02-08, 30.67817, -135.78102, 498.397
33, W-02-09, 48.59450, -104.02468, 504.852
34, W-02-10, 52.14491, -56.63691, 506.155
35, W-02-11, 38.22357, -18.30053, 501.010
36, W-03-00, 7.43085, 57.23766, 493.218
37, W-03-01, -16.52412, 75.67922, 494.580
38, W-03-02, -38.36939, 99.20590, 501.063
39, W-03-03, -52.19261, 137.68133, 506.172
40, W-03-04, -48.49883, -174.98149, 504.816
41, W-03-05, -30.51578, -143.35041, 498.344
42, W-03-06, -7.43085, -122.76234, 493.218
43, W-03-07, 16.52412, -104.32078, 494.580
44, W-03-08, 38.36939, -80.79410, 501.063
45, W-03-09, 52.19261, -42.31867, 506.172
46, W-03-10, 48.49883, 5.01851, 504.816
47, W-03-11, 30.51578, 36.64959, 498.344
48, W-04-00, -1.59753, 109.03950, 492.879
49, W-04-01, -25.16574, 128.44305, 496.705
50, W-04-02, -45.01393, 156.36754, 503.518
51, W-04-03, -53.12554, -158.85616, 506.509
52, W-04-04, -42.81622, -116.09384, 502.699
53, W-04-05, -22.15390, -89.90981, 495.883
54, W-04-06, 1.59753, -70.96050, 492.879
55, W-04-07, 25.16574, -51.55695, 496.705
56, W-04-08, 45.01393, -23.63246, 503.518
57, W-04-09, 53.12554, 21.14384, 506.509
58, W-04-10, 42.81622, 63.90616, 502.699
59, W-04-11, 22.15390, 90.09019, 495.883
60, W-05-00, -10.60227, 160.90092, 493.581
61, W-05-01, -33.33123, -177.65196, 499.284
62, W-05-02, -50.05613, -143.74406, 505.392
63, W-05-03, -51.19858, -95.80679, 505.811
64, W-05-04, -35.74746, -59.77713, 500.124
65, W-05-05, -13.39637, -37.43128, 494.002
66, W-05-06, 10.60227, -19.09908, 493.581
67, W-05-07, 33.33123, 2.34804, 499.284
68, W-05-08, 50.05613, 36.25594, 505.392
69, W-05-09, 51.19858, 84.19321, 505.811
70, W-05-10, 35.74746, 120.22287, 500.124
71, W-05-11, 13.39637, 142.56872, 494.002
72, W-06-00, -19.44354, -146.82834, 495.216
73, W-06-01, -40.72429, -122.01493, 501.924
74, W-06-02, -52.82164, -81.26694, 506.399
75, W-06-03, -46.79649, -35.03755, 504.183
76, W-06-04, -27.78637, -5.39883, 497.482
77, W-06-05, -4.42698, 14.51904, 492.989
78, W-06-06, 19.44354, 33.17166, 495.216
79, W-06-07, 40.72429, 57.98507, 501.924
80, W-06-08, 52.82164, 98.73306, 506.399
81, W-06-09, 46.79649, 144.96245, 504.183
82, W-06-10, 27.78637, 174.60117, 497.482
83, W-06-11, 4.42698, -165.48096, 492.989
84, W-07-00, -27.95276, -93.74202, 497.533
85, W-07-01, -46.90505, -63.98794, 504.224
86, W-07-02, -52.79253, -17.67811, 506.389
87, W-07-03, -40.58589, 22.93561, 501.873
88, W-07-04, -19.26848, 47.66650, 495.175
89, W-07-05, 4.60834, 66.30338, 493.000
90, W-07-06, 27.95276, 86.25798, 497.533
91, W-07-07, 46.90505, 116.01206, 504.224
92, W-07-08, 52.79253, 162.32189, 506.389
93, W-07-09, 40.58589, -157.06439, 501.873
94, W-07-10, 19.26848, -132.33350, 495.175
95, W-07-11, -4.60834, -113.69662, 493.000

[LINKS]
Type, SourceID, TargetID
ISL, 0, 1
ISL, 0, 23
ISL, 1, 2
ISL, 1, 12
ISL, 2, 3
ISL, 2, 13
ISL, 3, 4
ISL, 3, 14
ISL, 4, 5
ISL, 4, 15
ISL, 5, 6
ISL, 5, 15
ISL, 6, 7
ISL, 6, 17
ISL, 7, 8
ISL, 7, 18
ISL, 8, 9
ISL, 8, 19
ISL, 9, 10
ISL, 9, 20
ISL, 10, 11
ISL, 10, 21
ISL, 11, 0
ISL, 11, 21
ISL, 12, 13
ISL, 12, 35
ISL, 13, 14
ISL, 13, 24
ISL, 14, 15
ISL, 14, 25
ISL, 15, 16
ISL, 15, 26
ISL, 16, 17
ISL, 16, 27
ISL, 17, 18
ISL, 17, 28
ISL, 18, 19
ISL, 18, 29
ISL, 19, 20
ISL, 19, 30
ISL, 20, 21
ISL, 20, 31
ISL, 21, 22
ISL, 21, 32
ISL, 22, 23
ISL, 22, 33
ISL, 23, 12
ISL, 23, 34
ISL, 24, 25
ISL, 24, 47
ISL, 25, 26
ISL, 25, 36
ISL, 26, 27
ISL, 26, 37
ISL, 27, 28
ISL, 27, 38
ISL, 28, 29
ISL, 28, 39
ISL, 29, 30
ISL, 29, 40
ISL, 30, 31
ISL, 30, 41
ISL, 31, 32
ISL, 31, 42
ISL, 32, 33
ISL, 32, 43
ISL, 33, 34
ISL, 33, 44
ISL, 34, 35
ISL, 34, 45
ISL, 35, 24
ISL, 35, 46
ISL, 36, 37
ISL, 36, 59
ISL, 37, 38
ISL, 37, 48
ISL, 38, 39
ISL, 38, 49
ISL, 39, 40
ISL, 39, 50
ISL, 40, 41
ISL, 40, 50
ISL, 41, 42
ISL, 41, 52
ISL, 42, 43
ISL, 42, 53
ISL, 43, 44
ISL, 43, 54
ISL, 44, 45
ISL, 44, 55
ISL, 45, 46
ISL, 45, 56
ISL, 46, 47
ISL, 46, 56
ISL, 47, 36
ISL, 47, 58
ISL, 48, 49
ISL, 48, 71
ISL, 49, 50
ISL, 49, 60
ISL, 50, 51
ISL, 50, 61
ISL, 51, 52
ISL, 51, 62
ISL, 52, 53
ISL, 52, 63
ISL, 53, 54
ISL, 53, 64
ISL, 54, 55
ISL, 54, 65
ISL, 55, 56
ISL, 55, 66
ISL, 56, 57
ISL, 56, 67
ISL, 57, 58
ISL, 57, 68
ISL, 58, 59
ISL, 58, 69
ISL, 59, 48
ISL, 59, 70
ISL, 60, 61
ISL, 60, 83
ISL, 61, 62
ISL, 61, 72
ISL, 62, 63
ISL, 62, 73
ISL, 63, 64
ISL, 63, 73
ISL, 64, 65
ISL, 64, 75
ISL, 65, 66
ISL, 65, 76
ISL, 66, 67
ISL, 66, 77
ISL, 67, 68
ISL, 67, 78
ISL, 68, 69
ISL, 68, 79
ISL, 69, 70
ISL, 69, 79
ISL, 70, 71
ISL, 70, 81
ISL, 71, 60
ISL, 71, 82
ISL, 72, 73
ISL, 72, 95
ISL, 73, 74
ISL, 73, 84
ISL, 74, 75
ISL, 74, 85
ISL, 75, 76
ISL, 75, 85
ISL, 76, 77
ISL, 76, 87
ISL, 77, 78
ISL, 77, 88
ISL, 78, 79
ISL, 78, 89
ISL, 79, 80
ISL, 79, 90
ISL, 80, 81
ISL, 80, 91
ISL, 81, 82
ISL, 81, 91
ISL, 82, 83
ISL, 82, 93
ISL, 83, 72
ISL, 83, 94
ISL, 84, 85
ISL, 84, 2
ISL, 85, 86
ISL, 85, 3
ISL, 86, 87
ISL, 86, 4
ISL, 87, 88
ISL, 87, 5
ISL, 88, 89
ISL, 88, 6
ISL, 89, 90
ISL, 89, 7
ISL, 90, 91
ISL, 90, 8
ISL, 91, 92
ISL, 91, 9
ISL, 92, 93
ISL, 92, 10
ISL, 93, 94
ISL, 93, 11
ISL, 94, 95
ISL, 94, 0
ISL, 95, 84
ISL, 95, 1
