[METADATA]
Time: 2026-04-12 03:46:13
Step: 124
Total_Sats: 96

[NODES]
ID, Name, Lat(deg), Lon(deg), Alt(km)
0, W-00-00, -23.20580, -58.19337, 496.161
1, W-00-01, -43.60016, -31.42841, 502.991
2, W-00-02, -53.16694, 12.07069, 506.523
3, W-00-03, -44.27183, 56.18658, 503.241
4, W-00-04, -24.12597, 83.48321, 496.412
5, W-00-05, -0.48804, 102.71426, 492.865
6, W-00-06, 23.20580, 121.80663, 496.161
7, W-00-07, 43.60016, 148.57159, 502.991
8, W-00-08, 53.16694, -167.92931, 506.523
9, W-00-09, 44.27183, -123.81342, 503.241
10, W-00-10, 24.12597, -96.51679, 496.412
11, W-00-11, 0.48804, -77.28574, 492.865
12, W-01-00, -31.50331, -4.59954, 498.669
13, W-01-01, -49.07005, 27.80489, 505.028
14, W-01-02, -51.88446, 75.42069, 506.060
15, W-01-03, -37.47250, 113.04577, 500.739
16, W-01-04, -15.44137, 136.14160, 494.368
17, W-01-05, 8.53404, 154.53196, 493.330
18, W-01-06, 31.50331, 175.40046, 498.669
19, W-01-07, 49.07005, -152.19511, 505.028
20, W-01-08, 51.88446, -104.57931, 506.060
21, W-01-09, 37.47250, -66.95423, 500.739
22, W-01-10, 15.44137, -43.85840, 494.368
23, W-01-11, -8.53404, -25.46804, 493.330
24, W-02-00, -39.10752, 50.57956, 501.331
25, W-02-01, -52.41909, 89.76279, 506.254
26, W-02-02, -47.99754, 136.81194, 504.630
27, W-02-03, -29.68249, 167.81210, 498.076
28, W-02-04, -6.50701, -171.82019, 493.135
29, W-02-05, 17.42649, -153.32493, 494.767
30, W-02-06, 39.10752, -129.42044, 501.331
31, W-02-07, 52.41909, -90.23721, 506.254
32, W-02-08, 47.99754, -43.18806, 504.630
33, W-02-09, 29.68249, -12.18790, 498.076
34, W-02-10, 6.50701, 8.17981, 493.135
35, W-02-11, -17.42649, 26.67507, 494.767
36, W-03-00, -45.61618, 108.00109, 503.743
37, W-03-01, -53.05720, 153.29259, 506.484
38, W-03-02, -42.14474, -164.58641, 502.450
39, W-03-03, -21.26972, -138.86909, 495.658
40, W-03-04, 2.52508, -120.02772, 492.904
41, W-03-05, 26.02986, -100.46753, 496.955
42, W-03-06, 45.61618, -71.99891, 503.743
43, W-03-07, 53.05720, -26.70741, 506.484
44, W-03-08, 42.14474, 15.41359, 502.450
45, W-03-09, 21.26972, 41.13091, 495.658
46, W-03-10, -2.52508, 59.97228, 492.904
47, W-03-11, -26.02986, 79.53247, 496.955
48, W-04-00, -50.45622, 168.18059, 505.539
49, W-04-01, -50.85026, -143.82632, 505.683
50, W-04-02, -34.96467, -108.49971, 499.849
51, W-04-03, -12.48287, -86.46315, 493.855
52, W-04-04, 11.51975, -68.14096, 493.709
53, W-04-05, 34.13171, -46.41406, 499.559
54, W-04-06, 50.45622, -11.81941, 505.539
55, W-04-07, 50.85026, 36.17368, 505.683
56, W-04-08, 34.96467, 71.50029, 499.849
57, W-04-09, 12.48287, 93.53685, 493.855
58, W-04-10, -11.51975, 111.85904, 493.709
59, W-04-11, -34.13171, 133.58594, 499.559
60, W-05-00, -52.95237, -129.13612, 506.446
61, W-05-01, -46.23085, -83.34272, 503.972
62, W-05-02, -26.93322, -54.28315, 497.223
63, W-05-03, -3.50038, -34.54577, 492.942
64, W-05-04, 20.33545, -15.80661, 495.428
65, W-05-05, 41.42348, 9.43835, 502.182
66, W-05-06, 52.95237, 50.86388, 506.446
67, W-05-07, 46.23085, 96.65728, 503.972
68, W-05-08, 26.93322, 125.71685, 497.223
69, W-05-09, 3.50038, 145.45423, 492.942
70, W-05-10, -20.33545, 164.19339, 495.428
71, W-05-11, -41.42348, -170.56165, 502.182
72, W-06-00, -52.62604, -65.56264, 506.329
73, W-06-01, -39.87169, -25.64133, 501.611
74, W-06-02, -18.37248, -1.32187, 494.972
75, W-06-03, 5.53410, 17.24067, 493.060
76, W-06-04, 28.79896, 37.39013, 497.796
77, W-06-05, 47.44793, 67.74311, 504.426
78, W-06-06, 52.62604, 114.43736, 506.329
79, W-06-07, 39.87169, 154.35867, 501.611
80, W-06-08, 18.37248, 178.67813, 494.972
81, W-06-09, -5.53410, -162.75933, 493.060
82, W-06-10, -28.79896, -142.60987, 497.796
83, W-06-11, -47.44793, -112.25689, 504.426
84, W-07-00, -49.54613, -3.35291, 505.204
85, W-07-01, -32.36354, 29.74759, 498.956
86, W-07-02, -9.50291, 50.87836, 493.441
87, W-07-03, 14.48583, 69.23534, 494.191
88, W-07-04, 36.67134, 91.97059, 500.452
89, W-07-05, 51.58051, 128.84743, 505.950
90, W-07-06, 49.54613, 176.64709, 505.204
91, W-07-07, 32.36354, -150.25241, 498.956
92, W-07-08, 9.50291, -129.12164, 493.441
93, W-07-09, -14.48583, -110.76466, 494.191
94, W-07-10, -36.67134, -88.02941, 500.452
95, W-07-11, -51.58051, -51.15257, 505.950

[LINKS]
Type, SourceID, TargetID
ISL, 0, 1
ISL, 0, 23
ISL, 1, 2
ISL, 1, 12
ISL, 2, 3
ISL, 2, 13
ISL, 3, 4
ISL, 3, 14
ISL, 4, 5
ISL, 4, 15
ISL, 5, 6
ISL, 5, 15
ISL, 6, 7
ISL, 6, 17
ISL, 7, 8
ISL, 7, 18
ISL, 8, 9
ISL, 8, 19
ISL, 9, 10
ISL, 9, 20
ISL, 10, 11
ISL, 10, 21
ISL, 11, 0
ISL, 11, 21
ISL, 12, 13
ISL, 12, 35
ISL, 13, 14
ISL, 13, 24
ISL, 14, 15
ISL, 14, 25
ISL, 15, 16
ISL, 15, 26
ISL, 16, 17
ISL, 16, 27
ISL, 17, 18
ISL, 17, 28
ISL, 18, 19
ISL, 18, 29
ISL, 19, 20
ISL, 19, 30
ISL, 20, 21
ISL, 20, 31
ISL, 21, 22
ISL, 21, 32
ISL, 22, 23
ISL, 22, 33
ISL, 23, 12
ISL, 23, 34
ISL, 24, 25
ISL, 24, 47
ISL, 25, 26
ISL, 25, 36
ISL, 26, 27
ISL, 26, 37
ISL, 27, 28
ISL, 27, 38
ISL, 28, 29
ISL, 28, 39
ISL, 29, 30
ISL, 29, 40
ISL, 30, 31
ISL, 30, 41
ISL, 31, 32
ISL, 31, 42
ISL, 32, 33
ISL, 32, 43
ISL, 33, 34
ISL, 33, 44
ISL, 34, 35
ISL, 34, 45
ISL, 35, 24
ISL, 35, 46
ISL, 36, 37
ISL, 36, 59
ISL, 37, 38
ISL, 37, 48
ISL, 38, 39
ISL, 38, 49
ISL, 39, 40
ISL, 39, 50
ISL, 40, 41
ISL, 40, 50
ISL, 41, 42
ISL, 41, 52
ISL, 42, 43
ISL, 42, 53
ISL, 43, 44
ISL, 43, 54
ISL, 44, 45
ISL, 44, 55
ISL, 45, 46
ISL, 45, 56
ISL, 46, 47
ISL, 46, 56
ISL, 47, 36
ISL, 47, 58
ISL, 48, 49
ISL, 48, 71
ISL, 49, 50
ISL, 49, 60
ISL, 50, 51
ISL, 50, 61
ISL, 51, 52
ISL, 51, 62
ISL, 52, 53
ISL, 52, 63
ISL, 53, 54
ISL, 53, 64
ISL, 54, 55
ISL, 54, 65
ISL, 55, 56
ISL, 55, 66
ISL, 56, 57
ISL, 56, 67
ISL, 57, 58
ISL, 57, 68
ISL, 58, 59
ISL, 58, 69
ISL, 59, 48
ISL, 59, 70
ISL, 60, 61
ISL, 60, 83
ISL, 61, 62
ISL, 61, 72
ISL, 62, 63
ISL, 62, 73
ISL, 63, 64
ISL, 63, 73
ISL, 64, 65
ISL, 64, 75
ISL, 65, 66
ISL, 65, 76
ISL, 66, 67
ISL, 66, 77
ISL, 67, 68
ISL, 67, 78
ISL, 68, 69
ISL, 68, 79
ISL, 69, 70
ISL, 69, 79
ISL, 70, 71
ISL, 70, 81
ISL, 71, 60
ISL, 71, 82
ISL, 72, 73
ISL, 72, 95
ISL, 73, 74
ISL, 73, 84
ISL, 74, 75
ISL, 74, 85
ISL, 75, 76
ISL, 75, 85
ISL, 76, 77
ISL, 76, 87
ISL, 77, 78
ISL, 77, 88
ISL, 78, 79
ISL, 78, 89
ISL, 79, 80
ISL, 79, 90
ISL, 80, 81
ISL, 80, 91
ISL, 81, 82
ISL, 81, 91
ISL, 82, 83
ISL, 82, 93
ISL, 83, 72
ISL, 83, 94
ISL, 84, 85
ISL, 84, 2
ISL, 85, 86
ISL, 85, 3
ISL, 86, 87
ISL, 86, 4
ISL, 87, 88
ISL, 87, 5
ISL, 88, 89
ISL, 88, 6
ISL, 89, 90
ISL, 89, 7
ISL, 90, 91
ISL, 90, 8
ISL, 91, 92
ISL, 91, 9
ISL, 92, 93
ISL, 92, 10
ISL, 93, 94
ISL, 93, 11
ISL, 94, 95
ISL, 94, 0
ISL, 95, 84
ISL, 95, 1
