[METADATA]
Time: 2026-04-12 03:40:43
Step: 113
Total_Sats: 96

[NODES]
ID, Name, Lat(deg), Lon(deg), Alt(km)
0, W-00-00, -6.76807, -70.44263, 493.158
1, W-00-01, -29.91854, -50.01397, 498.151
2, W-00-02, -48.14127, -18.83711, 504.684
3, W-00-03, -52.35804, 28.29836, 506.232
4, W-00-04, -38.90015, 67.28214, 501.256
5, W-00-05, -17.17189, 91.07828, 494.714
6, W-00-06, 6.76807, 109.55737, 493.158
7, W-00-07, 29.91854, 129.98603, 498.151
8, W-00-08, 48.14127, 161.16289, 504.684
9, W-00-09, 52.35804, -151.70164, 506.232
10, W-00-10, 38.90015, -112.71786, 501.256
11, W-00-11, 17.17189, -88.92172, 494.714
12, W-01-00, -15.69748, -18.39200, 494.417
13, W-01-01, -37.68571, 4.80357, 500.815
14, W-01-02, -51.96087, 42.62969, 506.088
15, W-01-03, -48.93795, 90.18627, 504.979
16, W-01-04, -31.27095, 122.40625, 498.592
17, W-01-05, -8.27362, 143.20681, 493.302
18, W-01-06, 15.69748, 161.60800, 494.417
19, W-01-07, 37.68571, -175.19643, 500.815
20, W-01-08, 51.96087, -137.37031, 506.088
21, W-01-09, 48.93795, -89.81373, 504.979
22, W-01-10, 31.27095, -57.59375, 498.592
23, W-01-11, 8.27362, -36.79319, 493.302
24, W-02-00, -24.37219, 34.29067, 496.481
25, W-02-01, -44.44922, 61.73336, 503.308
26, W-02-02, -53.16113, 106.00934, 506.521
27, W-02-03, -43.41691, 149.33763, 502.923
28, W-02-04, -22.95788, 175.96313, 496.095
29, W-02-05, 0.75014, -164.97969, 492.867
30, W-02-06, 24.37219, -145.70933, 496.481
31, W-02-07, 44.44922, -118.26664, 503.308
32, W-02-08, 53.16113, -73.99066, 506.521
33, W-02-09, 43.41691, -30.66237, 502.923
34, W-02-10, 22.95788, -4.03687, 496.095
35, W-02-11, -0.75014, 15.02031, 492.867
36, W-03-00, -32.59312, 88.06550, 499.033
37, W-03-01, -49.66964, 121.35524, 505.249
38, W-03-02, -51.49375, 169.19432, 505.918
39, W-03-03, -36.45434, -154.12941, 500.374
40, W-03-04, -14.22878, -131.48809, 494.145
41, W-03-05, 9.76280, -113.13823, 493.473
42, W-03-06, 32.59312, -91.93450, 499.033
43, W-03-07, 49.66964, -58.64476, 505.249
44, W-03-08, 51.49375, -10.80568, 505.918
45, W-03-09, 36.45434, 25.87059, 500.374
46, W-03-10, 14.22878, 48.51191, 494.145
47, W-03-11, -9.76280, 66.86177, 493.473
48, W-04-00, -40.07466, 143.51211, 501.685
49, W-04-01, -52.67607, -176.36995, 506.347
50, W-04-02, -47.29656, -129.77975, 504.370
51, W-04-03, -28.56055, -99.59758, 497.721
52, W-04-04, -5.27269, -79.50439, 493.042
53, W-04-05, 18.62590, -60.92188, 495.029
54, W-04-06, 40.07466, -36.48789, 501.685
55, W-04-07, 52.67607, 3.63005, 506.347
56, W-04-08, 47.29656, 50.22025, 504.370
57, W-04-09, 28.56055, 80.40242, 497.721
58, W-04-10, 5.27269, 100.49561, 493.042
59, W-04-11, -18.62590, 119.07812, 495.029
60, W-05-00, -46.39250, -158.71028, 504.033
61, W-05-01, -52.91850, -112.78954, 506.434
62, W-05-02, -41.22729, -71.55392, 502.110
63, W-05-03, -20.08387, -46.43257, 495.367
64, W-05-04, 3.76217, -27.71890, 492.954
65, W-05-05, 27.17478, -7.93174, 497.296
66, W-05-06, 46.39250, 21.28972, 504.033
67, W-05-07, 52.91850, 67.21046, 506.434
68, W-05-08, 41.22729, 108.44608, 502.110
69, W-05-09, 20.08387, 133.56743, 495.367
70, W-05-10, -3.76217, 152.28110, 492.954
71, W-05-11, -27.17478, 172.06826, 497.296
72, W-06-00, -50.95128, -98.14559, 505.720
73, W-06-01, -50.34569, -50.16277, 505.498
74, W-06-02, -33.90643, -15.76307, 499.481
75, W-06-03, -11.26078, 5.88338, 493.672
76, W-06-04, 12.74112, 24.20741, 493.895
77, W-06-05, 35.18670, 46.32984, 499.926
78, W-06-06, 50.95128, 81.85441, 505.720
79, W-06-07, 50.34569, 129.83723, 505.498
80, W-06-08, 33.90643, 164.23693, 499.481
81, W-06-09, 11.26078, -174.11662, 493.672
82, W-06-10, -12.74112, -155.79259, 493.895
83, W-06-11, -35.18670, -133.67016, 499.926
84, W-07-00, -53.07960, -35.21495, 506.492
85, W-07-01, -45.44780, 9.93465, 503.680
86, W-07-02, -25.78629, 38.24781, 496.884
87, W-07-03, -2.26311, 57.76260, 492.896
88, W-07-04, 21.51988, 76.63339, 495.721
89, W-07-05, 42.33583, 102.48079, 502.521
90, W-07-06, 53.07960, 144.78505, 506.492
91, W-07-07, 45.44780, -170.06535, 503.680
92, W-07-08, 25.78629, -141.75219, 496.884
93, W-07-09, 2.26311, -122.23740, 492.896
94, W-07-10, -21.51988, -103.36661, 495.721
95, W-07-11, -42.33583, -77.51921, 502.521

[LINKS]
Type, SourceID, TargetID
ISL, 0, 1
ISL, 0, 23
ISL, 1, 2
ISL, 1, 12
ISL, 2, 3
ISL, 2, 13
ISL, 3, 4
ISL, 3, 14
ISL, 4, 5
ISL, 4, 15
ISL, 5, 6
ISL, 5, 15
ISL, 6, 7
ISL, 6, 17
ISL, 7, 8
ISL, 7, 18
ISL, 8, 9
ISL, 8, 19
ISL, 9, 10
ISL, 9, 20
ISL, 10, 11
ISL, 10, 21
ISL, 11, 0
ISL, 11, 21
ISL, 12, 13
ISL, 12, 35
ISL, 13, 14
ISL, 13, 24
ISL, 14, 15
ISL, 14, 25
ISL, 15, 16
ISL, 15, 26
ISL, 16, 17
ISL, 16, 27
ISL, 17, 18
ISL, 17, 28
ISL, 18, 19
ISL, 18, 29
ISL, 19, 20
ISL, 19, 30
ISL, 20, 21
ISL, 20, 31
ISL, 21, 22
ISL, 21, 32
ISL, 22, 23
ISL, 22, 33
ISL, 23, 12
ISL, 23, 34
ISL, 24, 25
ISL, 24, 47
ISL, 25, 26
ISL, 25, 36
ISL, 26, 27
ISL, 26, 37
ISL, 27, 28
ISL, 27, 38
ISL, 28, 29
ISL, 28, 39
ISL, 29, 30
ISL, 29, 40
ISL, 30, 31
ISL, 30, 41
ISL, 31, 32
ISL, 31, 42
ISL, 32, 33
ISL, 32, 43
ISL, 33, 34
ISL, 33, 44
ISL, 34, 35
ISL, 34, 45
ISL, 35, 24
ISL, 35, 46
ISL, 36, 37
ISL, 36, 59
ISL, 37, 38
ISL, 37, 48
ISL, 38, 39
ISL, 38, 49
ISL, 39, 40
ISL, 39, 50
ISL, 40, 41
ISL, 40, 50
ISL, 41, 42
ISL, 41, 52
ISL, 42, 43
ISL, 42, 53
ISL, 43, 44
ISL, 43, 54
ISL, 44, 45
ISL, 44, 55
ISL, 45, 46
ISL, 45, 56
ISL, 46, 47
ISL, 46, 56
ISL, 47, 36
ISL, 47, 58
ISL, 48, 49
ISL, 48, 71
ISL, 49, 50
ISL, 49, 60
ISL, 50, 51
ISL, 50, 61
ISL, 51, 52
ISL, 51, 62
ISL, 52, 53
ISL, 52, 63
ISL, 53, 54
ISL, 53, 64
ISL, 54, 55
ISL, 54, 65
ISL, 55, 56
ISL, 55, 66
ISL, 56, 57
ISL, 56, 67
ISL, 57, 58
ISL, 57, 68
ISL, 58, 59
ISL, 58, 69
ISL, 59, 48
ISL, 59, 70
ISL, 60, 61
ISL, 60, 83
ISL, 61, 62
ISL, 61, 72
ISL, 62, 63
ISL, 62, 73
ISL, 63, 64
ISL, 63, 73
ISL, 64, 65
ISL, 64, 75
ISL, 65, 66
ISL, 65, 76
ISL, 66, 67
ISL, 66, 77
ISL, 67, 68
ISL, 67, 78
ISL, 68, 69
ISL, 68, 79
ISL, 69, 70
ISL, 69, 79
ISL, 70, 71
ISL, 70, 81
ISL, 71, 60
ISL, 71, 82
ISL, 72, 73
ISL, 72, 95
ISL, 73, 74
ISL, 73, 84
ISL, 74, 75
ISL, 74, 85
ISL, 75, 76
ISL, 75, 85
ISL, 76, 77
ISL, 76, 87
ISL, 77, 78
ISL, 77, 88
ISL, 78, 79
ISL, 78, 89
ISL, 79, 80
ISL, 79, 90
ISL, 80, 81
ISL, 80, 91
ISL, 81, 82
ISL, 81, 91
ISL, 82, 83
ISL, 82, 93
ISL, 83, 72
ISL, 83, 94
ISL, 84, 85
ISL, 84, 2
ISL, 85, 86
ISL, 85, 3
ISL, 86, 87
ISL, 86, 4
ISL, 87, 88
ISL, 87, 5
ISL, 88, 89
ISL, 88, 6
ISL, 89, 90
ISL, 89, 7
ISL, 90, 91
ISL, 90, 8
ISL, 91, 92
ISL, 91, 9
ISL, 92, 93
ISL, 92, 10
ISL, 93, 94
ISL, 93, 11
ISL, 94, 95
ISL, 94, 0
ISL, 95, 84
ISL, 95, 1
