[METADATA]
Time: 2026-04-12 03:41:43
Step: 115
Total_Sats: 96

[NODES]
ID, Name, Lat(deg), Lon(deg), Alt(km)
0, W-00-00, -9.81121, -68.35127, 493.479
1, W-00-01, -32.63583, -47.13382, 499.048
2, W-00-02, -49.69245, -13.80871, 505.258
3, W-00-03, -51.47734, 34.03724, 505.912
4, W-00-04, -36.41382, 70.67616, 500.360
5, W-00-05, -14.18087, 93.30011, 494.137
6, W-00-06, 9.81121, 111.64873, 493.479
7, W-00-07, 32.63583, 132.86618, 499.048
8, W-00-08, 49.69245, 166.19129, 505.258
9, W-00-09, 51.47734, -145.96276, 505.912
10, W-00-10, 36.41382, -109.32384, 500.360
11, W-00-11, 14.18087, -86.69989, 494.137
12, W-01-00, -18.67310, -16.13188, 495.040
13, W-01-01, -40.11237, 8.32360, 501.699
14, W-01-02, -52.68513, 48.47809, 506.350
15, W-01-03, -47.26819, 95.04851, 504.359
16, W-01-04, -28.51607, 125.19899, 497.707
17, W-01-05, -5.22397, 145.28180, 493.039
18, W-01-06, 18.67310, 163.86812, 495.040
19, W-01-07, 40.11237, -171.67640, 501.699
20, W-01-08, 52.68513, -131.52191, 506.350
21, W-01-09, 47.26819, -84.95149, 504.359
22, W-01-10, 28.51607, -54.80101, 497.707
23, W-01-11, 5.22397, -34.71820, 493.039
24, W-02-00, -27.21974, 36.86369, 497.309
25, W-02-01, -46.42246, 66.11546, 504.044
26, W-02-02, -52.91192, 112.05957, 506.432
27, W-02-03, -41.19062, 153.25967, 502.096
28, W-02-04, -20.03697, 178.35813, 495.356
29, W-02-05, 3.81095, -162.93286, 492.957
30, W-02-06, 27.21974, -143.13631, 497.309
31, W-02-07, 46.42246, -113.88454, 504.044
32, W-02-08, 52.91192, -67.94043, 506.432
33, W-02-09, 41.19062, -26.74033, 502.096
34, W-02-10, 20.03697, -1.64187, 495.356
35, W-02-11, -3.81095, 17.06714, 492.957
36, W-03-00, -35.22799, 91.13371, 499.941
37, W-03-01, -50.96987, 126.69523, 505.727
38, W-03-02, -50.32488, 174.67566, 505.491
39, W-03-03, -33.86438, -150.96089, 499.467
40, W-03-04, -11.21250, -129.32931, 493.665
41, W-03-05, 12.78922, -111.00485, 493.903
42, W-03-06, 35.22799, -88.86629, 499.941
43, W-03-07, 50.96987, -53.30477, 505.727
44, W-03-08, 50.32488, -5.32434, 505.491
45, W-03-09, 33.86438, 29.03911, 499.467
46, W-03-10, 11.21250, 50.67069, 493.665
47, W-03-11, -12.78922, 68.99515, 493.903
48, W-04-00, -42.37132, 147.29670, 502.534
49, W-04-01, -53.08351, -170.36507, 506.493
50, W-04-02, -45.41627, -125.24224, 503.668
51, W-04-03, -25.74086, -96.95788, 496.871
52, W-04-04, -2.21430, -77.45145, 492.895
53, W-04-05, 21.56645, -58.57509, 495.733
54, W-04-06, 42.37132, -32.70330, 502.534
55, W-04-07, 53.08351, 9.63493, 506.493
56, W-04-08, 45.41627, 54.75776, 503.668
57, W-04-09, 25.74086, 83.04212, 496.871
58, W-04-10, 2.21430, 102.54855, 492.895
59, W-04-11, -21.56645, 121.42491, 495.733
60, W-05-00, -48.16786, -154.00618, 504.694
61, W-05-01, -52.34640, -106.85505, 506.228
62, W-05-02, -38.86142, -67.90848, 501.241
63, W-05-03, -17.12443, -44.13239, 494.704
64, W-05-04, 6.81671, -25.65623, 493.162
65, W-05-05, 29.96246, -5.21610, 498.165
66, W-05-06, 48.16786, 25.99382, 504.694
67, W-05-07, 52.34640, 73.14495, 506.228
68, W-05-08, 38.86142, 112.09152, 501.241
69, W-05-09, 17.12443, 135.86761, 494.704
70, W-05-10, -6.81671, 154.34377, 493.162
71, W-05-11, -29.96246, 174.78390, 498.165
72, W-06-00, -51.97486, -92.52539, 506.093
73, W-06-01, -48.91315, -44.98029, 504.970
74, W-06-02, -31.22759, -12.79457, 498.578
75, W-06-03, -8.22508, 7.99346, 493.297
76, W-06-04, 15.74517, 26.39675, 494.426
77, W-06-05, 37.72535, 49.61104, 500.830
78, W-06-06, 51.97486, 87.47461, 506.093
79, W-06-07, 48.91315, 135.01971, 504.970
80, W-06-08, 31.22759, 167.20543, 498.578
81, W-06-09, 8.22508, -172.00654, 493.297
82, W-06-10, -15.74517, -153.60325, 494.426
83, W-06-11, -37.72535, -130.38896, 500.830
84, W-07-00, -53.15977, -29.14042, 506.521
85, W-07-01, -43.38263, 14.15582, 502.910
86, W-07-02, -22.91164, 40.75548, 496.082
87, W-07-03, 0.79897, 59.80621, 492.867
88, W-07-04, 24.41803, 79.08399, 496.494
89, W-07-05, 44.48213, 106.55405, 503.320
90, W-07-06, 53.15977, 150.85958, 506.521
91, W-07-07, 43.38263, -165.84418, 502.910
92, W-07-08, 22.91164, -139.24452, 496.082
93, W-07-09, -0.79897, -120.19379, 492.867
94, W-07-10, -24.41803, -100.91601, 496.494
95, W-07-11, -44.48213, -73.44595, 503.320

[LINKS]
Type, SourceID, TargetID
ISL, 0, 1
ISL, 0, 23
ISL, 1, 2
ISL, 1, 12
ISL, 2, 3
ISL, 2, 13
ISL, 3, 4
ISL, 3, 14
ISL, 4, 5
ISL, 4, 15
ISL, 5, 6
ISL, 5, 15
ISL, 6, 7
ISL, 6, 17
ISL, 7, 8
ISL, 7, 18
ISL, 8, 9
ISL, 8, 19
ISL, 9, 10
ISL, 9, 20
ISL, 10, 11
ISL, 10, 21
ISL, 11, 0
ISL, 11, 21
ISL, 12, 13
ISL, 12, 35
ISL, 13, 14
ISL, 13, 24
ISL, 14, 15
ISL, 14, 25
ISL, 15, 16
ISL, 15, 26
ISL, 16, 17
ISL, 16, 27
ISL, 17, 18
ISL, 17, 28
ISL, 18, 19
ISL, 18, 29
ISL, 19, 20
ISL, 19, 30
ISL, 20, 21
ISL, 20, 31
ISL, 21, 22
ISL, 21, 32
ISL, 22, 23
ISL, 22, 33
ISL, 23, 12
ISL, 23, 34
ISL, 24, 25
ISL, 24, 47
ISL, 25, 26
ISL, 25, 36
ISL, 26, 27
ISL, 26, 37
ISL, 27, 28
ISL, 27, 38
ISL, 28, 29
ISL, 28, 39
ISL, 29, 30
ISL, 29, 40
ISL, 30, 31
ISL, 30, 41
ISL, 31, 32
ISL, 31, 42
ISL, 32, 33
ISL, 32, 43
ISL, 33, 34
ISL, 33, 44
ISL, 34, 35
ISL, 34, 45
ISL, 35, 24
ISL, 35, 46
ISL, 36, 37
ISL, 36, 59
ISL, 37, 38
ISL, 37, 48
ISL, 38, 39
ISL, 38, 49
ISL, 39, 40
ISL, 39, 50
ISL, 40, 41
ISL, 40, 50
ISL, 41, 42
ISL, 41, 52
ISL, 42, 43
ISL, 42, 53
ISL, 43, 44
ISL, 43, 54
ISL, 44, 45
ISL, 44, 55
ISL, 45, 46
ISL, 45, 56
ISL, 46, 47
ISL, 46, 56
ISL, 47, 36
ISL, 47, 58
ISL, 48, 49
ISL, 48, 71
ISL, 49, 50
ISL, 49, 60
ISL, 50, 51
ISL, 50, 61
ISL, 51, 52
ISL, 51, 62
ISL, 52, 53
ISL, 52, 63
ISL, 53, 54
ISL, 53, 64
ISL, 54, 55
ISL, 54, 65
ISL, 55, 56
ISL, 55, 66
ISL, 56, 57
ISL, 56, 67
ISL, 57, 58
ISL, 57, 68
ISL, 58, 59
ISL, 58, 69
ISL, 59, 48
ISL, 59, 70
ISL, 60, 61
ISL, 60, 83
ISL, 61, 62
ISL, 61, 72
ISL, 62, 63
ISL, 62, 73
ISL, 63, 64
ISL, 63, 73
ISL, 64, 65
ISL, 64, 75
ISL, 65, 66
ISL, 65, 76
ISL, 66, 67
ISL, 66, 77
ISL, 67, 68
ISL, 67, 78
ISL, 68, 69
ISL, 68, 79
ISL, 69, 70
ISL, 69, 79
ISL, 70, 71
ISL, 70, 81
ISL, 71, 60
ISL, 71, 82
ISL, 72, 73
ISL, 72, 95
ISL, 73, 74
ISL, 73, 84
ISL, 74, 75
ISL, 74, 85
ISL, 75, 76
ISL, 75, 85
ISL, 76, 77
ISL, 76, 87
ISL, 77, 78
ISL, 77, 88
ISL, 78, 79
ISL, 78, 89
ISL, 79, 80
ISL, 79, 90
ISL, 80, 81
ISL, 80, 91
ISL, 81, 82
ISL, 81, 91
ISL, 82, 83
ISL, 82, 93
ISL, 83, 72
ISL, 83, 94
ISL, 84, 85
ISL, 84, 2
ISL, 85, 86
ISL, 85, 3
ISL, 86, 87
ISL, 86, 4
ISL, 87, 88
ISL, 87, 5
ISL, 88, 89
ISL, 88, 6
ISL, 89, 90
ISL, 89, 7
ISL, 90, 91
ISL, 90, 8
ISL, 91, 92
ISL, 91, 9
ISL, 92, 93
ISL, 92, 10
ISL, 93, 94
ISL, 93, 11
ISL, 94, 95
ISL, 94, 0
ISL, 95, 84
ISL, 95, 1
