[METADATA]
Time: 2026-04-12 02:47:43
Step: 7
Total_Sats: 96

[NODES]
ID, Name, Lat(deg), Lon(deg), Alt(km)
0, W-00-00, -10.84031, 109.50009, 493.614
1, W-00-01, 13.15974, 127.82876, 493.963
2, W-00-02, 35.54538, 150.09300, 500.052
3, W-00-03, 51.11077, -174.06018, 505.778
4, W-00-04, 50.16221, -126.10323, 505.431
5, W-00-05, 33.53955, -92.01822, 499.355
6, W-00-06, 10.84031, -70.49991, 493.614
7, W-00-07, -13.15974, -52.17124, 493.963
8, W-00-08, -35.54538, -29.90700, 500.052
9, W-00-09, -51.11077, 5.93982, 505.778
10, W-00-10, -50.16221, 53.89677, 505.431
11, W-00-11, -33.53955, 87.98178, 499.355
12, W-01-00, -1.83804, 161.36773, 492.885
13, W-01-01, 21.92505, -179.71197, 495.824
14, W-01-02, 42.64349, -153.65060, 502.635
15, W-01-03, 53.11076, -111.05251, 506.503
16, W-01-04, 45.17171, -66.13924, 503.577
17, W-01-05, 25.39026, -38.07534, 496.769
18, W-01-06, 1.83804, -18.63227, 492.885
19, W-01-07, -21.92505, 0.28803, 495.824
20, W-01-08, -42.64349, 26.34940, 502.635
21, W-01-09, -53.11076, 68.94749, 506.503
22, W-01-10, -45.17171, 113.86076, 503.577
23, W-01-11, -25.39026, 141.92466, 496.769
24, W-02-00, 7.19143, -146.83320, 493.196
25, W-02-01, 30.30038, -126.30348, 498.275
26, W-02-02, 48.37089, -94.83740, 504.769
27, W-02-03, 52.25409, -47.57017, 506.194
28, W-02-04, 38.56183, -8.91082, 501.132
29, W-02-05, 16.75835, 14.71227, 494.628
30, W-02-06, -7.19143, 33.16680, 493.196
31, W-02-07, -30.30038, 53.69652, 498.275
32, W-02-08, -48.37089, 85.16260, 504.769
33, W-02-09, -52.25409, 132.42983, 506.194
34, W-02-10, -38.56183, 171.08918, 501.132
35, W-02-11, -16.75835, -165.28773, 494.628
36, W-03-00, 16.11253, -94.76174, 494.498
37, W-03-01, 38.02986, -71.40169, 500.940
38, W-03-02, 52.08009, -33.24957, 506.131
39, W-03-03, 48.71990, 14.20222, 504.898
40, W-03-04, 30.89277, 46.12525, 498.468
41, W-03-05, 7.85089, 66.81785, 493.259
42, W-03-06, -16.11253, 85.23826, 494.498
43, W-03-07, -38.02986, 108.59831, 500.940
44, W-03-08, -52.08009, 146.75043, 506.131
45, W-03-09, -48.71990, -165.79778, 504.898
46, W-03-10, -30.89277, -133.87475, 498.468
47, W-03-11, -7.85089, -113.18215, 493.259
48, W-04-00, 24.77086, -42.03885, 496.593
49, W-04-01, 44.73428, -14.35624, 503.414
50, W-04-02, 53.14648, 30.17417, 506.516
51, W-04-03, 43.11705, 73.22101, 502.811
52, W-04-04, 22.55492, 99.62319, 495.988
53, W-04-05, -1.17534, 118.62512, 492.872
54, W-04-06, -24.77086, 137.96115, 496.593
55, W-04-07, -44.73428, 165.64376, 503.414
56, W-04-08, -53.14648, -149.82583, 506.516
57, W-04-09, -43.11705, -106.77899, 502.811
58, W-04-10, -22.55492, -80.37681, 495.988
59, W-04-11, 1.17534, -61.37488, 492.872
60, W-05-00, 32.96428, 11.80064, 499.159
61, W-05-01, 49.86604, 45.39938, 505.322
62, W-05-02, 51.34843, 93.29333, 505.865
63, W-05-03, 36.10065, 129.64474, 500.249
64, W-05-04, 13.81136, 152.13624, 494.073
65, W-05-05, -10.18417, 170.47622, 493.526
66, W-05-06, -32.96428, -168.19936, 499.159
67, W-05-07, -49.86604, -134.60062, 505.322
68, W-05-08, -51.34843, -86.70667, 505.865
69, W-05-09, -36.10065, -50.35526, 500.249
70, W-05-10, -13.81136, -27.86376, 494.073
71, W-05-11, 10.18417, -9.52378, 493.526
72, W-06-00, 40.40190, 67.34204, 501.805
73, W-06-01, 52.75222, 107.77728, 506.374
74, W-06-02, 47.04767, 154.19104, 504.277
75, W-06-03, 28.17272, -175.90117, 497.601
76, W-06-04, 4.84843, -155.89720, 493.015
77, W-06-05, -19.03650, -137.28058, 495.122
78, W-06-06, -40.40190, -112.65796, 501.805
79, W-06-07, -52.75222, -72.22272, 506.374
80, W-06-08, -47.04767, -25.80896, 504.277
81, W-06-09, -28.17272, 4.09883, 497.601
82, W-06-10, -4.84843, 24.10280, 493.015
83, W-06-11, 19.03650, 42.71942, 495.122
84, W-07-00, 46.65163, 125.24424, 504.129
85, W-07-01, 52.85843, 171.36460, 506.413
86, W-07-02, 40.90680, -147.71040, 501.991
87, W-07-03, 19.67512, -122.78673, 495.270
88, W-07-04, -4.18680, -104.11266, 492.976
89, W-07-05, -27.56572, -84.24273, 497.414
90, W-07-06, -46.65163, -54.75576, 504.129
91, W-07-07, -52.85843, -8.63540, 506.413
92, W-07-08, -40.90680, 32.28960, 501.991
93, W-07-09, -19.67512, 57.21327, 495.270
94, W-07-10, 4.18680, 75.88734, 492.976
95, W-07-11, 27.56572, 95.75727, 497.414

[LINKS]
Type, SourceID, TargetID
ISL, 0, 1
ISL, 0, 23
ISL, 1, 2
ISL, 1, 12
ISL, 2, 3
ISL, 2, 13
ISL, 3, 4
ISL, 3, 14
ISL, 4, 5
ISL, 4, 15
ISL, 5, 6
ISL, 5, 15
ISL, 6, 7
ISL, 6, 17
ISL, 7, 8
ISL, 7, 18
ISL, 8, 9
ISL, 8, 19
ISL, 9, 10
ISL, 9, 20
ISL, 10, 11
ISL, 10, 21
ISL, 11, 0
ISL, 11, 21
ISL, 12, 13
ISL, 12, 35
ISL, 13, 14
ISL, 13, 24
ISL, 14, 15
ISL, 14, 25
ISL, 15, 16
ISL, 15, 26
ISL, 16, 17
ISL, 16, 27
ISL, 17, 18
ISL, 17, 28
ISL, 18, 19
ISL, 18, 29
ISL, 19, 20
ISL, 19, 30
ISL, 20, 21
ISL, 20, 31
ISL, 21, 22
ISL, 21, 32
ISL, 22, 23
ISL, 22, 33
ISL, 23, 12
ISL, 23, 34
ISL, 24, 25
ISL, 24, 47
ISL, 25, 26
ISL, 25, 36
ISL, 26, 27
ISL, 26, 37
ISL, 27, 28
ISL, 27, 38
ISL, 28, 29
ISL, 28, 39
ISL, 29, 30
ISL, 29, 40
ISL, 30, 31
ISL, 30, 41
ISL, 31, 32
ISL, 31, 42
ISL, 32, 33
ISL, 32, 43
ISL, 33, 34
ISL, 33, 44
ISL, 34, 35
ISL, 34, 45
ISL, 35, 24
ISL, 35, 46
ISL, 36, 37
ISL, 36, 59
ISL, 37, 38
ISL, 37, 48
ISL, 38, 39
ISL, 38, 49
ISL, 39, 40
ISL, 39, 50
ISL, 40, 41
ISL, 40, 50
ISL, 41, 42
ISL, 41, 52
ISL, 42, 43
ISL, 42, 53
ISL, 43, 44
ISL, 43, 54
ISL, 44, 45
ISL, 44, 55
ISL, 45, 46
ISL, 45, 56
ISL, 46, 47
ISL, 46, 56
ISL, 47, 36
ISL, 47, 58
ISL, 48, 49
ISL, 48, 71
ISL, 49, 50
ISL, 49, 60
ISL, 50, 51
ISL, 50, 61
ISL, 51, 52
ISL, 51, 62
ISL, 52, 53
ISL, 52, 63
ISL, 53, 54
ISL, 53, 64
ISL, 54, 55
ISL, 54, 65
ISL, 55, 56
ISL, 55, 66
ISL, 56, 57
ISL, 56, 67
ISL, 57, 58
ISL, 57, 68
ISL, 58, 59
ISL, 58, 69
ISL, 59, 48
ISL, 59, 70
ISL, 60, 61
ISL, 60, 83
ISL, 61, 62
ISL, 61, 72
ISL, 62, 63
ISL, 62, 73
ISL, 63, 64
ISL, 63, 73
ISL, 64, 65
ISL, 64, 75
ISL, 65, 66
ISL, 65, 76
ISL, 66, 67
ISL, 66, 77
ISL, 67, 68
ISL, 67, 78
ISL, 68, 69
ISL, 68, 79
ISL, 69, 70
ISL, 69, 79
ISL, 70, 71
ISL, 70, 81
ISL, 71, 60
ISL, 71, 82
ISL, 72, 73
ISL, 72, 95
ISL, 73, 74
ISL, 73, 84
ISL, 74, 75
ISL, 74, 85
ISL, 75, 76
ISL, 75, 85
ISL, 76, 77
ISL, 76, 87
ISL, 77, 78
ISL, 77, 88
ISL, 78, 79
ISL, 78, 89
ISL, 79, 80
ISL, 79, 90
ISL, 80, 81
ISL, 80, 91
ISL, 81, 82
ISL, 81, 91
ISL, 82, 83
ISL, 82, 93
ISL, 83, 72
ISL, 83, 94
ISL, 84, 85
ISL, 84, 2
ISL, 85, 86
ISL, 85, 3
ISL, 86, 87
ISL, 86, 4
ISL, 87, 88
ISL, 87, 5
ISL, 88, 89
ISL, 88, 6
ISL, 89, 90
ISL, 89, 7
ISL, 90, 91
ISL, 90, 8
ISL, 91, 92
ISL, 91, 9
ISL, 92, 93
ISL, 92, 10
ISL, 93, 94
ISL, 93, 11
ISL, 94, 95
ISL, 94, 0
ISL, 95, 84
ISL, 95, 1
