[METADATA]
Time: 2026-04-12 03:01:13
Step: 34
Total_Sats: 96

[NODES]
ID, Name, Lat(deg), Lon(deg), Alt(km)
0, W-00-00, 29.53799, 139.46999, 498.029
1, W-00-01, 47.90890, 170.36279, 504.597
2, W-00-02, 52.45526, -142.64271, 506.267
3, W-00-03, 39.23379, -103.33783, 501.377
4, W-00-04, 17.58195, -79.36649, 494.800
5, W-00-05, -6.34744, -60.86095, 493.122
6, W-00-06, -29.53799, -40.53001, 498.029
7, W-00-07, -47.90890, -9.63721, 504.597
8, W-00-08, -52.45526, 37.35729, 506.267
9, W-00-09, -39.23379, 76.66217, 501.377
10, W-00-10, -17.58195, 100.63351, 494.800
11, W-00-11, 6.34744, 119.13905, 493.122
12, W-01-00, 37.34180, -165.79470, 500.692
13, W-01-01, 51.83667, -128.29246, 506.043
14, W-01-02, 49.14989, -80.64251, 505.057
15, W-01-03, 31.64502, -48.12484, 498.716
16, W-01-04, 8.69313, -27.21432, 493.348
17, W-01-05, -15.28477, -8.83018, 494.338
18, W-01-06, -37.34180, 14.20530, 500.692
19, W-01-07, -51.83667, 51.70754, 506.043
20, W-01-08, -49.14989, 99.35749, 505.057
21, W-01-09, -31.64502, 131.87516, 498.716
22, W-01-10, -8.69313, 152.78568, 493.348
23, W-01-11, 15.28477, 171.16982, 494.338
24, W-02-00, 44.16281, -108.97838, 503.201
25, W-02-01, 53.16927, -64.96152, 506.524
26, W-02-02, 43.71155, -21.35908, 503.032
27, W-02-03, 23.35713, 5.49180, 496.202
28, W-02-04, -0.32788, 24.60610, 492.864
29, W-02-05, -23.97532, 43.81356, 496.371
30, W-02-06, -44.16281, 71.02162, 503.201
31, W-02-07, -53.16927, 115.03848, 506.524
32, W-02-08, -43.71155, 158.64092, 503.032
33, W-02-09, -23.35713, -174.50820, 496.202
34, W-02-10, 0.32788, -155.39390, 492.864
35, W-02-11, 23.97532, -136.18644, 496.371
36, W-03-00, 49.46975, -49.48922, 505.176
37, W-03-01, 51.63246, -1.71573, 505.969
38, W-03-02, 36.80355, 35.28377, 500.499
39, W-03-03, 14.64281, 58.07702, 494.219
40, W-03-04, -9.34404, 76.43873, 493.422
41, W-03-05, -32.22295, 97.52545, 498.909
42, W-03-06, -49.46975, 130.51078, 505.176
43, W-03-07, -51.63246, 178.28427, 505.969
44, W-03-08, -36.80355, -144.71623, 500.499
45, W-03-09, -14.64281, -121.92298, 494.219
46, W-03-10, 9.34404, -103.56127, 493.422
47, W-03-11, 32.22295, -82.47455, 498.909
48, W-04-00, 52.59430, 12.68019, 506.317
49, W-04-01, 47.53965, 59.43623, 504.460
50, W-04-02, 28.94441, 89.89421, 497.841
51, W-04-03, 5.69382, 110.07854, 493.072
52, W-04-04, -18.21749, 128.62928, 494.938
53, W-04-05, -39.74719, 152.87940, 501.565
54, W-04-06, -52.59430, -167.31981, 506.317
55, W-04-07, -47.53965, -120.56377, 504.460
56, W-04-08, -28.94441, -90.10579, 497.841
57, W-04-09, -5.69382, -69.92146, 493.072
58, W-04-10, 18.21749, -51.37072, 494.938
59, W-04-11, 39.74719, -27.12060, 501.565
60, W-05-00, 52.97187, 76.24843, 506.453
61, W-05-01, 41.54285, 117.78940, 502.227
62, W-05-02, 20.48904, 143.11056, 495.465
63, W-05-03, -3.34038, 161.86570, 492.935
64, W-05-04, -26.78540, -178.42687, 497.179
65, W-05-05, -46.13135, -149.46556, 503.935
66, W-05-06, -52.97187, -103.75157, 506.453
67, W-05-07, -41.54285, -62.21060, 502.227
68, W-05-08, -20.48904, -36.88944, 495.465
69, W-05-09, 3.34038, -18.13430, 492.935
70, W-05-10, 26.78540, 1.57313, 497.179
71, W-05-11, 46.13135, 30.53444, 503.935
72, W-06-00, 50.52279, 138.96557, 505.563
73, W-06-01, 34.26903, 173.67971, 499.607
74, W-06-02, 11.67794, -164.54367, 493.733
75, W-06-03, -12.32499, -146.22222, 493.830
76, W-06-04, -34.82865, -124.23757, 499.801
77, W-06-05, -50.78752, -89.03165, 505.660
78, W-06-06, -50.52279, -41.03443, 505.563
79, W-06-07, -34.26903, -6.32029, 499.607
80, W-06-08, -11.67794, 15.45633, 493.733
81, W-06-09, 12.32499, 33.77778, 493.830
82, W-06-10, 34.82865, 55.76243, 499.801
83, W-06-11, 50.78752, 90.96835, 505.660
84, W-07-00, 45.71838, -160.80484, 503.781
85, W-07-01, 26.17849, -132.24056, 496.999
86, W-07-02, 2.68515, -112.65217, 492.910
87, W-07-03, -21.11671, -93.82836, 495.620
88, W-07-04, -42.02742, -68.18986, 502.406
89, W-07-05, -53.04231, -26.18160, 506.479
90, W-07-06, -45.71838, 19.19516, 503.781
91, W-07-07, -26.17849, 47.75944, 496.999
92, W-07-08, -2.68515, 67.34783, 492.910
93, W-07-09, 21.11671, 86.17164, 495.620
94, W-07-10, 42.02742, 111.81014, 502.406
95, W-07-11, 53.04231, 153.81840, 506.479

[LINKS]
Type, SourceID, TargetID
ISL, 0, 1
ISL, 0, 23
ISL, 1, 2
ISL, 1, 12
ISL, 2, 3
ISL, 2, 13
ISL, 3, 4
ISL, 3, 14
ISL, 4, 5
ISL, 4, 15
ISL, 5, 6
ISL, 5, 15
ISL, 6, 7
ISL, 6, 17
ISL, 7, 8
ISL, 7, 18
ISL, 8, 9
ISL, 8, 19
ISL, 9, 10
ISL, 9, 20
ISL, 10, 11
ISL, 10, 21
ISL, 11, 0
ISL, 11, 21
ISL, 12, 13
ISL, 12, 35
ISL, 13, 14
ISL, 13, 24
ISL, 14, 15
ISL, 14, 25
ISL, 15, 16
ISL, 15, 26
ISL, 16, 17
ISL, 16, 27
ISL, 17, 18
ISL, 17, 28
ISL, 18, 19
ISL, 18, 29
ISL, 19, 20
ISL, 19, 30
ISL, 20, 21
ISL, 20, 31
ISL, 21, 22
ISL, 21, 32
ISL, 22, 23
ISL, 22, 33
ISL, 23, 12
ISL, 23, 34
ISL, 24, 25
ISL, 24, 47
ISL, 25, 26
ISL, 25, 36
ISL, 26, 27
ISL, 26, 37
ISL, 27, 28
ISL, 27, 38
ISL, 28, 29
ISL, 28, 39
ISL, 29, 30
ISL, 29, 40
ISL, 30, 31
ISL, 30, 41
ISL, 31, 32
ISL, 31, 42
ISL, 32, 33
ISL, 32, 43
ISL, 33, 34
ISL, 33, 44
ISL, 34, 35
ISL, 34, 45
ISL, 35, 24
ISL, 35, 46
ISL, 36, 37
ISL, 36, 59
ISL, 37, 38
ISL, 37, 48
ISL, 38, 39
ISL, 38, 49
ISL, 39, 40
ISL, 39, 50
ISL, 40, 41
ISL, 40, 50
ISL, 41, 42
ISL, 41, 52
ISL, 42, 43
ISL, 42, 53
ISL, 43, 44
ISL, 43, 54
ISL, 44, 45
ISL, 44, 55
ISL, 45, 46
ISL, 45, 56
ISL, 46, 47
ISL, 46, 56
ISL, 47, 36
ISL, 47, 58
ISL, 48, 49
ISL, 48, 71
ISL, 49, 50
ISL, 49, 60
ISL, 50, 51
ISL, 50, 61
ISL, 51, 52
ISL, 51, 62
ISL, 52, 53
ISL, 52, 63
ISL, 53, 54
ISL, 53, 64
ISL, 54, 55
ISL, 54, 65
ISL, 55, 56
ISL, 55, 66
ISL, 56, 57
ISL, 56, 67
ISL, 57, 58
ISL, 57, 68
ISL, 58, 59
ISL, 58, 69
ISL, 59, 48
ISL, 59, 70
ISL, 60, 61
ISL, 60, 83
ISL, 61, 62
ISL, 61, 72
ISL, 62, 63
ISL, 62, 73
ISL, 63, 64
ISL, 63, 73
ISL, 64, 65
ISL, 64, 75
ISL, 65, 66
ISL, 65, 76
ISL, 66, 67
ISL, 66, 77
ISL, 67, 68
ISL, 67, 78
ISL, 68, 69
ISL, 68, 79
ISL, 69, 70
ISL, 69, 79
ISL, 70, 71
ISL, 70, 81
ISL, 71, 60
ISL, 71, 82
ISL, 72, 73
ISL, 72, 95
ISL, 73, 74
ISL, 73, 84
ISL, 74, 75
ISL, 74, 85
ISL, 75, 76
ISL, 75, 85
ISL, 76, 77
ISL, 76, 87
ISL, 77, 78
ISL, 77, 88
ISL, 78, 79
ISL, 78, 89
ISL, 79, 80
ISL, 79, 90
ISL, 80, 81
ISL, 80, 91
ISL, 81, 82
ISL, 81, 91
ISL, 82, 83
ISL, 82, 93
ISL, 83, 72
ISL, 83, 94
ISL, 84, 85
ISL, 84, 2
ISL, 85, 86
ISL, 85, 3
ISL, 86, 87
ISL, 86, 4
ISL, 87, 88
ISL, 87, 5
ISL, 88, 89
ISL, 88, 6
ISL, 89, 90
ISL, 89, 7
ISL, 90, 91
ISL, 90, 8
ISL, 91, 92
ISL, 91, 9
ISL, 92, 93
ISL, 92, 10
ISL, 93, 94
ISL, 93, 11
ISL, 94, 95
ISL, 94, 0
ISL, 95, 84
ISL, 95, 1
