[METADATA]
Time: 2026-04-12 02:57:13
Step: 26
Total_Sats: 96

[NODES]
ID, Name, Lat(deg), Lon(deg), Alt(km)
0, W-00-00, 18.02833, 129.47025, 494.897
1, W-00-01, 39.59486, 153.63646, 501.509
2, W-00-02, 52.55441, -166.71007, 506.303
3, W-00-03, 47.65070, -119.88055, 504.501
4, W-00-04, 29.12157, -89.29386, 497.897
5, W-00-05, 5.88858, -69.06650, 493.086
6, W-00-06, -18.02833, -50.52975, 494.897
7, W-00-07, -39.59486, -26.36354, 501.509
8, W-00-08, -52.55441, 13.28993, 506.303
9, W-00-09, -47.65070, 60.11945, 504.501
10, W-00-10, -29.12157, 90.70614, 497.897
11, W-00-11, -5.88858, 110.93350, 493.086
12, W-01-00, 26.60488, -177.60696, 497.125
13, W-01-01, 46.00926, -148.76481, 503.890
14, W-01-02, 52.99444, -103.14925, 506.461
15, W-01-03, 41.68790, -61.46817, 502.280
16, W-01-04, 20.67621, -36.05336, 495.511
17, W-01-05, -3.14522, -17.27831, 492.927
18, W-01-06, -26.60488, 2.39304, 497.125
19, W-01-07, -46.00926, 31.23519, 503.890
20, W-01-08, -52.99444, 76.85075, 506.461
21, W-01-09, -41.68790, 118.53183, 502.280
22, W-01-10, -20.67621, 143.94664, 495.511
23, W-01-11, 3.14522, 162.72169, 492.927
24, W-02-00, 34.66239, -123.45063, 499.743
25, W-02-01, 50.70998, -88.39162, 505.632
26, W-02-02, 50.60297, -40.39156, 505.593
27, W-02-03, 34.43619, -5.53135, 499.665
28, W-02-04, 11.87079, 16.30650, 493.761
29, W-02-05, -12.13234, 34.62744, 493.800
30, W-02-06, -34.66239, 56.54937, 499.743
31, W-02-07, -50.70998, 91.60838, 505.632
32, W-02-08, -50.60297, 139.60844, 505.593
33, W-02-09, -34.43619, 174.46865, 499.665
34, W-02-10, -11.87079, -163.69350, 493.761
35, W-02-11, 12.13234, -145.37256, 493.800
36, W-03-00, 41.88377, -67.45018, 502.353
37, W-03-01, 53.02291, -25.58020, 506.472
38, W-03-02, 45.84233, 19.89903, 503.827
39, W-03-03, 26.35956, 48.58070, 497.052
40, W-03-04, 2.88037, 68.20394, 492.917
41, W-03-05, -20.92992, 87.00674, 495.573
42, W-03-06, -41.88377, 112.54982, 502.353
43, W-03-07, -53.02291, 154.41980, 506.472
44, W-03-08, -45.84233, -160.10097, 503.827
45, W-03-09, -26.35956, -131.41930, 497.052
46, W-03-10, -2.88037, -111.79606, 492.917
47, W-03-11, 20.92992, -92.99326, 495.573
48, W-04-00, 47.79996, -8.95717, 504.557
49, W-04-01, 52.49821, 37.96875, 506.283
50, W-04-02, 39.38734, 77.42175, 501.433
51, W-04-03, 17.77143, 101.47528, 494.841
52, W-04-04, -6.15278, 119.99376, 493.107
53, W-04-05, -29.36150, 140.28038, 497.973
54, W-04-06, -47.79996, 171.04283, 504.557
55, W-04-07, -52.49821, -142.03125, 506.283
56, W-04-08, -39.38734, -102.57825, 501.433
57, W-04-09, -17.77143, -78.52472, 494.841
58, W-04-10, 6.15278, -60.00624, 493.107
59, W-04-11, 29.36150, -39.71962, 497.973
60, W-05-00, 51.77727, 52.33055, 506.021
61, W-05-01, 49.24636, 100.02004, 505.093
62, W-05-02, 31.81757, 132.67636, 498.773
63, W-05-03, 8.88711, 153.63867, 493.369
64, W-05-04, -15.09367, 172.01561, 494.302
65, W-05-05, -37.18199, -165.02187, 500.634
66, W-05-06, -51.77727, -127.66945, 506.021
67, W-05-07, -49.24636, -79.97996, 505.093
68, W-05-08, -31.81757, -47.32364, 498.773
69, W-05-09, -8.88711, -26.36133, 493.369
70, W-05-10, 15.09367, -7.98439, 494.302
71, W-05-11, 37.18199, 14.97813, 500.634
72, W-06-00, 53.17088, 115.63732, 506.525
73, W-06-01, 43.84679, 159.36469, 503.083
74, W-06-02, 23.54152, -173.67894, 496.252
75, W-06-03, -0.13253, -154.53746, 492.863
76, W-06-04, -23.79140, -135.35832, 496.320
77, W-06-05, -44.02919, -108.25758, 503.151
78, W-06-06, -53.17088, -64.36268, 506.525
79, W-06-07, -43.84679, -20.63531, 503.083
80, W-06-08, -23.54152, 6.32106, 496.252
81, W-06-09, 0.13253, 25.46254, 492.863
82, W-06-10, 23.79140, 44.64168, 496.320
83, W-06-11, 44.02919, 71.74242, 503.151
84, W-07-00, 51.69472, 178.90967, 505.991
85, W-07-01, 36.96442, -143.94114, 500.556
86, W-07-02, 14.83418, -121.07653, 494.254
87, W-07-03, -9.15021, -102.70865, 493.400
88, W-07-04, -32.05117, -81.67512, 498.851
89, W-07-05, -49.37566, -48.82977, 505.141
90, W-07-06, -51.69472, -1.09033, 505.991
91, W-07-07, -36.96442, 36.05886, 500.556
92, W-07-08, -14.83418, 58.92347, 494.254
93, W-07-09, 9.15021, 77.29135, 493.400
94, W-07-10, 32.05117, 98.32488, 498.851
95, W-07-11, 49.37566, 131.17023, 505.141

[LINKS]
Type, SourceID, TargetID
ISL, 0, 1
ISL, 0, 23
ISL, 1, 2
ISL, 1, 12
ISL, 2, 3
ISL, 2, 13
ISL, 3, 4
ISL, 3, 14
ISL, 4, 5
ISL, 4, 15
ISL, 5, 6
ISL, 5, 15
ISL, 6, 7
ISL, 6, 17
ISL, 7, 8
ISL, 7, 18
ISL, 8, 9
ISL, 8, 19
ISL, 9, 10
ISL, 9, 20
ISL, 10, 11
ISL, 10, 21
ISL, 11, 0
ISL, 11, 21
ISL, 12, 13
ISL, 12, 35
ISL, 13, 14
ISL, 13, 24
ISL, 14, 15
ISL, 14, 25
ISL, 15, 16
ISL, 15, 26
ISL, 16, 17
ISL, 16, 27
ISL, 17, 18
ISL, 17, 28
ISL, 18, 19
ISL, 18, 29
ISL, 19, 20
ISL, 19, 30
ISL, 20, 21
ISL, 20, 31
ISL, 21, 22
ISL, 21, 32
ISL, 22, 23
ISL, 22, 33
ISL, 23, 12
ISL, 23, 34
ISL, 24, 25
ISL, 24, 47
ISL, 25, 26
ISL, 25, 36
ISL, 26, 27
ISL, 26, 37
ISL, 27, 28
ISL, 27, 38
ISL, 28, 29
ISL, 28, 39
ISL, 29, 30
ISL, 29, 40
ISL, 30, 31
ISL, 30, 41
ISL, 31, 32
ISL, 31, 42
ISL, 32, 33
ISL, 32, 43
ISL, 33, 34
ISL, 33, 44
ISL, 34, 35
ISL, 34, 45
ISL, 35, 24
ISL, 35, 46
ISL, 36, 37
ISL, 36, 59
ISL, 37, 38
ISL, 37, 48
ISL, 38, 39
ISL, 38, 49
ISL, 39, 40
ISL, 39, 50
ISL, 40, 41
ISL, 40, 50
ISL, 41, 42
ISL, 41, 52
ISL, 42, 43
ISL, 42, 53
ISL, 43, 44
ISL, 43, 54
ISL, 44, 45
ISL, 44, 55
ISL, 45, 46
ISL, 45, 56
ISL, 46, 47
ISL, 46, 56
ISL, 47, 36
ISL, 47, 58
ISL, 48, 49
ISL, 48, 71
ISL, 49, 50
ISL, 49, 60
ISL, 50, 51
ISL, 50, 61
ISL, 51, 52
ISL, 51, 62
ISL, 52, 53
ISL, 52, 63
ISL, 53, 54
ISL, 53, 64
ISL, 54, 55
ISL, 54, 65
ISL, 55, 56
ISL, 55, 66
ISL, 56, 57
ISL, 56, 67
ISL, 57, 58
ISL, 57, 68
ISL, 58, 59
ISL, 58, 69
ISL, 59, 48
ISL, 59, 70
ISL, 60, 61
ISL, 60, 83
ISL, 61, 62
ISL, 61, 72
ISL, 62, 63
ISL, 62, 73
ISL, 63, 64
ISL, 63, 73
ISL, 64, 65
ISL, 64, 75
ISL, 65, 66
ISL, 65, 76
ISL, 66, 67
ISL, 66, 77
ISL, 67, 68
ISL, 67, 78
ISL, 68, 69
ISL, 68, 79
ISL, 69, 70
ISL, 69, 79
ISL, 70, 71
ISL, 70, 81
ISL, 71, 60
ISL, 71, 82
ISL, 72, 73
ISL, 72, 95
ISL, 73, 74
ISL, 73, 84
ISL, 74, 75
ISL, 74, 85
ISL, 75, 76
ISL, 75, 85
ISL, 76, 77
ISL, 76, 87
ISL, 77, 78
ISL, 77, 88
ISL, 78, 79
ISL, 78, 89
ISL, 79, 80
ISL, 79, 90
ISL, 80, 81
ISL, 80, 91
ISL, 81, 82
ISL, 81, 91
ISL, 82, 83
ISL, 82, 93
ISL, 83, 72
ISL, 83, 94
ISL, 84, 85
ISL, 84, 2
ISL, 85, 86
ISL, 85, 3
ISL, 86, 87
ISL, 86, 4
ISL, 87, 88
ISL, 87, 5
ISL, 88, 89
ISL, 88, 6
ISL, 89, 90
ISL, 89, 7
ISL, 90, 91
ISL, 90, 8
ISL, 91, 92
ISL, 91, 9
ISL, 92, 93
ISL, 92, 10
ISL, 93, 94
ISL, 93, 11
ISL, 94, 95
ISL, 94, 0
ISL, 95, 84
ISL, 95, 1
