[METADATA]
Time: 2026-04-12 03:50:43
Step: 133
Total_Sats: 96

[NODES]
ID, Name, Lat(deg), Lon(deg), Alt(km)
0, W-00-00, -35.59848, -45.62895, 500.071
1, W-00-01, -51.13399, -9.73417, 505.787
2, W-00-02, -50.13452, 38.21797, 505.421
3, W-00-03, -33.48493, 72.25643, 499.337
4, W-00-04, -10.77784, 93.75596, 493.605
5, W-00-05, 13.22186, 112.08549, 493.973
6, W-00-06, 35.59848, 134.37105, 500.071
7, W-00-07, 51.13399, 170.26583, 505.787
8, W-00-08, 50.13452, -141.78203, 505.421
9, W-00-09, 33.48493, -107.74357, 499.337
10, W-00-10, 10.77784, -86.24404, 493.605
11, W-00-11, -13.22186, -67.91451, 493.973
12, W-01-00, -42.68892, 10.64324, 502.652
13, W-01-01, -53.11484, 53.28458, 506.505
14, W-01-02, -45.13041, 98.16212, 503.562
15, W-01-03, -25.33137, 126.18931, 496.752
16, W-01-04, -1.77492, 145.62194, 492.883
17, W-01-05, 21.98514, 164.54978, 495.840
18, W-01-06, 42.68892, -169.35676, 502.652
19, W-01-07, 53.11484, -126.71542, 506.505
20, W-01-08, 45.13041, -81.83788, 503.562
21, W-01-09, 25.33137, -53.81069, 496.752
22, W-01-10, 1.77492, -34.37806, 492.883
23, W-01-11, -21.98514, -15.45022, 495.840
24, W-02-00, -48.40461, 69.47596, 504.781
25, W-02-01, -52.23814, 116.76187, 506.189
26, W-02-02, -38.51139, 155.37297, 501.114
27, W-02-03, -16.69689, 178.97066, 494.615
28, W-02-04, 7.25428, -162.57829, 493.201
29, W-02-05, 30.35696, -142.03334, 498.293
30, W-02-06, 48.40461, -110.52404, 504.781
31, W-02-07, 52.23814, -63.23813, 506.189
32, W-02-08, 38.51139, -24.62703, 501.114
33, W-02-09, 16.69689, -1.02934, 494.615
34, W-02-10, -7.25428, 17.42171, 493.201
35, W-02-11, -30.35696, 37.96666, 498.293
36, W-03-00, -52.09729, 131.08159, 506.138
37, W-03-01, -48.68712, 178.51691, 504.886
38, W-03-02, -30.83649, -149.60390, 498.449
39, W-03-03, -7.78809, -128.92711, 493.253
40, W-03-04, 16.17411, -110.50367, 494.510
41, W-03-05, 38.08077, -87.11890, 500.958
42, W-03-06, 52.09729, -48.91841, 506.138
43, W-03-07, 48.68712, -1.48309, 504.886
44, W-03-08, 30.83649, 30.39610, 498.449
45, W-03-09, 7.78809, 51.07289, 493.253
46, W-03-10, -16.17411, 69.49633, 494.510
47, W-03-11, -38.08077, 92.88110, 500.958
48, W-04-00, -53.14375, -165.48856, 506.515
49, W-04-01, -43.07226, -122.48395, 502.794
50, W-04-02, -22.49501, -96.11462, 495.972
51, W-04-03, 1.23847, -77.12069, 492.873
52, W-04-04, 24.82997, -57.77472, 496.609
53, W-04-05, 44.77631, -30.05617, 503.430
54, W-04-06, 53.14375, 14.51144, 506.515
55, W-04-07, 43.07226, 57.51605, 502.794
56, W-04-08, 22.49501, 83.88538, 495.972
57, W-04-09, -1.23847, 102.87931, 492.873
58, W-04-10, -24.82997, 122.22528, 496.609
59, W-04-11, -44.77631, 149.94383, 503.430
60, W-05-00, -51.32637, -102.37955, 505.857
61, W-05-01, -36.04796, -66.07631, 500.230
62, W-05-02, -13.74934, -43.60679, 494.062
63, W-05-03, 10.24671, -25.26810, 493.535
64, W-05-04, 33.01926, -3.92552, 499.178
65, W-05-05, 49.89478, 29.71931, 505.332
66, W-05-06, 51.32637, 77.62045, 505.857
67, W-05-07, 36.04796, 113.92369, 500.230
68, W-05-08, 13.74934, 136.39321, 494.062
69, W-05-09, -10.24671, 154.73190, 493.535
70, W-05-10, -33.01926, 176.07448, 499.178
71, W-05-11, -49.89478, -150.28069, 505.332
72, W-06-00, -47.01036, -41.50098, 504.263
73, W-06-01, -28.11503, -11.63364, 497.583
74, W-06-02, -4.78542, 8.35729, 493.011
75, W-06-03, 19.09741, 26.97916, 495.136
76, W-06-04, 40.45027, 51.63009, 501.823
77, W-06-05, 52.76299, 92.11226, 506.378
78, W-06-06, 47.01036, 138.49902, 504.263
79, W-06-07, 28.11503, 168.36636, 497.583
80, W-06-08, 4.78542, -171.64271, 493.011
81, W-06-09, -19.09741, -153.02084, 495.136
82, W-06-10, -40.45027, -128.36991, 501.823
83, W-06-11, -52.76299, -87.88774, 506.378
84, W-07-00, -40.85898, 16.57876, 501.974
85, W-07-01, -19.61436, 41.47339, 495.256
86, W-07-02, 4.24985, 60.14175, 492.980
87, W-07-03, 27.62367, 80.02419, 497.432
88, W-07-04, 46.68977, 109.55088, 504.144
89, W-07-05, 52.84897, 155.70013, 506.409
90, W-07-06, 40.85898, -163.42124, 501.974
91, W-07-07, 19.61436, -138.52661, 495.256
92, W-07-08, -4.24985, -119.85825, 492.980
93, W-07-09, -27.62367, -99.97581, 497.432
94, W-07-10, -46.68977, -70.44912, 504.144
95, W-07-11, -52.84897, -24.29987, 506.409

[LINKS]
Type, SourceID, TargetID
ISL, 0, 1
ISL, 0, 23
ISL, 1, 2
ISL, 1, 12
ISL, 2, 3
ISL, 2, 13
ISL, 3, 4
ISL, 3, 14
ISL, 4, 5
ISL, 4, 15
ISL, 5, 6
ISL, 5, 15
ISL, 6, 7
ISL, 6, 17
ISL, 7, 8
ISL, 7, 18
ISL, 8, 9
ISL, 8, 19
ISL, 9, 10
ISL, 9, 20
ISL, 10, 11
ISL, 10, 21
ISL, 11, 0
ISL, 11, 21
ISL, 12, 13
ISL, 12, 35
ISL, 13, 14
ISL, 13, 24
ISL, 14, 15
ISL, 14, 25
ISL, 15, 16
ISL, 15, 26
ISL, 16, 17
ISL, 16, 27
ISL, 17, 18
ISL, 17, 28
ISL, 18, 19
ISL, 18, 29
ISL, 19, 20
ISL, 19, 30
ISL, 20, 21
ISL, 20, 31
ISL, 21, 22
ISL, 21, 32
ISL, 22, 23
ISL, 22, 33
ISL, 23, 12
ISL, 23, 34
ISL, 24, 25
ISL, 24, 47
ISL, 25, 26
ISL, 25, 36
ISL, 26, 27
ISL, 26, 37
ISL, 27, 28
ISL, 27, 38
ISL, 28, 29
ISL, 28, 39
ISL, 29, 30
ISL, 29, 40
ISL, 30, 31
ISL, 30, 41
ISL, 31, 32
ISL, 31, 42
ISL, 32, 33
ISL, 32, 43
ISL, 33, 34
ISL, 33, 44
ISL, 34, 35
ISL, 34, 45
ISL, 35, 24
ISL, 35, 46
ISL, 36, 37
ISL, 36, 59
ISL, 37, 38
ISL, 37, 48
ISL, 38, 39
ISL, 38, 49
ISL, 39, 40
ISL, 39, 50
ISL, 40, 41
ISL, 40, 50
ISL, 41, 42
ISL, 41, 52
ISL, 42, 43
ISL, 42, 53
ISL, 43, 44
ISL, 43, 54
ISL, 44, 45
ISL, 44, 55
ISL, 45, 46
ISL, 45, 56
ISL, 46, 47
ISL, 46, 56
ISL, 47, 36
ISL, 47, 58
ISL, 48, 49
ISL, 48, 71
ISL, 49, 50
ISL, 49, 60
ISL, 50, 51
ISL, 50, 61
ISL, 51, 52
ISL, 51, 62
ISL, 52, 53
ISL, 52, 63
ISL, 53, 54
ISL, 53, 64
ISL, 54, 55
ISL, 54, 65
ISL, 55, 56
ISL, 55, 66
ISL, 56, 57
ISL, 56, 67
ISL, 57, 58
ISL, 57, 68
ISL, 58, 59
ISL, 58, 69
ISL, 59, 48
ISL, 59, 70
ISL, 60, 61
ISL, 60, 83
ISL, 61, 62
ISL, 61, 72
ISL, 62, 63
ISL, 62, 73
ISL, 63, 64
ISL, 63, 73
ISL, 64, 65
ISL, 64, 75
ISL, 65, 66
ISL, 65, 76
ISL, 66, 67
ISL, 66, 77
ISL, 67, 68
ISL, 67, 78
ISL, 68, 69
ISL, 68, 79
ISL, 69, 70
ISL, 69, 79
ISL, 70, 71
ISL, 70, 81
ISL, 71, 60
ISL, 71, 82
ISL, 72, 73
ISL, 72, 95
ISL, 73, 74
ISL, 73, 84
ISL, 74, 75
ISL, 74, 85
ISL, 75, 76
ISL, 75, 85
ISL, 76, 77
ISL, 76, 87
ISL, 77, 78
ISL, 77, 88
ISL, 78, 79
ISL, 78, 89
ISL, 79, 80
ISL, 79, 90
ISL, 80, 81
ISL, 80, 91
ISL, 81, 82
ISL, 81, 91
ISL, 82, 83
ISL, 82, 93
ISL, 83, 72
ISL, 83, 94
ISL, 84, 85
ISL, 84, 2
ISL, 85, 86
ISL, 85, 3
ISL, 86, 87
ISL, 86, 4
ISL, 87, 88
ISL, 87, 5
ISL, 88, 89
ISL, 88, 6
ISL, 89, 90
ISL, 89, 7
ISL, 90, 91
ISL, 90, 8
ISL, 91, 92
ISL, 91, 9
ISL, 92, 93
ISL, 92, 10
ISL, 93, 94
ISL, 93, 11
ISL, 94, 95
ISL, 94, 0
ISL, 95, 84
ISL, 95, 1
