[METADATA]
Time: 2026-04-12 04:12:43
Step: 177
Total_Sats: 96

[NODES]
ID, Name, Lat(deg), Lon(deg), Alt(km)
0, W-00-00, -37.64552, 61.15043, 500.801
1, W-00-01, -15.64914, 84.32707, 494.408
2, W-00-02, 8.32280, 102.72615, 493.308
3, W-00-03, 31.31486, 123.53946, 498.606
4, W-00-04, 48.96303, 155.79418, 504.988
5, W-00-05, 51.94661, -156.63774, 506.083
6, W-00-06, 37.64552, -118.84957, 500.801
7, W-00-07, 15.64914, -95.67293, 494.408
8, W-00-08, -8.32280, -77.27385, 493.308
9, W-00-09, -31.31486, -56.46054, 498.606
10, W-00-10, -48.96303, -24.20582, 504.988
11, W-00-11, -51.94661, 23.36226, 506.083
12, W-01-00, -29.87401, 115.95826, 498.137
13, W-01-01, -6.71879, 136.37533, 493.153
14, W-01-02, 17.21998, 154.85741, 494.724
15, W-01-03, 38.93938, 178.67391, 501.270
16, W-01-04, 52.36974, -142.30462, 506.236
17, W-01-05, 48.11426, -95.18515, 504.674
18, W-01-06, 29.87401, -64.04174, 498.137
19, W-01-07, 6.71879, -43.62467, 493.153
20, W-01-08, -17.21998, -25.14259, 494.724
21, W-01-09, -38.93938, -1.32609, 501.270
22, W-01-10, -52.36974, 37.69538, 506.236
23, W-01-11, -48.11426, 84.81485, 504.674
24, W-02-00, -21.47267, 169.30447, 495.709
25, W-02-01, 2.31258, -171.83036, 492.898
26, W-02-02, 25.83231, -152.30707, 496.897
27, W-02-03, 45.47970, -123.96466, 503.692
28, W-02-04, 53.07556, -78.78804, 506.491
29, W-02-05, 42.29984, -36.51826, 502.507
30, W-02-06, 21.47267, -10.69553, 495.709
31, W-02-07, -2.31258, 8.16964, 492.898
32, W-02-08, -25.83231, 27.69293, 496.897
33, W-02-09, -45.47970, 56.03534, 503.692
34, W-02-10, -53.07556, 101.21196, 506.491
35, W-02-11, -42.29984, 143.48174, 502.507
36, W-03-00, -12.69237, -138.27336, 493.888
37, W-03-01, 11.30969, -119.94973, 493.679
38, W-03-02, 33.94902, -98.28818, 499.496
39, W-03-03, 50.36671, -63.85173, 505.506
40, W-03-04, 50.93236, -15.86664, 505.713
41, W-03-05, 35.14483, 19.62052, 499.912
42, W-03-06, 12.69237, 41.72664, 493.888
43, W-03-07, -11.30969, 60.05027, 493.679
44, W-03-08, -33.94902, 81.71182, 499.496
45, W-03-09, -50.36671, 116.14827, 505.506
46, W-03-10, -50.93236, 164.13336, 505.713
47, W-03-11, -35.14483, -160.37948, 499.912
48, W-04-00, -3.71275, -86.34875, 492.952
49, W-04-01, 20.13140, -67.63034, 495.379
50, W-04-02, 41.26442, -42.48576, 502.124
51, W-04-03, 52.92508, -1.21418, 506.437
52, W-04-04, 46.36209, 44.68276, 504.021
53, W-04-05, 27.12920, 73.87355, 497.282
54, W-04-06, 3.71275, 93.65125, 492.952
55, W-04-07, -20.13140, 112.36966, 495.379
56, W-04-08, -41.26442, 137.51424, 502.124
57, W-04-09, -52.92508, 178.78582, 506.437
58, W-04-10, -46.36209, -135.31724, 504.021
59, W-04-11, -27.12920, -106.12645, 497.282
60, W-05-00, 5.32205, -34.56311, 493.046
61, W-05-01, 28.60560, -14.45937, 497.735
62, W-05-02, 47.32526, 15.75495, 504.380
63, W-05-03, 52.66681, 62.36508, 506.343
64, W-05-04, 40.03641, 102.44595, 501.671
65, W-05-05, 18.57807, 126.85821, 495.018
66, W-05-06, -5.32205, 145.43689, 493.046
67, W-05-07, -28.60560, 165.54063, 497.735
68, W-05-08, -47.32526, -164.24505, 504.380
69, W-05-09, -52.66681, -117.63492, 506.343
70, W-05-10, -40.03641, -77.55405, 501.671
71, W-05-11, -18.57807, -53.14179, 495.018
72, W-06-00, 14.27733, 17.42264, 494.154
73, W-06-01, 36.49537, 40.08160, 500.389
74, W-06-02, 51.51029, 76.79572, 505.924
75, W-06-03, 49.64646, 124.62768, 505.241
76, W-06-04, 32.54982, 157.88162, 499.019
77, W-06-05, 9.71374, 179.07149, 493.467
78, W-06-06, -14.27733, -162.57736, 494.154
79, W-06-07, -36.49537, -139.91840, 500.389
80, W-06-08, -51.51029, -103.20428, 505.924
81, W-06-09, -49.64646, -55.37232, 505.241
82, W-06-10, -32.54982, -22.11838, 499.019
83, W-06-11, -9.71374, -0.92851, 493.467
84, W-07-00, 23.00472, 69.97564, 496.107
85, W-07-01, 43.45160, 96.62736, 502.936
86, W-07-02, 53.16241, 139.98807, 506.522
87, W-07-03, 44.41583, -175.76599, 503.295
88, W-07-04, 24.32573, -148.35099, 496.468
89, W-07-05, 0.70065, -129.08812, 492.866
90, W-07-06, -23.00472, -110.02436, 496.107
91, W-07-07, -43.45160, -83.37264, 502.936
92, W-07-08, -53.16241, -40.01193, 506.522
93, W-07-09, -44.41583, 4.23401, 503.295
94, W-07-10, -24.32573, 31.64901, 496.468
95, W-07-11, -0.70065, 50.91188, 492.866

[LINKS]
Type, SourceID, TargetID
ISL, 0, 1
ISL, 0, 23
ISL, 1, 2
ISL, 1, 12
ISL, 2, 3
ISL, 2, 13
ISL, 3, 4
ISL, 3, 14
ISL, 4, 5
ISL, 4, 15
ISL, 5, 6
ISL, 5, 15
ISL, 6, 7
ISL, 6, 17
ISL, 7, 8
ISL, 7, 18
ISL, 8, 9
ISL, 8, 19
ISL, 9, 10
ISL, 9, 20
ISL, 10, 11
ISL, 10, 21
ISL, 11, 0
ISL, 11, 21
ISL, 12, 13
ISL, 12, 35
ISL, 13, 14
ISL, 13, 24
ISL, 14, 15
ISL, 14, 25
ISL, 15, 16
ISL, 15, 26
ISL, 16, 17
ISL, 16, 27
ISL, 17, 18
ISL, 17, 28
ISL, 18, 19
ISL, 18, 29
ISL, 19, 20
ISL, 19, 30
ISL, 20, 21
ISL, 20, 31
ISL, 21, 22
ISL, 21, 32
ISL, 22, 23
ISL, 22, 33
ISL, 23, 12
ISL, 23, 34
ISL, 24, 25
ISL, 24, 47
ISL, 25, 26
ISL, 25, 36
ISL, 26, 27
ISL, 26, 37
ISL, 27, 28
ISL, 27, 38
ISL, 28, 29
ISL, 28, 39
ISL, 29, 30
ISL, 29, 40
ISL, 30, 31
ISL, 30, 41
ISL, 31, 32
ISL, 31, 42
ISL, 32, 33
ISL, 32, 43
ISL, 33, 34
ISL, 33, 44
ISL, 34, 35
ISL, 34, 45
ISL, 35, 24
ISL, 35, 46
ISL, 36, 37
ISL, 36, 59
ISL, 37, 38
ISL, 37, 48
ISL, 38, 39
ISL, 38, 49
ISL, 39, 40
ISL, 39, 50
ISL, 40, 41
ISL, 40, 50
ISL, 41, 42
ISL, 41, 52
ISL, 42, 43
ISL, 42, 53
ISL, 43, 44
ISL, 43, 54
ISL, 44, 45
ISL, 44, 55
ISL, 45, 46
ISL, 45, 56
ISL, 46, 47
ISL, 46, 56
ISL, 47, 36
ISL, 47, 58
ISL, 48, 49
ISL, 48, 71
ISL, 49, 50
ISL, 49, 60
ISL, 50, 51
ISL, 50, 61
ISL, 51, 52
ISL, 51, 62
ISL, 52, 53
ISL, 52, 63
ISL, 53, 54
ISL, 53, 64
ISL, 54, 55
ISL, 54, 65
ISL, 55, 56
ISL, 55, 66
ISL, 56, 57
ISL, 56, 67
ISL, 57, 58
ISL, 57, 68
ISL, 58, 59
ISL, 58, 69
ISL, 59, 48
ISL, 59, 70
ISL, 60, 61
ISL, 60, 83
ISL, 61, 62
ISL, 61, 72
ISL, 62, 63
ISL, 62, 73
ISL, 63, 64
ISL, 63, 73
ISL, 64, 65
ISL, 64, 75
ISL, 65, 66
ISL, 65, 76
ISL, 66, 67
ISL, 66, 77
ISL, 67, 68
ISL, 67, 78
ISL, 68, 69
ISL, 68, 79
ISL, 69, 70
ISL, 69, 79
ISL, 70, 71
ISL, 70, 81
ISL, 71, 60
ISL, 71, 82
ISL, 72, 73
ISL, 72, 95
ISL, 73, 74
ISL, 73, 84
ISL, 74, 75
ISL, 74, 85
ISL, 75, 76
ISL, 75, 85
ISL, 76, 77
ISL, 76, 87
ISL, 77, 78
ISL, 77, 88
ISL, 78, 79
ISL, 78, 89
ISL, 79, 80
ISL, 79, 90
ISL, 80, 81
ISL, 80, 91
ISL, 81, 82
ISL, 81, 91
ISL, 82, 83
ISL, 82, 93
ISL, 83, 72
ISL, 83, 94
ISL, 84, 85
ISL, 84, 2
ISL, 85, 86
ISL, 85, 3
ISL, 86, 87
ISL, 86, 4
ISL, 87, 88
ISL, 87, 5
ISL, 88, 89
ISL, 88, 6
ISL, 89, 90
ISL, 89, 7
ISL, 90, 91
ISL, 90, 8
ISL, 91, 92
ISL, 91, 9
ISL, 92, 93
ISL, 92, 10
ISL, 93, 94
ISL, 93, 11
ISL, 94, 95
ISL, 94, 0
ISL, 95, 84
ISL, 95, 1
