[METADATA]
Time: 2026-04-12 03:47:43
Step: 127
Total_Sats: 96

[NODES]
ID, Name, Lat(deg), Lon(deg), Alt(km)
0, W-00-00, -27.48917, -54.36298, 497.391
1, W-00-01, -46.60113, -24.92834, 504.110
2, W-00-02, -52.87070, 21.15357, 506.417
3, W-00-03, -40.96985, 62.13970, 502.015
4, W-00-04, -19.75532, 87.10185, 495.289
5, W-00-05, 4.10356, 105.78351, 492.972
6, W-00-06, 27.48917, 125.63702, 497.391
7, W-00-07, 46.60113, 155.07166, 504.110
8, W-00-08, 52.87070, -158.84643, 506.417
9, W-00-09, 40.96985, -117.86030, 502.015
10, W-00-10, 19.75532, -92.89815, 495.289
11, W-00-11, -4.10356, -74.21649, 492.972
12, W-01-00, -35.47521, -0.04190, 500.028
13, W-01-01, -51.07993, 35.74165, 505.767
14, W-01-02, -50.19858, 83.70457, 505.444
15, W-01-03, -33.61162, 117.85111, 499.380
16, W-01-04, -10.92277, 139.39431, 493.625
17, W-01-05, 13.07770, 157.72191, 493.950
18, W-01-06, 35.47521, 179.95810, 500.028
19, W-01-07, 51.07993, -144.25835, 505.767
20, W-01-08, 50.19858, -96.29543, 505.444
21, W-01-09, 33.61162, -62.14889, 499.380
22, W-01-10, 10.92277, -40.60569, 493.625
23, W-01-11, -13.07770, -22.27809, 493.950
24, W-02-00, -42.58340, 56.19372, 502.613
25, W-02-01, -53.10516, 98.73455, 506.501
26, W-02-02, -45.22612, 143.69474, 503.597
27, W-02-03, -25.46799, 171.80722, 496.792
28, W-02-04, -1.92139, -168.73584, 492.887
29, W-02-05, 21.84568, -149.82542, 495.804
30, W-02-06, 42.58340, -123.80628, 502.613
31, W-02-07, 53.10516, -81.26545, 506.501
32, W-02-08, 45.22612, -36.30526, 503.597
33, W-02-09, 25.46799, -8.19278, 496.792
34, W-02-10, 1.92139, 11.26416, 492.887
35, W-02-11, -21.84568, 30.17458, 495.804
36, W-03-00, -48.32622, 114.98115, 504.752
37, W-03-01, -52.27494, 162.22337, 506.202
38, W-03-02, -38.62834, -159.05360, 501.157
39, W-03-03, -16.83947, -135.39685, 494.645
40, W-03-04, 7.10845, -116.93767, 493.188
41, W-03-05, 30.22562, -96.42798, 498.250
42, W-03-06, 48.32622, -65.01885, 504.752
43, W-03-07, 52.27494, -17.77663, 506.202
44, W-03-08, 38.62834, 20.94640, 501.157
45, W-03-09, 16.83947, 44.60315, 494.645
46, W-03-10, -7.10845, 63.06233, 493.188
47, W-03-11, -30.22562, 83.57202, 498.250
48, W-04-00, -52.05718, 176.54541, 506.123
49, W-04-01, -48.76301, -135.98141, 504.914
50, W-04-02, -30.96703, -104.00039, 498.492
51, W-04-03, -7.93379, -83.28684, 493.267
52, W-04-04, 16.03120, -64.87036, 494.482
53, W-04-05, 37.96256, -41.54282, 500.915
54, W-04-06, 52.05718, -3.45459, 506.123
55, W-04-07, 48.76301, 44.01859, 504.914
56, W-04-08, 30.96703, 75.99961, 498.492
57, W-04-09, 7.93379, 96.71316, 493.267
58, W-04-10, -16.03120, 115.12964, 494.482
59, W-04-11, -37.96256, 138.45718, 500.915
60, W-05-00, -53.14986, -120.03910, 506.517
61, W-05-01, -43.17608, -76.93667, 502.833
62, W-05-02, -22.63400, -50.49099, 496.009
63, W-05-03, 1.09197, -31.47840, 492.871
64, W-05-04, 24.69277, -12.15544, 496.571
65, W-05-05, 44.67866, 15.47985, 503.393
66, W-05-06, 53.14986, 59.96090, 506.517
67, W-05-07, 43.17608, 103.06333, 502.833
68, W-05-08, 22.63400, 129.50901, 496.009
69, W-05-09, -1.09197, 148.52160, 492.871
70, W-05-10, -24.69277, 167.84456, 496.571
71, W-05-11, -44.67866, -164.52015, 503.393
72, W-06-00, -51.37736, -56.90667, 505.876
73, W-06-01, -36.17015, -20.49164, 500.273
74, W-06-02, -13.89324, 2.02899, 494.087
75, W-06-03, 10.10158, 20.37074, 493.516
76, W-06-04, 32.89164, 41.67127, 499.134
77, W-06-05, 49.82792, 75.20925, 505.308
78, W-06-06, 51.37736, 123.09333, 505.876
79, W-06-07, 36.17015, 159.50836, 500.273
80, W-06-08, 13.89324, -177.97101, 494.087
81, W-06-09, -10.10158, -159.62926, 493.516
82, W-06-10, -32.89164, -138.32873, 499.134
83, W-06-11, -49.82792, -104.79075, 505.308
84, W-07-00, -47.09679, 4.01627, 504.295
85, W-07-01, -28.24885, 33.97759, 497.624
86, W-07-02, -4.93162, 53.99884, 493.020
87, W-07-03, 18.95605, 72.60861, 495.104
88, W-07-04, 40.33794, 97.19397, 501.782
89, W-07-05, 52.73778, 137.56718, 506.369
90, W-07-06, 47.09679, -175.98373, 504.295
91, W-07-07, 28.24885, -146.02241, 497.624
92, W-07-08, 4.93162, -126.00116, 493.020
93, W-07-09, -18.95605, -107.39139, 495.104
94, W-07-10, -40.33794, -82.80603, 501.782
95, W-07-11, -52.73778, -42.43282, 506.369

[LINKS]
Type, SourceID, TargetID
ISL, 0, 1
ISL, 0, 23
ISL, 1, 2
ISL, 1, 12
ISL, 2, 3
ISL, 2, 13
ISL, 3, 4
ISL, 3, 14
ISL, 4, 5
ISL, 4, 15
ISL, 5, 6
ISL, 5, 15
ISL, 6, 7
ISL, 6, 17
ISL, 7, 8
ISL, 7, 18
ISL, 8, 9
ISL, 8, 19
ISL, 9, 10
ISL, 9, 20
ISL, 10, 11
ISL, 10, 21
ISL, 11, 0
ISL, 11, 21
ISL, 12, 13
ISL, 12, 35
ISL, 13, 14
ISL, 13, 24
ISL, 14, 15
ISL, 14, 25
ISL, 15, 16
ISL, 15, 26
ISL, 16, 17
ISL, 16, 27
ISL, 17, 18
ISL, 17, 28
ISL, 18, 19
ISL, 18, 29
ISL, 19, 20
ISL, 19, 30
ISL, 20, 21
ISL, 20, 31
ISL, 21, 22
ISL, 21, 32
ISL, 22, 23
ISL, 22, 33
ISL, 23, 12
ISL, 23, 34
ISL, 24, 25
ISL, 24, 47
ISL, 25, 26
ISL, 25, 36
ISL, 26, 27
ISL, 26, 37
ISL, 27, 28
ISL, 27, 38
ISL, 28, 29
ISL, 28, 39
ISL, 29, 30
ISL, 29, 40
ISL, 30, 31
ISL, 30, 41
ISL, 31, 32
ISL, 31, 42
ISL, 32, 33
ISL, 32, 43
ISL, 33, 34
ISL, 33, 44
ISL, 34, 35
ISL, 34, 45
ISL, 35, 24
ISL, 35, 46
ISL, 36, 37
ISL, 36, 59
ISL, 37, 38
ISL, 37, 48
ISL, 38, 39
ISL, 38, 49
ISL, 39, 40
ISL, 39, 50
ISL, 40, 41
ISL, 40, 50
ISL, 41, 42
ISL, 41, 52
ISL, 42, 43
ISL, 42, 53
ISL, 43, 44
ISL, 43, 54
ISL, 44, 45
ISL, 44, 55
ISL, 45, 46
ISL, 45, 56
ISL, 46, 47
ISL, 46, 56
ISL, 47, 36
ISL, 47, 58
ISL, 48, 49
ISL, 48, 71
ISL, 49, 50
ISL, 49, 60
ISL, 50, 51
ISL, 50, 61
ISL, 51, 52
ISL, 51, 62
ISL, 52, 53
ISL, 52, 63
ISL, 53, 54
ISL, 53, 64
ISL, 54, 55
ISL, 54, 65
ISL, 55, 56
ISL, 55, 66
ISL, 56, 57
ISL, 56, 67
ISL, 57, 58
ISL, 57, 68
ISL, 58, 59
ISL, 58, 69
ISL, 59, 48
ISL, 59, 70
ISL, 60, 61
ISL, 60, 83
ISL, 61, 62
ISL, 61, 72
ISL, 62, 63
ISL, 62, 73
ISL, 63, 64
ISL, 63, 73
ISL, 64, 65
ISL, 64, 75
ISL, 65, 66
ISL, 65, 76
ISL, 66, 67
ISL, 66, 77
ISL, 67, 68
ISL, 67, 78
ISL, 68, 69
ISL, 68, 79
ISL, 69, 70
ISL, 69, 79
ISL, 70, 71
ISL, 70, 81
ISL, 71, 60
ISL, 71, 82
ISL, 72, 73
ISL, 72, 95
ISL, 73, 74
ISL, 73, 84
ISL, 74, 75
ISL, 74, 85
ISL, 75, 76
ISL, 75, 85
ISL, 76, 77
ISL, 76, 87
ISL, 77, 78
ISL, 77, 88
ISL, 78, 79
ISL, 78, 89
ISL, 79, 80
ISL, 79, 90
ISL, 80, 81
ISL, 80, 91
ISL, 81, 82
ISL, 81, 91
ISL, 82, 83
ISL, 82, 93
ISL, 83, 72
ISL, 83, 94
ISL, 84, 85
ISL, 84, 2
ISL, 85, 86
ISL, 85, 3
ISL, 86, 87
ISL, 86, 4
ISL, 87, 88
ISL, 87, 5
ISL, 88, 89
ISL, 88, 6
ISL, 89, 90
ISL, 89, 7
ISL, 90, 91
ISL, 90, 8
ISL, 91, 92
ISL, 91, 9
ISL, 92, 93
ISL, 92, 10
ISL, 93, 94
ISL, 93, 11
ISL, 94, 95
ISL, 94, 0
ISL, 95, 84
ISL, 95, 1
