[METADATA]
Time: 2026-04-12 03:34:13
Step: 100
Total_Sats: 96

[NODES]
ID, Name, Lat(deg), Lon(deg), Alt(km)
0, W-00-00, 13.06006, -83.91609, 493.947
1, W-00-01, -10.94050, -65.58871, 493.627
2, W-00-02, -33.62710, -44.04015, 499.385
3, W-00-03, -50.20638, -9.88037, 505.447
4, W-00-04, -51.07328, 38.08378, 505.765
5, W-00-05, -35.46012, 73.85373, 500.022
6, W-00-06, -13.06006, 96.08391, 493.947
7, W-00-07, 10.94050, 114.41129, 493.627
8, W-00-08, 33.62710, 135.95985, 499.385
9, W-00-09, 50.20638, 170.11963, 505.447
10, W-00-10, 51.07328, -141.91622, 505.765
11, W-00-11, 35.46012, -106.14627, 500.022
12, W-01-00, 4.08567, -31.97834, 492.971
13, W-01-01, -19.77255, -13.29504, 495.293
14, W-01-02, -40.98338, 11.67540, 502.020
15, W-01-03, -52.87331, 52.67466, 506.418
16, W-01-04, -46.59026, 98.74826, 504.106
17, W-01-05, -27.47271, 128.17167, 497.386
18, W-01-06, -4.08567, 148.02166, 492.971
19, W-01-07, 19.77255, 166.70496, 495.293
20, W-01-08, 40.98338, -168.32460, 502.020
21, W-01-09, 52.87331, -127.32534, 506.418
22, W-01-10, 46.59026, -81.25174, 504.106
23, W-01-11, 27.47271, -51.82833, 497.386
24, W-02-00, -4.94950, 19.80636, 493.021
25, W-02-01, -28.26521, 39.83134, 497.629
26, W-02-02, -47.10732, 69.80418, 504.299
27, W-02-03, -52.73465, 116.26082, 506.368
28, W-02-04, -40.32419, 156.62068, 501.777
29, W-02-05, -18.93876, -178.80195, 495.100
30, W-02-06, 4.94950, -160.19364, 493.021
31, W-02-07, 28.26521, -140.16866, 497.629
32, W-02-08, 47.10732, -110.19582, 504.299
33, W-02-09, 52.73465, -63.73918, 506.368
34, W-02-10, 40.32419, -23.37932, 501.777
35, W-02-11, 18.93876, 1.19805, 495.100
36, W-03-00, -13.91083, 71.77693, 494.090
37, W-03-01, -36.18508, 94.30383, 500.279
38, W-03-02, -51.38355, 130.73254, 505.878
39, W-03-03, -49.81971, 178.61445, 505.305
40, W-03-04, -32.87602, -147.86063, 499.129
41, W-03-05, -10.08383, -126.56522, 493.514
42, W-03-06, 13.91083, -108.22307, 494.090
43, W-03-07, 36.18508, -85.69617, 500.279
44, W-03-08, 51.38355, -49.26746, 505.878
45, W-03-09, 49.81971, -1.38555, 505.305
46, W-03-10, 32.87602, 32.13937, 499.129
47, W-03-11, 10.08383, 53.43478, 493.514
48, W-04-00, -22.65099, 124.29840, 496.013
49, W-04-01, -43.18875, 150.75344, 502.838
50, W-04-02, -53.15055, -166.13220, 506.518
51, W-04-03, -44.66669, -121.66179, 503.389
52, W-04-04, -24.67599, -94.03666, 496.566
53, W-04-05, -1.07406, -74.71649, 492.870
54, W-04-06, 22.65099, -55.70160, 496.013
55, W-04-07, 43.18875, -29.24656, 502.838
56, W-04-08, 53.15055, 13.86780, 506.518
57, W-04-09, 44.66669, 58.33821, 503.389
58, W-04-10, 24.67599, 85.96334, 496.566
59, W-04-11, 1.07406, 105.28351, 492.870
60, W-05-00, -30.98298, 177.81027, 498.497
61, W-05-01, -48.77225, -150.19624, 504.918
62, W-05-02, -52.05222, -102.71851, 506.121
63, W-05-03, -37.94809, -64.64402, 500.910
64, W-05-04, -16.01372, -41.32344, 494.479
65, W-05-05, 7.95160, -22.90780, 493.269
66, W-05-06, 30.98298, -2.18973, 498.497
67, W-05-07, 48.77225, 29.80376, 504.918
68, W-05-08, 52.05222, 77.28149, 506.121
69, W-05-09, 37.94809, 115.35598, 500.910
70, W-05-10, 16.01372, 138.67656, 494.479
71, W-05-11, -7.95160, 157.09220, 493.269
72, W-06-00, -38.64263, -127.13283, 501.162
73, W-06-01, -52.27939, -88.39612, 506.203
74, W-06-02, -48.31660, -41.15933, 504.749
75, W-06-03, -30.20955, -9.76242, 498.245
76, W-06-04, -7.09061, 10.74298, 493.186
77, W-06-05, 16.85691, 29.20317, 494.648
78, W-06-06, 38.64263, 52.86717, 501.162
79, W-06-07, 52.27939, 91.60388, 506.203
80, W-06-08, 48.31660, 138.84067, 504.749
81, W-06-09, 30.20955, 170.23758, 498.245
82, W-06-10, 7.09061, -169.25702, 493.186
83, W-06-11, -16.85691, -150.79683, 494.648
84, W-07-00, -45.23780, -69.87616, 503.602
85, W-07-01, -53.10392, -24.90593, 506.501
86, W-07-02, -42.57048, 17.62258, 502.608
87, W-07-03, -21.82862, 43.63265, 495.800
88, W-07-04, 1.93930, 62.54096, 492.887
89, W-07-05, 25.48469, 82.00090, 496.797
90, W-07-06, 45.23780, 110.12384, 503.602
91, W-07-07, 53.10392, 155.09407, 506.501
92, W-07-08, 42.57048, -162.37742, 502.608
93, W-07-09, 21.82862, -136.36735, 495.800
94, W-07-10, -1.93930, -117.45904, 492.887
95, W-07-11, -25.48469, -97.99910, 496.797

[LINKS]
Type, SourceID, TargetID
ISL, 0, 1
ISL, 0, 23
ISL, 1, 2
ISL, 1, 12
ISL, 2, 3
ISL, 2, 13
ISL, 3, 4
ISL, 3, 14
ISL, 4, 5
ISL, 4, 15
ISL, 5, 6
ISL, 5, 15
ISL, 6, 7
ISL, 6, 17
ISL, 7, 8
ISL, 7, 18
ISL, 8, 9
ISL, 8, 19
ISL, 9, 10
ISL, 9, 20
ISL, 10, 11
ISL, 10, 21
ISL, 11, 0
ISL, 11, 21
ISL, 12, 13
ISL, 12, 35
ISL, 13, 14
ISL, 13, 24
ISL, 14, 15
ISL, 14, 25
ISL, 15, 16
ISL, 15, 26
ISL, 16, 17
ISL, 16, 27
ISL, 17, 18
ISL, 17, 28
ISL, 18, 19
ISL, 18, 29
ISL, 19, 20
ISL, 19, 30
ISL, 20, 21
ISL, 20, 31
ISL, 21, 22
ISL, 21, 32
ISL, 22, 23
ISL, 22, 33
ISL, 23, 12
ISL, 23, 34
ISL, 24, 25
ISL, 24, 47
ISL, 25, 26
ISL, 25, 36
ISL, 26, 27
ISL, 26, 37
ISL, 27, 28
ISL, 27, 38
ISL, 28, 29
ISL, 28, 39
ISL, 29, 30
ISL, 29, 40
ISL, 30, 31
ISL, 30, 41
ISL, 31, 32
ISL, 31, 42
ISL, 32, 33
ISL, 32, 43
ISL, 33, 34
ISL, 33, 44
ISL, 34, 35
ISL, 34, 45
ISL, 35, 24
ISL, 35, 46
ISL, 36, 37
ISL, 36, 59
ISL, 37, 38
ISL, 37, 48
ISL, 38, 39
ISL, 38, 49
ISL, 39, 40
ISL, 39, 50
ISL, 40, 41
ISL, 40, 50
ISL, 41, 42
ISL, 41, 52
ISL, 42, 43
ISL, 42, 53
ISL, 43, 44
ISL, 43, 54
ISL, 44, 45
ISL, 44, 55
ISL, 45, 46
ISL, 45, 56
ISL, 46, 47
ISL, 46, 56
ISL, 47, 36
ISL, 47, 58
ISL, 48, 49
ISL, 48, 71
ISL, 49, 50
ISL, 49, 60
ISL, 50, 51
ISL, 50, 61
ISL, 51, 52
ISL, 51, 62
ISL, 52, 53
ISL, 52, 63
ISL, 53, 54
ISL, 53, 64
ISL, 54, 55
ISL, 54, 65
ISL, 55, 56
ISL, 55, 66
ISL, 56, 57
ISL, 56, 67
ISL, 57, 58
ISL, 57, 68
ISL, 58, 59
ISL, 58, 69
ISL, 59, 48
ISL, 59, 70
ISL, 60, 61
ISL, 60, 83
ISL, 61, 62
ISL, 61, 72
ISL, 62, 63
ISL, 62, 73
ISL, 63, 64
ISL, 63, 73
ISL, 64, 65
ISL, 64, 75
ISL, 65, 66
ISL, 65, 76
ISL, 66, 67
ISL, 66, 77
ISL, 67, 68
ISL, 67, 78
ISL, 68, 69
ISL, 68, 79
ISL, 69, 70
ISL, 69, 79
ISL, 70, 71
ISL, 70, 81
ISL, 71, 60
ISL, 71, 82
ISL, 72, 73
ISL, 72, 95
ISL, 73, 74
ISL, 73, 84
ISL, 74, 75
ISL, 74, 85
ISL, 75, 76
ISL, 75, 85
ISL, 76, 77
ISL, 76, 87
ISL, 77, 78
ISL, 77, 88
ISL, 78, 79
ISL, 78, 89
ISL, 79, 80
ISL, 79, 90
ISL, 80, 81
ISL, 80, 91
ISL, 81, 82
ISL, 81, 91
ISL, 82, 83
ISL, 82, 93
ISL, 83, 72
ISL, 83, 94
ISL, 84, 85
ISL, 84, 2
ISL, 85, 86
ISL, 85, 3
ISL, 86, 87
ISL, 86, 4
ISL, 87, 88
ISL, 87, 5
ISL, 88, 89
ISL, 88, 6
ISL, 89, 90
ISL, 89, 7
ISL, 90, 91
ISL, 90, 8
ISL, 91, 92
ISL, 91, 9
ISL, 92, 93
ISL, 92, 10
ISL, 93, 94
ISL, 93, 11
ISL, 94, 95
ISL, 94, 0
ISL, 95, 84
ISL, 95, 1
