[METADATA]
Time: 2026-04-12 02:48:43
Step: 9
Total_Sats: 96

[NODES]
ID, Name, Lat(deg), Lon(deg), Alt(km)
0, W-00-00, -7.80232, 111.60442, 493.254
1, W-00-01, 16.16016, 130.02717, 494.507
2, W-00-02, 38.06924, 153.40633, 500.954
3, W-00-03, 52.09340, -168.40414, 506.136
4, W-00-04, 48.69456, -120.96507, 504.889
5, W-00-05, 30.84924, -89.07595, 498.453
6, W-00-06, 7.80232, -68.39558, 493.254
7, W-00-07, -16.16016, -49.97283, 494.507
8, W-00-08, -38.06924, -26.59367, 500.954
9, W-00-09, -52.09340, 11.59586, 506.136
10, W-00-10, -48.69456, 59.03493, 504.889
11, W-00-11, -30.84924, 90.92405, 498.453
12, W-01-00, 1.22417, 163.41103, 492.873
13, W-01-01, 24.81658, -177.24526, 496.606
14, W-01-02, 44.76680, -149.53486, 503.426
15, W-01-03, 53.14438, -104.97566, 506.515
16, W-01-04, 43.08241, -61.96147, 502.798
17, W-01-05, 22.50859, -35.58471, 495.976
18, W-01-06, -1.22417, -16.58897, 492.873
19, W-01-07, -24.81658, 2.75474, 496.606
20, W-01-08, -44.76680, 30.46514, 503.426
21, W-01-09, -53.14438, 75.02434, 506.515
22, W-01-10, -43.08241, 118.03853, 502.798
23, W-01-11, -22.50859, 144.41529, 495.976
24, W-02-00, 10.23254, -144.73672, 493.533
25, W-02-01, 33.00681, -123.39826, 499.173
26, W-02-02, 49.88828, -89.76388, 505.330
27, W-02-03, 51.33138, -41.86434, 505.859
28, W-02-04, 36.05990, -5.55019, 500.234
29, W-02-05, 13.76339, 16.92430, 494.064
30, W-02-06, -10.23254, 35.26328, 493.533
31, W-02-07, -33.00681, 56.60174, 499.173
32, W-02-08, -49.88828, 90.23612, 505.330
33, W-02-09, -51.33138, 138.13566, 505.859
34, W-02-10, -36.05990, 174.44981, 500.234
35, W-02-11, -13.76339, -163.07570, 494.064
36, W-03-00, 19.08361, -92.49038, 495.133
37, W-03-01, 40.43932, -67.84587, 501.819
38, W-03-02, 52.76056, -27.37433, 506.377
39, W-03-03, 47.01882, 19.01857, 504.266
40, W-03-04, 28.12810, 48.89506, 497.587
41, W-03-05, 4.79970, 68.88894, 493.012
42, W-03-06, -19.08361, 87.50962, 495.133
43, W-03-07, -40.43932, 112.15413, 501.819
44, W-03-08, -52.76056, 152.62567, 506.377
45, W-03-09, -47.01882, -160.98143, 504.266
46, W-03-10, -28.12810, -131.10494, 497.587
47, W-03-11, -4.79970, -111.11106, 493.012
48, W-04-00, 27.61054, -39.44698, 497.428
49, W-04-01, 46.68114, -9.92929, 504.140
50, W-04-02, 52.85112, 36.21343, 506.410
51, W-04-03, 40.86982, 77.10256, 501.978
52, W-04-04, 19.62813, 102.00377, 495.259
53, W-04-05, -4.23556, 120.67342, 492.979
54, W-04-06, -27.61054, 140.55302, 497.428
55, W-04-07, -46.68114, 170.07071, 504.140
56, W-04-08, -52.85112, -143.78657, 506.410
57, W-04-09, -40.86982, -102.89744, 501.978
58, W-04-10, -19.62813, -77.99623, 495.259
59, W-04-11, 4.23556, -59.32658, 492.979
60, W-05-00, 35.58645, 14.89736, 500.067
61, W-05-01, 51.12874, 50.78127, 505.785
62, W-05-02, 50.14080, 98.73452, 505.423
63, W-05-03, 33.49731, 132.78352, 499.341
64, W-05-04, 10.79200, 154.28730, 493.607
65, W-05-05, -13.20779, 172.61663, 493.971
66, W-05-06, -35.58645, -165.10264, 500.067
67, W-05-07, -51.12874, -129.21873, 505.785
68, W-05-08, -50.14080, -81.26548, 505.423
69, W-05-09, -33.49731, -47.21648, 499.341
70, W-05-10, -10.79200, -25.71270, 493.607
71, W-05-11, 13.20779, -7.38337, 493.971
72, W-06-00, 42.67863, 71.16597, 502.648
73, W-06-01, 53.11393, 113.79751, 506.504
74, W-06-02, 45.13977, 158.68316, 503.565
75, W-06-03, 25.34471, -173.28133, 496.756
76, W-06-04, 1.78922, -153.84635, 492.884
77, W-06-05, -21.97153, -134.92021, 495.836
78, W-06-06, -42.67863, -108.83403, 502.648
79, W-06-07, -53.11393, -66.20249, 506.504
80, W-06-08, -45.13977, -21.31684, 503.565
81, W-06-09, -25.34471, 6.71867, 496.756
82, W-06-10, -1.78922, 26.15365, 492.884
83, W-06-11, 21.97153, 45.07979, 495.836
84, W-07-00, 48.39698, 129.99426, 504.779
85, W-07-01, 52.24176, 177.27596, 506.190
86, W-07-02, 38.52282, -144.10201, 501.118
87, W-07-03, 16.71081, -120.49857, 494.618
88, W-07-04, -7.24004, -102.04673, 493.200
89, W-07-05, -30.34414, -81.50524, 498.289
90, W-07-06, -48.39698, -50.00574, 504.779
91, W-07-07, -52.24176, -2.72404, 506.190
92, W-07-08, -38.52282, 35.89799, 501.118
93, W-07-09, -16.71081, 59.50143, 494.618
94, W-07-10, 7.24004, 77.95327, 493.200
95, W-07-11, 30.34414, 98.49476, 498.289

[LINKS]
Type, SourceID, TargetID
ISL, 0, 1
ISL, 0, 23
ISL, 1, 2
ISL, 1, 12
ISL, 2, 3
ISL, 2, 13
ISL, 3, 4
ISL, 3, 14
ISL, 4, 5
ISL, 4, 15
ISL, 5, 6
ISL, 5, 15
ISL, 6, 7
ISL, 6, 17
ISL, 7, 8
ISL, 7, 18
ISL, 8, 9
ISL, 8, 19
ISL, 9, 10
ISL, 9, 20
ISL, 10, 11
ISL, 10, 21
ISL, 11, 0
ISL, 11, 21
ISL, 12, 13
ISL, 12, 35
ISL, 13, 14
ISL, 13, 24
ISL, 14, 15
ISL, 14, 25
ISL, 15, 16
ISL, 15, 26
ISL, 16, 17
ISL, 16, 27
ISL, 17, 18
ISL, 17, 28
ISL, 18, 19
ISL, 18, 29
ISL, 19, 20
ISL, 19, 30
ISL, 20, 21
ISL, 20, 31
ISL, 21, 22
ISL, 21, 32
ISL, 22, 23
ISL, 22, 33
ISL, 23, 12
ISL, 23, 34
ISL, 24, 25
ISL, 24, 47
ISL, 25, 26
ISL, 25, 36
ISL, 26, 27
ISL, 26, 37
ISL, 27, 28
ISL, 27, 38
ISL, 28, 29
ISL, 28, 39
ISL, 29, 30
ISL, 29, 40
ISL, 30, 31
ISL, 30, 41
ISL, 31, 32
ISL, 31, 42
ISL, 32, 33
ISL, 32, 43
ISL, 33, 34
ISL, 33, 44
ISL, 34, 35
ISL, 34, 45
ISL, 35, 24
ISL, 35, 46
ISL, 36, 37
ISL, 36, 59
ISL, 37, 38
ISL, 37, 48
ISL, 38, 39
ISL, 38, 49
ISL, 39, 40
ISL, 39, 50
ISL, 40, 41
ISL, 40, 50
ISL, 41, 42
ISL, 41, 52
ISL, 42, 43
ISL, 42, 53
ISL, 43, 44
ISL, 43, 54
ISL, 44, 45
ISL, 44, 55
ISL, 45, 46
ISL, 45, 56
ISL, 46, 47
ISL, 46, 56
ISL, 47, 36
ISL, 47, 58
ISL, 48, 49
ISL, 48, 71
ISL, 49, 50
ISL, 49, 60
ISL, 50, 51
ISL, 50, 61
ISL, 51, 52
ISL, 51, 62
ISL, 52, 53
ISL, 52, 63
ISL, 53, 54
ISL, 53, 64
ISL, 54, 55
ISL, 54, 65
ISL, 55, 56
ISL, 55, 66
ISL, 56, 57
ISL, 56, 67
ISL, 57, 58
ISL, 57, 68
ISL, 58, 59
ISL, 58, 69
ISL, 59, 48
ISL, 59, 70
ISL, 60, 61
ISL, 60, 83
ISL, 61, 62
ISL, 61, 72
ISL, 62, 63
ISL, 62, 73
ISL, 63, 64
ISL, 63, 73
ISL, 64, 65
ISL, 64, 75
ISL, 65, 66
ISL, 65, 76
ISL, 66, 67
ISL, 66, 77
ISL, 67, 68
ISL, 67, 78
ISL, 68, 69
ISL, 68, 79
ISL, 69, 70
ISL, 69, 79
ISL, 70, 71
ISL, 70, 81
ISL, 71, 60
ISL, 71, 82
ISL, 72, 73
ISL, 72, 95
ISL, 73, 74
ISL, 73, 84
ISL, 74, 75
ISL, 74, 85
ISL, 75, 76
ISL, 75, 85
ISL, 76, 77
ISL, 76, 87
ISL, 77, 78
ISL, 77, 88
ISL, 78, 79
ISL, 78, 89
ISL, 79, 80
ISL, 79, 90
ISL, 80, 81
ISL, 80, 91
ISL, 81, 82
ISL, 81, 91
ISL, 82, 83
ISL, 82, 93
ISL, 83, 72
ISL, 83, 94
ISL, 84, 85
ISL, 84, 2
ISL, 85, 86
ISL, 85, 3
ISL, 86, 87
ISL, 86, 4
ISL, 87, 88
ISL, 87, 5
ISL, 88, 89
ISL, 88, 6
ISL, 89, 90
ISL, 89, 7
ISL, 90, 91
ISL, 90, 8
ISL, 91, 92
ISL, 91, 9
ISL, 92, 93
ISL, 92, 10
ISL, 93, 94
ISL, 93, 11
ISL, 94, 95
ISL, 94, 0
ISL, 95, 84
ISL, 95, 1
