[METADATA]
Time: 2026-04-12 04:08:43
Step: 169
Total_Sats: 96

[NODES]
ID, Name, Lat(deg), Lon(deg), Alt(km)
0, W-00-00, -46.48182, 45.37964, 504.066
1, W-00-01, -27.30901, 74.69178, 497.336
2, W-00-02, -3.90784, 94.50705, 492.962
3, W-00-03, 19.94375, 113.20689, 495.334
4, W-00-04, 41.11766, 138.26003, 502.069
5, W-00-05, 52.89860, 179.38945, 506.427
6, W-00-06, 46.48182, -134.62036, 504.066
7, W-00-07, 27.30901, -105.30822, 497.336
8, W-00-08, 3.90784, -85.49295, 492.962
9, W-00-09, -19.94375, -66.79311, 495.334
10, W-00-10, -41.11766, -41.73997, 502.069
11, W-00-11, -52.89860, -0.61055, 506.427
12, W-01-00, -40.18720, 103.19986, 501.726
13, W-01-01, -18.76682, 127.69816, 495.061
14, W-01-02, 5.12718, 146.29213, 493.032
15, W-01-03, 28.42766, 166.35443, 497.680
16, W-01-04, 47.21165, -163.55791, 504.338
17, W-01-05, 52.70289, -117.02717, 506.356
18, W-01-06, 40.18720, -76.80014, 501.726
19, W-01-07, 18.76682, -52.30184, 495.061
20, W-01-08, -5.12718, -33.70787, 493.032
21, W-01-09, -28.42766, -13.64557, 497.680
22, W-01-10, -47.21165, 16.44209, 504.338
23, W-01-11, -52.70289, 62.97283, 506.356
24, W-02-00, -32.72062, 158.67881, 499.076
25, W-02-01, -9.90738, 179.92362, 493.491
26, W-02-02, 14.08566, -161.73014, 494.120
27, W-02-03, 36.33324, -139.14057, 500.331
28, W-02-04, 51.44453, -102.57582, 505.900
29, W-02-05, 49.73757, -54.71665, 505.274
30, W-02-06, 32.72062, -21.32119, 499.076
31, W-02-07, 9.90738, -0.07638, 493.491
32, W-02-08, -14.08566, 18.26986, 494.120
33, W-02-09, -36.33324, 40.85943, 500.331
34, W-02-10, -51.44453, 77.42418, 505.900
35, W-02-11, -49.73757, 125.28335, 505.274
36, W-03-00, -24.50905, -147.52432, 496.519
37, W-03-01, -0.89599, -128.23170, 492.868
38, W-03-02, 22.81976, -109.19372, 496.058
39, W-03-03, 43.31440, -82.64524, 502.884
40, W-03-04, 53.15683, -39.41290, 506.520
41, W-03-05, 44.54739, 4.95111, 503.344
42, W-03-06, 24.50905, 32.47568, 496.519
43, W-03-07, 0.89599, 51.76830, 492.868
44, W-03-08, -22.81976, 70.80628, 496.058
45, W-03-09, -43.31440, 97.35476, 502.884
46, W-03-10, -53.15683, 140.58710, 506.520
47, W-03-11, -44.54739, -175.04889, 503.344
48, W-04-00, -15.83991, -94.82797, 494.445
49, W-04-01, 8.12864, -76.42042, 493.287
50, W-04-02, 31.14139, -55.65720, 498.549
51, W-04-03, 48.86368, -23.53941, 504.952
52, W-04-04, 52.00243, 23.98244, 506.103
53, W-04-05, 37.80401, 61.92041, 500.858
54, W-04-06, 15.83991, 85.17203, 494.445
55, W-04-07, -8.12864, 103.57958, 493.287
56, W-04-08, -31.14139, 124.34280, 498.549
57, W-04-09, -48.86368, 156.46059, 504.952
58, W-04-10, -52.00243, -156.01756, 506.103
59, W-04-11, -37.80401, -118.07959, 500.858
60, W-05-00, -6.91332, -42.77029, 493.170
61, W-05-01, 17.03011, -24.29986, 494.684
62, W-05-02, 38.78437, -0.56346, 501.213
63, W-05-03, 52.32306, 38.30914, 506.219
64, W-05-04, 48.22053, 85.49097, 504.713
65, W-05-05, 30.04967, 116.76669, 498.194
66, W-05-06, 6.91332, 137.22971, 493.170
67, W-05-07, -17.03011, 155.70014, 494.684
68, W-05-08, -38.78437, 179.43654, 501.213
69, W-05-09, -52.32306, -141.69086, 506.219
70, W-05-10, -48.22053, -94.50903, 504.713
71, W-05-11, -30.04967, -63.23331, 498.194
72, W-06-00, 2.11731, 9.02587, 492.892
73, W-06-01, 25.65057, 28.51579, 496.845
74, W-06-02, 45.35350, 56.74304, 503.645
75, W-06-03, 53.09102, 101.81242, 506.496
76, W-06-04, 42.44170, 144.21796, 502.560
77, W-06-05, 21.65895, 170.13835, 495.756
78, W-06-06, -2.11731, -170.97413, 492.892
79, W-06-07, -25.65057, -151.48421, 496.845
80, W-06-08, -45.35350, -123.25696, 503.645
81, W-06-09, -53.09102, -78.18758, 506.496
82, W-06-10, -42.44170, -35.78204, 502.560
83, W-06-11, -21.65895, -9.86165, 495.756
84, W-07-00, 11.11659, 60.90104, 493.652
85, W-07-01, 33.78078, 82.50320, 499.438
86, W-07-02, 50.28333, 116.79472, 505.475
87, W-07-03, 51.00660, 164.76995, 505.740
88, W-07-04, 35.30994, -159.59508, 499.970
89, W-07-05, 12.88476, -137.42435, 493.918
90, W-07-06, -11.11659, -119.09896, 493.652
91, W-07-07, -33.78078, -97.49680, 499.438
92, W-07-08, -50.28333, -63.20528, 505.475
93, W-07-09, -51.00660, -15.23005, 505.740
94, W-07-10, -35.30994, 20.40492, 499.970
95, W-07-11, -12.88476, 42.57565, 493.918

[LINKS]
Type, SourceID, TargetID
ISL, 0, 1
ISL, 0, 23
ISL, 1, 2
ISL, 1, 12
ISL, 2, 3
ISL, 2, 13
ISL, 3, 4
ISL, 3, 14
ISL, 4, 5
ISL, 4, 15
ISL, 5, 6
ISL, 5, 15
ISL, 6, 7
ISL, 6, 17
ISL, 7, 8
ISL, 7, 18
ISL, 8, 9
ISL, 8, 19
ISL, 9, 10
ISL, 9, 20
ISL, 10, 11
ISL, 10, 21
ISL, 11, 0
ISL, 11, 21
ISL, 12, 13
ISL, 12, 35
ISL, 13, 14
ISL, 13, 24
ISL, 14, 15
ISL, 14, 25
ISL, 15, 16
ISL, 15, 26
ISL, 16, 17
ISL, 16, 27
ISL, 17, 18
ISL, 17, 28
ISL, 18, 19
ISL, 18, 29
ISL, 19, 20
ISL, 19, 30
ISL, 20, 21
ISL, 20, 31
ISL, 21, 22
ISL, 21, 32
ISL, 22, 23
ISL, 22, 33
ISL, 23, 12
ISL, 23, 34
ISL, 24, 25
ISL, 24, 47
ISL, 25, 26
ISL, 25, 36
ISL, 26, 27
ISL, 26, 37
ISL, 27, 28
ISL, 27, 38
ISL, 28, 29
ISL, 28, 39
ISL, 29, 30
ISL, 29, 40
ISL, 30, 31
ISL, 30, 41
ISL, 31, 32
ISL, 31, 42
ISL, 32, 33
ISL, 32, 43
ISL, 33, 34
ISL, 33, 44
ISL, 34, 35
ISL, 34, 45
ISL, 35, 24
ISL, 35, 46
ISL, 36, 37
ISL, 36, 59
ISL, 37, 38
ISL, 37, 48
ISL, 38, 39
ISL, 38, 49
ISL, 39, 40
ISL, 39, 50
ISL, 40, 41
ISL, 40, 50
ISL, 41, 42
ISL, 41, 52
ISL, 42, 43
ISL, 42, 53
ISL, 43, 44
ISL, 43, 54
ISL, 44, 45
ISL, 44, 55
ISL, 45, 46
ISL, 45, 56
ISL, 46, 47
ISL, 46, 56
ISL, 47, 36
ISL, 47, 58
ISL, 48, 49
ISL, 48, 71
ISL, 49, 50
ISL, 49, 60
ISL, 50, 51
ISL, 50, 61
ISL, 51, 52
ISL, 51, 62
ISL, 52, 53
ISL, 52, 63
ISL, 53, 54
ISL, 53, 64
ISL, 54, 55
ISL, 54, 65
ISL, 55, 56
ISL, 55, 66
ISL, 56, 57
ISL, 56, 67
ISL, 57, 58
ISL, 57, 68
ISL, 58, 59
ISL, 58, 69
ISL, 59, 48
ISL, 59, 70
ISL, 60, 61
ISL, 60, 83
ISL, 61, 62
ISL, 61, 72
ISL, 62, 63
ISL, 62, 73
ISL, 63, 64
ISL, 63, 73
ISL, 64, 65
ISL, 64, 75
ISL, 65, 66
ISL, 65, 76
ISL, 66, 67
ISL, 66, 77
ISL, 67, 68
ISL, 67, 78
ISL, 68, 69
ISL, 68, 79
ISL, 69, 70
ISL, 69, 79
ISL, 70, 71
ISL, 70, 81
ISL, 71, 60
ISL, 71, 82
ISL, 72, 73
ISL, 72, 95
ISL, 73, 74
ISL, 73, 84
ISL, 74, 75
ISL, 74, 85
ISL, 75, 76
ISL, 75, 85
ISL, 76, 77
ISL, 76, 87
ISL, 77, 78
ISL, 77, 88
ISL, 78, 79
ISL, 78, 89
ISL, 79, 80
ISL, 79, 90
ISL, 80, 81
ISL, 80, 91
ISL, 81, 82
ISL, 81, 91
ISL, 82, 83
ISL, 82, 93
ISL, 83, 72
ISL, 83, 94
ISL, 84, 85
ISL, 84, 2
ISL, 85, 86
ISL, 85, 3
ISL, 86, 87
ISL, 86, 4
ISL, 87, 88
ISL, 87, 5
ISL, 88, 89
ISL, 88, 6
ISL, 89, 90
ISL, 89, 7
ISL, 90, 91
ISL, 90, 8
ISL, 91, 92
ISL, 91, 9
ISL, 92, 93
ISL, 92, 10
ISL, 93, 94
ISL, 93, 11
ISL, 94, 95
ISL, 94, 0
ISL, 95, 84
ISL, 95, 1
