[METADATA]
Time: 2026-04-12 03:27:43
Step: 87
Total_Sats: 96

[NODES]
ID, Name, Lat(deg), Lon(deg), Alt(km)
0, W-00-00, 31.83280, -99.98737, 498.778
1, W-00-01, 8.90425, -79.02045, 493.371
2, W-00-02, -15.07677, -60.64412, 494.299
3, W-00-03, -37.16784, -37.68802, 500.629
4, W-00-04, -51.77196, -0.34884, 506.019
5, W-00-05, -49.25484, 47.34403, 505.096
6, W-00-06, -31.83280, 80.01263, 498.778
7, W-00-07, -8.90425, 100.97955, 493.371
8, W-00-08, 15.07677, 119.35588, 494.299
9, W-00-09, 37.16784, 142.31198, 500.629
10, W-00-10, 51.77196, 179.65116, 506.019
11, W-00-11, 49.25484, -132.65597, 505.096
12, W-01-00, 23.55781, -46.34017, 496.256
13, W-01-01, -0.11527, -27.19627, 492.863
14, W-01-02, -23.77514, -8.01961, 496.316
15, W-01-03, -44.01735, 19.07169, 503.146
16, W-01-04, -53.17096, 62.95575, 506.525
17, W-01-05, -43.85871, 106.69410, 503.087
18, W-01-06, -23.55781, 133.65983, 496.256
19, W-01-07, 0.11527, 152.80373, 492.863
20, W-01-08, 23.77514, 171.98039, 496.316
21, W-01-09, 44.01735, -160.92831, 503.146
22, W-01-10, 53.17096, -117.04425, 506.525
23, W-01-11, 43.85871, -73.30590, 503.087
24, W-02-00, 14.85109, 6.26377, 494.257
25, W-02-01, -9.13308, 24.63221, 493.398
26, W-02-02, -32.03597, 45.66107, 498.846
27, W-02-03, -49.36729, 78.49408, 505.138
28, W-02-04, -51.70017, 126.23039, 505.993
29, W-02-05, -36.97862, 163.39282, 500.561
30, W-02-06, -14.85109, -173.73623, 494.257
31, W-02-07, 9.13308, -155.36779, 493.398
32, W-02-08, 32.03597, -134.33893, 498.846
33, W-02-09, 49.36729, -101.50592, 505.138
34, W-02-10, 51.70017, -53.76961, 505.993
35, W-02-11, 36.97862, -16.60718, 500.561
36, W-03-00, 5.90579, 58.27456, 493.088
37, W-03-01, -18.01160, 76.81009, 494.893
38, W-03-02, -39.58137, 100.96893, 501.504
39, W-03-03, -52.55083, 140.60935, 506.302
40, W-03-04, -47.66048, -172.55473, 504.505
41, W-03-05, -29.13721, -141.95663, 497.902
42, W-03-06, -5.90579, -121.72544, 493.088
43, W-03-07, 18.01160, -103.18991, 494.893
44, W-03-08, 39.58137, -79.03107, 501.504
45, W-03-09, 52.55083, -39.39065, 506.302
46, W-03-10, 47.66048, 7.44527, 504.505
47, W-03-11, 29.13721, 38.04337, 497.902
48, W-04-00, -3.12797, 110.06284, 492.926
49, W-04-01, -26.58892, 129.73103, 497.120
50, W-04-02, -45.99843, 158.56268, 503.886
51, W-04-03, -52.99637, -155.83054, 506.462
52, W-04-04, -41.70070, -114.13711, 502.285
53, W-04-05, -20.69275, -88.71399, 495.515
54, W-04-06, 3.12797, -69.93716, 492.926
55, W-04-07, 26.58892, -50.26897, 497.120
56, W-04-08, 45.99843, -21.43732, 503.886
57, W-04-09, 52.99637, 24.16946, 506.462
58, W-04-10, 41.70070, 65.86289, 502.285
59, W-04-11, 20.69275, 91.28601, 495.515
60, W-05-00, -12.11530, 161.96805, 493.798
61, W-05-01, -34.64768, -176.11554, 499.738
62, W-05-02, -50.70307, -141.06950, 505.629
63, W-05-03, -50.61000, -93.06930, 505.595
64, W-05-04, -34.45095, -58.19616, 499.670
65, W-05-05, -11.88783, -36.35287, 493.764
66, W-05-06, 12.11530, -18.03195, 493.798
67, W-05-07, 34.64768, 3.88446, 499.738
68, W-05-08, 50.70307, 38.93050, 505.629
69, W-05-09, 50.61000, 86.93070, 505.595
70, W-05-10, 34.45095, 121.80384, 499.670
71, W-05-11, 11.88783, 143.64713, 493.764
72, W-06-00, -20.91341, -145.65393, 495.569
73, W-06-01, -41.87105, -120.11925, 502.348
74, W-06-02, -53.02114, -78.26153, 506.471
75, W-06-03, -45.85325, -32.77332, 503.832
76, W-06-04, -26.37556, -4.08125, 497.057
77, W-06-05, -2.89762, 15.54510, 492.917
78, W-06-06, 20.91341, 34.34607, 495.569
79, W-06-07, 41.87105, 59.88075, 502.348
80, W-06-08, 53.02114, 101.73847, 506.471
81, W-06-09, 45.85325, 147.22668, 503.832
82, W-06-10, 26.37556, 175.91875, 497.057
83, W-06-11, 2.89762, -164.45490, 492.917
84, W-07-00, -29.34589, -92.38246, 497.968
85, W-07-01, -47.79029, -61.63150, 504.553
86, W-07-02, -52.50194, -14.71174, 506.284
87, W-07-03, -39.40088, 24.75433, 501.438
88, W-07-04, -17.78818, 48.81516, 494.845
89, W-07-05, 6.13557, 67.33481, 493.105
90, W-07-06, 29.34589, 87.61754, 497.968
91, W-07-07, 47.79029, 118.36850, 504.553
92, W-07-08, 52.50194, 165.28826, 506.284
93, W-07-09, 39.40088, -155.24567, 501.438
94, W-07-10, 17.78818, -131.18484, 494.845
95, W-07-11, -6.13557, -112.66519, 493.105

[LINKS]
Type, SourceID, TargetID
ISL, 0, 1
ISL, 0, 23
ISL, 1, 2
ISL, 1, 12
ISL, 2, 3
ISL, 2, 13
ISL, 3, 4
ISL, 3, 14
ISL, 4, 5
ISL, 4, 15
ISL, 5, 6
ISL, 5, 15
ISL, 6, 7
ISL, 6, 17
ISL, 7, 8
ISL, 7, 18
ISL, 8, 9
ISL, 8, 19
ISL, 9, 10
ISL, 9, 20
ISL, 10, 11
ISL, 10, 21
ISL, 11, 0
ISL, 11, 21
ISL, 12, 13
ISL, 12, 35
ISL, 13, 14
ISL, 13, 24
ISL, 14, 15
ISL, 14, 25
ISL, 15, 16
ISL, 15, 26
ISL, 16, 17
ISL, 16, 27
ISL, 17, 18
ISL, 17, 28
ISL, 18, 19
ISL, 18, 29
ISL, 19, 20
ISL, 19, 30
ISL, 20, 21
ISL, 20, 31
ISL, 21, 22
ISL, 21, 32
ISL, 22, 23
ISL, 22, 33
ISL, 23, 12
ISL, 23, 34
ISL, 24, 25
ISL, 24, 47
ISL, 25, 26
ISL, 25, 36
ISL, 26, 27
ISL, 26, 37
ISL, 27, 28
ISL, 27, 38
ISL, 28, 29
ISL, 28, 39
ISL, 29, 30
ISL, 29, 40
ISL, 30, 31
ISL, 30, 41
ISL, 31, 32
ISL, 31, 42
ISL, 32, 33
ISL, 32, 43
ISL, 33, 34
ISL, 33, 44
ISL, 34, 35
ISL, 34, 45
ISL, 35, 24
ISL, 35, 46
ISL, 36, 37
ISL, 36, 59
ISL, 37, 38
ISL, 37, 48
ISL, 38, 39
ISL, 38, 49
ISL, 39, 40
ISL, 39, 50
ISL, 40, 41
ISL, 40, 50
ISL, 41, 42
ISL, 41, 52
ISL, 42, 43
ISL, 42, 53
ISL, 43, 44
ISL, 43, 54
ISL, 44, 45
ISL, 44, 55
ISL, 45, 46
ISL, 45, 56
ISL, 46, 47
ISL, 46, 56
ISL, 47, 36
ISL, 47, 58
ISL, 48, 49
ISL, 48, 71
ISL, 49, 50
ISL, 49, 60
ISL, 50, 51
ISL, 50, 61
ISL, 51, 52
ISL, 51, 62
ISL, 52, 53
ISL, 52, 63
ISL, 53, 54
ISL, 53, 64
ISL, 54, 55
ISL, 54, 65
ISL, 55, 56
ISL, 55, 66
ISL, 56, 57
ISL, 56, 67
ISL, 57, 58
ISL, 57, 68
ISL, 58, 59
ISL, 58, 69
ISL, 59, 48
ISL, 59, 70
ISL, 60, 61
ISL, 60, 83
ISL, 61, 62
ISL, 61, 72
ISL, 62, 63
ISL, 62, 73
ISL, 63, 64
ISL, 63, 73
ISL, 64, 65
ISL, 64, 75
ISL, 65, 66
ISL, 65, 76
ISL, 66, 67
ISL, 66, 77
ISL, 67, 68
ISL, 67, 78
ISL, 68, 69
ISL, 68, 79
ISL, 69, 70
ISL, 69, 79
ISL, 70, 71
ISL, 70, 81
ISL, 71, 60
ISL, 71, 82
ISL, 72, 73
ISL, 72, 95
ISL, 73, 74
ISL, 73, 84
ISL, 74, 75
ISL, 74, 85
ISL, 75, 76
ISL, 75, 85
ISL, 76, 77
ISL, 76, 87
ISL, 77, 78
ISL, 77, 88
ISL, 78, 79
ISL, 78, 89
ISL, 79, 80
ISL, 79, 90
ISL, 80, 81
ISL, 80, 91
ISL, 81, 82
ISL, 81, 91
ISL, 82, 83
ISL, 82, 93
ISL, 83, 72
ISL, 83, 94
ISL, 84, 85
ISL, 84, 2
ISL, 85, 86
ISL, 85, 3
ISL, 86, 87
ISL, 86, 4
ISL, 87, 88
ISL, 87, 5
ISL, 88, 89
ISL, 88, 6
ISL, 89, 90
ISL, 89, 7
ISL, 90, 91
ISL, 90, 8
ISL, 91, 92
ISL, 91, 9
ISL, 92, 93
ISL, 92, 10
ISL, 93, 94
ISL, 93, 11
ISL, 94, 95
ISL, 94, 0
ISL, 95, 84
ISL, 95, 1
