[METADATA]
Time: 2026-04-12 03:12:43
Step: 57
Total_Sats: 96

[NODES]
ID, Name, Lat(deg), Lon(deg), Alt(km)
0, W-00-00, 52.38927, -172.09730, 506.243
1, W-00-01, 48.06862, -125.00511, 504.657
2, W-00-02, 29.79895, -93.91796, 498.113
3, W-00-03, 6.63575, -73.52032, 493.146
4, W-00-04, -17.30098, -55.03314, 494.741
5, W-00-05, -39.00538, -31.18224, 501.294
6, W-00-06, -52.38927, 7.90270, 506.243
7, W-00-07, -48.06862, 54.99489, 504.657
8, W-00-08, -29.79895, 86.08204, 498.113
9, W-00-09, -6.63575, 106.47968, 493.146
10, W-00-10, 17.30098, 124.96686, 494.741
11, W-00-11, 39.00538, 148.81776, 501.294
12, W-01-00, 53.06855, -108.57538, 506.488
13, W-01-01, 42.23911, -66.36381, 502.485
14, W-01-02, 21.39312, -40.58252, 495.689
15, W-01-03, -2.39591, -21.72675, 492.900
16, W-01-04, -25.90980, -2.18906, 496.920
17, W-01-05, -45.53332, 26.20273, 503.712
18, W-01-06, -53.06855, 71.42462, 506.488
19, W-01-07, -42.23911, 113.63619, 502.485
20, W-01-08, -21.39312, 139.41748, 495.689
21, W-01-09, 2.39591, 158.27325, 492.900
22, W-01-10, 25.90980, 177.81094, 496.920
23, W-01-11, 45.53332, -153.79727, 503.712
24, W-02-00, 50.90033, -45.66966, 505.701
25, W-02-01, 35.07424, -10.24550, 499.887
26, W-02-02, 12.61024, 11.83325, 493.875
27, W-02-03, -11.39207, 30.15625, 493.691
28, W-02-04, -34.02070, 51.84334, 499.521
29, W-02-05, -50.40197, 86.34177, 505.519
30, W-02-06, -50.90033, 134.33034, 505.701
31, W-02-07, -35.07424, 169.75450, 499.887
32, W-02-08, -12.61024, -168.16675, 493.875
33, W-02-09, 11.39207, -149.84375, 493.691
34, W-02-10, 34.02070, -128.15666, 499.521
35, W-02-11, 50.40197, -93.65823, 505.519
36, W-03-00, 46.31074, 14.85396, 504.002
37, W-03-01, 27.05239, 43.99319, 497.259
38, W-03-02, 3.62948, 63.75500, 492.948
39, W-03-03, -20.21143, 82.48149, 495.398
40, W-03-04, -41.32687, 107.66532, 502.147
41, W-03-05, -52.93597, 148.99736, 506.440
42, W-03-06, -46.31074, -165.14604, 504.002
43, W-03-07, -27.05239, -136.00681, 497.259
44, W-03-08, -3.62948, -116.24500, 492.948
45, W-03-09, 20.21143, -97.51851, 495.398
46, W-03-10, 41.32687, -72.33468, 502.147
47, W-03-11, 52.93597, -31.00264, 506.440
48, W-04-00, 39.97189, 72.59288, 501.647
49, W-04-01, 18.49748, 96.96865, 495.000
50, W-04-02, -5.40521, 115.54094, 493.051
51, W-04-03, -28.68146, 135.66253, 497.759
52, W-04-04, -47.37349, 165.93112, 504.398
53, W-04-05, -52.65100, -147.42548, 506.338
54, W-04-06, -39.97189, -107.40712, 501.647
55, W-04-07, -18.49748, -83.03135, 495.000
56, W-04-08, 5.40521, -64.45906, 493.051
57, W-04-09, 28.68146, -44.33747, 497.759
58, W-04-10, 47.37349, -14.06888, 504.398
59, W-04-11, 52.65100, 32.57452, 506.338
60, W-05-00, 32.47682, 128.01017, 498.994
61, W-05-01, 9.63108, 149.17679, 493.457
62, W-05-02, -14.35910, 167.53016, 494.168
63, W-05-03, -36.56443, -169.78106, 500.414
64, W-05-04, -51.53799, -133.00315, 505.934
65, W-05-05, -49.60727, -85.18352, 505.226
66, W-05-06, -32.47682, -51.98983, 498.994
67, W-05-07, -9.63108, -30.82321, 493.457
68, W-05-08, 14.35910, -12.46984, 494.168
69, W-05-09, 36.56443, 10.21894, 500.414
70, W-05-10, 51.53799, 46.99685, 505.934
71, W-05-11, 49.60727, 94.81648, 505.226
72, W-06-00, 24.24743, -178.23493, 496.446
73, W-06-01, 0.61729, -158.98461, 492.865
74, W-06-02, -23.08359, -139.90970, 496.128
75, W-06-03, -43.50995, -113.21368, 502.957
76, W-06-04, -53.16438, -69.79854, 506.523
77, W-06-05, -44.35946, -25.60341, 503.274
78, W-06-06, -24.24743, 1.76507, 496.446
79, W-06-07, -0.61729, 21.01539, 492.865
80, W-06-08, 23.08359, 40.09030, 496.128
81, W-06-09, 43.50995, 66.78632, 502.957
82, W-06-10, 53.16438, 110.20146, 506.523
83, W-06-11, 44.35946, 154.39659, 503.274
84, W-07-00, 15.56769, -125.56462, 494.392
85, W-07-01, -8.40564, -107.16901, 493.316
86, W-07-02, -31.38880, -86.33415, 498.631
87, W-07-03, -49.00513, -54.02081, 505.004
88, W-07-04, -51.92241, -6.43369, 506.074
89, W-07-05, -37.57774, 31.29053, 500.777
90, W-07-06, -15.56769, 54.43538, 494.392
91, W-07-07, 8.40564, 72.83099, 493.316
92, W-07-08, 31.38880, 93.66585, 498.631
93, W-07-09, 49.00513, 125.97919, 505.004
94, W-07-10, 51.92241, 173.56631, 506.074
95, W-07-11, 37.57774, -148.70947, 500.777

[LINKS]
Type, SourceID, TargetID
ISL, 0, 1
ISL, 0, 23
ISL, 1, 2
ISL, 1, 12
ISL, 2, 3
ISL, 2, 13
ISL, 3, 4
ISL, 3, 14
ISL, 4, 5
ISL, 4, 15
ISL, 5, 6
ISL, 5, 15
ISL, 6, 7
ISL, 6, 17
ISL, 7, 8
ISL, 7, 18
ISL, 8, 9
ISL, 8, 19
ISL, 9, 10
ISL, 9, 20
ISL, 10, 11
ISL, 10, 21
ISL, 11, 0
ISL, 11, 21
ISL, 12, 13
ISL, 12, 35
ISL, 13, 14
ISL, 13, 24
ISL, 14, 15
ISL, 14, 25
ISL, 15, 16
ISL, 15, 26
ISL, 16, 17
ISL, 16, 27
ISL, 17, 18
ISL, 17, 28
ISL, 18, 19
ISL, 18, 29
ISL, 19, 20
ISL, 19, 30
ISL, 20, 21
ISL, 20, 31
ISL, 21, 22
ISL, 21, 32
ISL, 22, 23
ISL, 22, 33
ISL, 23, 12
ISL, 23, 34
ISL, 24, 25
ISL, 24, 47
ISL, 25, 26
ISL, 25, 36
ISL, 26, 27
ISL, 26, 37
ISL, 27, 28
ISL, 27, 38
ISL, 28, 29
ISL, 28, 39
ISL, 29, 30
ISL, 29, 40
ISL, 30, 31
ISL, 30, 41
ISL, 31, 32
ISL, 31, 42
ISL, 32, 33
ISL, 32, 43
ISL, 33, 34
ISL, 33, 44
ISL, 34, 35
ISL, 34, 45
ISL, 35, 24
ISL, 35, 46
ISL, 36, 37
ISL, 36, 59
ISL, 37, 38
ISL, 37, 48
ISL, 38, 39
ISL, 38, 49
ISL, 39, 40
ISL, 39, 50
ISL, 40, 41
ISL, 40, 50
ISL, 41, 42
ISL, 41, 52
ISL, 42, 43
ISL, 42, 53
ISL, 43, 44
ISL, 43, 54
ISL, 44, 45
ISL, 44, 55
ISL, 45, 46
ISL, 45, 56
ISL, 46, 47
ISL, 46, 56
ISL, 47, 36
ISL, 47, 58
ISL, 48, 49
ISL, 48, 71
ISL, 49, 50
ISL, 49, 60
ISL, 50, 51
ISL, 50, 61
ISL, 51, 52
ISL, 51, 62
ISL, 52, 53
ISL, 52, 63
ISL, 53, 54
ISL, 53, 64
ISL, 54, 55
ISL, 54, 65
ISL, 55, 56
ISL, 55, 66
ISL, 56, 57
ISL, 56, 67
ISL, 57, 58
ISL, 57, 68
ISL, 58, 59
ISL, 58, 69
ISL, 59, 48
ISL, 59, 70
ISL, 60, 61
ISL, 60, 83
ISL, 61, 62
ISL, 61, 72
ISL, 62, 63
ISL, 62, 73
ISL, 63, 64
ISL, 63, 73
ISL, 64, 65
ISL, 64, 75
ISL, 65, 66
ISL, 65, 76
ISL, 66, 67
ISL, 66, 77
ISL, 67, 68
ISL, 67, 78
ISL, 68, 69
ISL, 68, 79
ISL, 69, 70
ISL, 69, 79
ISL, 70, 71
ISL, 70, 81
ISL, 71, 60
ISL, 71, 82
ISL, 72, 73
ISL, 72, 95
ISL, 73, 74
ISL, 73, 84
ISL, 74, 75
ISL, 74, 85
ISL, 75, 76
ISL, 75, 85
ISL, 76, 77
ISL, 76, 87
ISL, 77, 78
ISL, 77, 88
ISL, 78, 79
ISL, 78, 89
ISL, 79, 80
ISL, 79, 90
ISL, 80, 81
ISL, 80, 91
ISL, 81, 82
ISL, 81, 91
ISL, 82, 83
ISL, 82, 93
ISL, 83, 72
ISL, 83, 94
ISL, 84, 85
ISL, 84, 2
ISL, 85, 86
ISL, 85, 3
ISL, 86, 87
ISL, 86, 4
ISL, 87, 88
ISL, 87, 5
ISL, 88, 89
ISL, 88, 6
ISL, 89, 90
ISL, 89, 7
ISL, 90, 91
ISL, 90, 8
ISL, 91, 92
ISL, 91, 9
ISL, 92, 93
ISL, 92, 10
ISL, 93, 94
ISL, 93, 11
ISL, 94, 95
ISL, 94, 0
ISL, 95, 84
ISL, 95, 1
