[METADATA]
Time: 2026-04-12 03:36:13
Step: 104
Total_Sats: 96

[NODES]
ID, Name, Lat(deg), Lon(deg), Alt(km)
0, W-00-00, 6.99338, -79.68414, 493.178
1, W-00-01, -16.95192, -61.21838, 494.668
2, W-00-02, -38.72042, -37.51475, 501.190
3, W-00-03, -52.30347, 1.29652, 506.212
4, W-00-04, -48.26400, 48.50339, 504.729
5, W-00-05, -30.12189, 79.83376, 498.217
6, W-00-06, -6.99338, 100.31586, 493.178
7, W-00-07, 16.95192, 118.78162, 494.668
8, W-00-08, 38.72042, 142.48525, 501.190
9, W-00-09, 52.30347, -178.70348, 506.212
10, W-00-10, 48.26400, -131.49661, 504.729
11, W-00-11, 30.12189, -100.16624, 498.217
12, W-01-00, -2.03694, -27.88718, 492.890
13, W-01-01, -25.57569, -8.41085, 496.823
14, W-01-02, -45.30134, 19.76923, 503.626
15, W-01-03, -53.09698, 64.79400, 506.498
16, W-01-04, -42.49991, 107.25516, 502.581
17, W-01-05, -21.73558, 133.21596, 495.776
18, W-01-06, 2.03694, 152.11282, 492.890
19, W-01-07, 25.57569, 171.58915, 496.823
20, W-01-08, 45.30134, -160.23077, 503.626
21, W-01-09, 53.09698, -115.20600, 506.498
22, W-01-10, 42.49991, -72.74484, 502.581
23, W-01-11, 21.73558, -46.78404, 495.776
24, W-02-00, -11.03709, 23.98579, 493.641
25, W-02-01, -33.71143, 45.56368, 499.414
26, W-02-02, -50.24870, 79.79568, 505.463
27, W-02-03, -51.03683, 127.76615, 505.751
28, W-02-04, -35.37779, 163.46204, 499.994
29, W-02-05, -12.96392, -174.34045, 493.931
30, W-02-06, 11.03709, -156.01421, 493.641
31, W-02-07, 33.71143, -134.43632, 499.414
32, W-02-08, 50.24870, -100.20432, 505.463
33, W-02-09, 51.03683, -52.23385, 505.751
34, W-02-10, 35.37779, -16.53796, 499.994
35, W-02-11, 12.96392, 5.65955, 493.931
36, W-03-00, -19.86646, 76.28612, 495.315
37, W-03-01, -41.05709, 101.30185, 502.047
38, W-03-02, -52.88732, 142.37255, 506.423
39, W-03-03, -46.53087, -171.59940, 504.084
40, W-03-04, -27.38295, -142.23710, 497.359
41, W-03-05, -3.98814, -122.40620, 492.966
42, W-03-06, 19.86646, -103.71388, 495.315
43, W-03-07, 41.05709, -78.69815, 502.047
44, W-03-08, 52.88732, -37.62745, 506.423
45, W-03-09, 46.53087, 8.40060, 504.084
46, W-03-10, 27.38295, 37.76290, 497.359
47, W-03-11, 3.98814, 57.59380, 492.966
48, W-04-00, -28.35434, 129.42408, 497.657
49, W-04-01, -47.16463, 159.45983, 504.320
50, W-04-02, -52.71737, -154.04269, 506.362
51, W-04-03, -40.24911, -113.75563, 501.749
52, W-04-04, -18.84447, -89.22171, 495.078
53, W-04-05, 5.04696, -70.62131, 493.027
54, W-04-06, 28.35434, -50.57592, 497.657
55, W-04-07, 47.16463, -20.54017, 504.320
56, W-04-08, 52.71737, 25.95731, 506.362
57, W-04-09, 40.24911, 66.24437, 501.749
58, W-04-10, 18.84447, 90.77829, 495.078
59, W-04-11, -5.04696, 109.37869, 493.027
60, W-05-00, -36.26639, -176.08562, 500.308
61, W-05-01, -51.41712, -139.58232, 505.890
62, W-05-02, -49.77476, -91.71264, 505.288
63, W-05-03, -32.79082, -58.25877, 499.100
64, W-05-04, -9.98706, -36.99118, 493.501
65, W-05-05, 14.00673, -18.64683, 494.106
66, W-05-06, 36.26639, 3.91438, 500.308
67, W-05-07, 51.41712, 40.41768, 505.890
68, W-05-08, 49.77476, 88.28736, 505.288
69, W-05-09, 32.79082, 121.74123, 499.100
70, W-05-10, 9.98706, 143.00882, 493.501
71, W-05-11, -14.00673, 161.35317, 494.106
72, W-06-00, -43.25774, -119.61097, 502.863
73, W-06-01, -53.15414, -76.43179, 506.519
74, W-06-02, -44.60133, -32.01959, 503.364
75, W-06-03, -24.58445, -4.44970, 496.540
76, W-06-04, -0.97639, 14.85531, 492.869
77, W-06-05, 22.74357, 33.88282, 496.038
78, W-06-06, 43.25774, 60.38903, 502.863
79, W-06-07, 53.15414, 103.56821, 506.519
80, W-06-08, 44.60133, 147.98041, 503.364
81, W-06-09, 24.58445, 175.55030, 496.540
82, W-06-10, 0.97639, -165.14469, 492.869
83, W-06-11, -22.74357, -146.11718, 496.038
84, W-07-00, -48.82250, -60.53021, 504.936
85, W-07-01, -52.02504, -13.02805, 506.111
86, W-07-02, -37.86911, 24.97157, 500.882
87, W-07-03, -15.91840, 48.25425, 494.460
88, W-07-04, 8.04871, 66.66541, 493.279
89, W-07-05, 31.06990, 87.40818, 498.526
90, W-07-06, 48.82250, 119.46979, 504.936
91, W-07-07, 52.02504, 166.97195, 506.111
92, W-07-08, 37.86911, -155.02843, 500.882
93, W-07-09, 15.91840, -131.74575, 494.460
94, W-07-10, -8.04871, -113.33459, 493.279
95, W-07-11, -31.06990, -92.59182, 498.526

[LINKS]
Type, SourceID, TargetID
ISL, 0, 1
ISL, 0, 23
ISL, 1, 2
ISL, 1, 12
ISL, 2, 3
ISL, 2, 13
ISL, 3, 4
ISL, 3, 14
ISL, 4, 5
ISL, 4, 15
ISL, 5, 6
ISL, 5, 15
ISL, 6, 7
ISL, 6, 17
ISL, 7, 8
ISL, 7, 18
ISL, 8, 9
ISL, 8, 19
ISL, 9, 10
ISL, 9, 20
ISL, 10, 11
ISL, 10, 21
ISL, 11, 0
ISL, 11, 21
ISL, 12, 13
ISL, 12, 35
ISL, 13, 14
ISL, 13, 24
ISL, 14, 15
ISL, 14, 25
ISL, 15, 16
ISL, 15, 26
ISL, 16, 17
ISL, 16, 27
ISL, 17, 18
ISL, 17, 28
ISL, 18, 19
ISL, 18, 29
ISL, 19, 20
ISL, 19, 30
ISL, 20, 21
ISL, 20, 31
ISL, 21, 22
ISL, 21, 32
ISL, 22, 23
ISL, 22, 33
ISL, 23, 12
ISL, 23, 34
ISL, 24, 25
ISL, 24, 47
ISL, 25, 26
ISL, 25, 36
ISL, 26, 27
ISL, 26, 37
ISL, 27, 28
ISL, 27, 38
ISL, 28, 29
ISL, 28, 39
ISL, 29, 30
ISL, 29, 40
ISL, 30, 31
ISL, 30, 41
ISL, 31, 32
ISL, 31, 42
ISL, 32, 33
ISL, 32, 43
ISL, 33, 34
ISL, 33, 44
ISL, 34, 35
ISL, 34, 45
ISL, 35, 24
ISL, 35, 46
ISL, 36, 37
ISL, 36, 59
ISL, 37, 38
ISL, 37, 48
ISL, 38, 39
ISL, 38, 49
ISL, 39, 40
ISL, 39, 50
ISL, 40, 41
ISL, 40, 50
ISL, 41, 42
ISL, 41, 52
ISL, 42, 43
ISL, 42, 53
ISL, 43, 44
ISL, 43, 54
ISL, 44, 45
ISL, 44, 55
ISL, 45, 46
ISL, 45, 56
ISL, 46, 47
ISL, 46, 56
ISL, 47, 36
ISL, 47, 58
ISL, 48, 49
ISL, 48, 71
ISL, 49, 50
ISL, 49, 60
ISL, 50, 51
ISL, 50, 61
ISL, 51, 52
ISL, 51, 62
ISL, 52, 53
ISL, 52, 63
ISL, 53, 54
ISL, 53, 64
ISL, 54, 55
ISL, 54, 65
ISL, 55, 56
ISL, 55, 66
ISL, 56, 57
ISL, 56, 67
ISL, 57, 58
ISL, 57, 68
ISL, 58, 59
ISL, 58, 69
ISL, 59, 48
ISL, 59, 70
ISL, 60, 61
ISL, 60, 83
ISL, 61, 62
ISL, 61, 72
ISL, 62, 63
ISL, 62, 73
ISL, 63, 64
ISL, 63, 73
ISL, 64, 65
ISL, 64, 75
ISL, 65, 66
ISL, 65, 76
ISL, 66, 67
ISL, 66, 77
ISL, 67, 68
ISL, 67, 78
ISL, 68, 69
ISL, 68, 79
ISL, 69, 70
ISL, 69, 79
ISL, 70, 71
ISL, 70, 81
ISL, 71, 60
ISL, 71, 82
ISL, 72, 73
ISL, 72, 95
ISL, 73, 74
ISL, 73, 84
ISL, 74, 75
ISL, 74, 85
ISL, 75, 76
ISL, 75, 85
ISL, 76, 77
ISL, 76, 87
ISL, 77, 78
ISL, 77, 88
ISL, 78, 79
ISL, 78, 89
ISL, 79, 80
ISL, 79, 90
ISL, 80, 81
ISL, 80, 91
ISL, 81, 82
ISL, 81, 91
ISL, 82, 83
ISL, 82, 93
ISL, 83, 72
ISL, 83, 94
ISL, 84, 85
ISL, 84, 2
ISL, 85, 86
ISL, 85, 3
ISL, 86, 87
ISL, 86, 4
ISL, 87, 88
ISL, 87, 5
ISL, 88, 89
ISL, 88, 6
ISL, 89, 90
ISL, 89, 7
ISL, 90, 91
ISL, 90, 8
ISL, 91, 92
ISL, 91, 9
ISL, 92, 93
ISL, 92, 10
ISL, 93, 94
ISL, 93, 11
ISL, 94, 95
ISL, 94, 0
ISL, 95, 84
ISL, 95, 1
