[METADATA]
Time: 2026-04-12 03:49:13
Step: 130
Total_Sats: 96

[NODES]
ID, Name, Lat(deg), Lon(deg), Alt(km)
0, W-00-00, -31.63295, -50.20097, 498.712
1, W-00-01, -49.14311, -17.69297, 505.055
2, W-00-02, -51.84078, 29.95413, 506.044
3, W-00-03, -37.35296, 67.46684, 500.696
4, W-00-04, -15.29812, 90.50745, 494.341
5, W-00-05, 8.67957, 108.89211, 493.346
6, W-00-06, 31.63295, 129.79903, 498.712
7, W-00-07, 49.14311, 162.30703, 505.055
8, W-00-08, 51.84078, -150.04587, 506.044
9, W-00-09, 37.35296, -112.53316, 500.696
10, W-00-10, 15.29812, -89.49255, 494.341
11, W-00-11, -8.67957, -71.10789, 493.346
12, W-01-00, -39.22304, 5.00912, 501.373
13, W-01-01, -52.45222, 44.30364, 506.266
14, W-01-02, -47.91648, 91.30286, 504.600
15, W-01-03, -29.55032, 122.20479, 498.033
16, W-01-04, -6.36104, 142.53885, 493.123
17, W-01-05, 17.56870, 161.04350, 494.797
18, W-01-06, 39.22304, -174.99088, 501.373
19, W-01-07, 52.45222, -135.69636, 506.266
20, W-01-08, 47.91648, -88.69714, 504.600
21, W-01-09, 29.55032, -57.79521, 498.033
22, W-01-10, 6.36104, -37.46115, 493.123
23, W-01-11, -17.56870, -18.95650, 494.797
24, W-02-00, -45.70969, 62.47225, 503.778
25, W-02-01, -53.04361, 107.84179, 506.479
26, W-02-02, -42.03743, 149.85967, 502.410
27, W-02-03, -21.12976, 175.50488, 495.623
28, W-02-04, 2.67151, -165.66983, 492.909
29, W-02-05, 26.16583, -146.08386, 496.995
30, W-02-06, 45.70969, -117.52775, 503.778
31, W-02-07, 53.04361, -72.15821, 506.479
32, W-02-08, 42.03743, -30.14033, 502.410
33, W-02-09, 21.12976, -4.49512, 495.623
34, W-02-10, -2.67151, 14.33017, 492.909
35, W-02-11, -26.16583, 33.91614, 496.995
36, W-03-00, -50.51714, 122.69757, 505.561
37, W-03-01, -50.79290, 170.69450, 505.662
38, W-03-02, -34.84025, -154.08930, 499.805
39, W-03-03, -12.33845, -132.10024, 493.832
40, W-03-04, 11.66445, -113.77874, 493.731
41, W-03-05, 34.25734, -92.00637, 499.603
42, W-03-06, 50.51714, -57.30243, 505.561
43, W-03-07, 50.79290, -9.30550, 505.662
44, W-03-08, 34.84025, 25.91070, 499.805
45, W-03-09, 12.33845, 47.89976, 493.832
46, W-03-10, -11.66445, 66.22126, 493.731
47, W-03-11, -34.25734, 87.99363, 499.603
48, W-04-00, -52.97025, -174.58816, 506.453
49, W-04-01, -46.13985, -128.86734, 503.938
50, W-04-02, -26.79801, -99.89768, 497.182
51, W-04-03, -3.35402, -80.18772, 492.936
52, W-04-04, 20.47595, -61.43395, 495.462
53, W-04-05, 41.53269, -36.11930, 502.223
54, W-04-06, 52.97025, 5.41184, 506.453
55, W-04-07, 46.13985, 51.13266, 503.938
56, W-04-08, 26.79801, 80.10232, 497.182
57, W-04-09, 3.35402, 99.81228, 492.936
58, W-04-10, -20.47595, 118.56605, 495.462
59, W-04-11, -41.53269, 143.88070, 502.223
60, W-05-00, -52.59704, -111.01944, 506.318
61, W-05-01, -39.75781, -71.20836, 501.569
62, W-05-02, -18.23071, -46.95235, 494.941
63, W-05-03, 5.68020, -28.40062, 493.071
64, W-05-04, 28.93202, -8.21927, 497.838
65, W-05-05, 47.53185, 22.22974, 504.457
66, W-05-06, 52.59704, 68.98056, 506.318
67, W-05-07, 39.75781, 108.79164, 501.569
68, W-05-08, 18.23071, 133.04765, 494.941
69, W-05-09, -5.68020, 151.59938, 493.071
70, W-05-10, -28.93202, 171.78073, 497.838
71, W-05-11, -47.53185, -157.77026, 504.457
72, W-06-00, -49.47629, -48.84657, 505.178
73, W-06-01, -32.23494, -15.85144, 498.913
74, W-06-02, -9.35759, 5.23902, 493.424
75, W-06-03, 14.62943, 23.60031, 494.217
76, W-06-04, 36.79229, 46.38860, 500.495
77, W-06-05, 51.62806, 83.37764, 505.967
78, W-06-06, 49.47629, 131.15343, 505.178
79, W-06-07, 32.23494, 164.14856, 498.913
80, W-06-08, 9.35759, -174.76098, 493.424
81, W-06-09, -14.62943, -156.39969, 494.217
82, W-06-10, -36.79229, -133.61140, 500.495
83, W-06-11, -51.62806, -96.62236, 505.967
84, W-07-00, -44.17212, 10.64688, 503.204
85, W-07-01, -23.98817, 37.86247, 496.374
86, W-07-02, -0.34153, 57.07193, 492.864
87, W-07-03, 23.34423, 76.18434, 496.198
88, W-07-04, 43.70207, 103.02788, 503.029
89, W-07-05, 53.16911, 146.62154, 506.524
90, W-07-06, 44.17212, -169.35312, 503.204
91, W-07-07, 23.98817, -142.13753, 496.374
92, W-07-08, 0.34153, -122.92807, 492.864
93, W-07-09, -23.34423, -103.81566, 496.198
94, W-07-10, -43.70207, -76.97212, 503.029
95, W-07-11, -53.16911, -33.37846, 506.524

[LINKS]
Type, SourceID, TargetID
ISL, 0, 1
ISL, 0, 23
ISL, 1, 2
ISL, 1, 12
ISL, 2, 3
ISL, 2, 13
ISL, 3, 4
ISL, 3, 14
ISL, 4, 5
ISL, 4, 15
ISL, 5, 6
ISL, 5, 15
ISL, 6, 7
ISL, 6, 17
ISL, 7, 8
ISL, 7, 18
ISL, 8, 9
ISL, 8, 19
ISL, 9, 10
ISL, 9, 20
ISL, 10, 11
ISL, 10, 21
ISL, 11, 0
ISL, 11, 21
ISL, 12, 13
ISL, 12, 35
ISL, 13, 14
ISL, 13, 24
ISL, 14, 15
ISL, 14, 25
ISL, 15, 16
ISL, 15, 26
ISL, 16, 17
ISL, 16, 27
ISL, 17, 18
ISL, 17, 28
ISL, 18, 19
ISL, 18, 29
ISL, 19, 20
ISL, 19, 30
ISL, 20, 21
ISL, 20, 31
ISL, 21, 22
ISL, 21, 32
ISL, 22, 23
ISL, 22, 33
ISL, 23, 12
ISL, 23, 34
ISL, 24, 25
ISL, 24, 47
ISL, 25, 26
ISL, 25, 36
ISL, 26, 27
ISL, 26, 37
ISL, 27, 28
ISL, 27, 38
ISL, 28, 29
ISL, 28, 39
ISL, 29, 30
ISL, 29, 40
ISL, 30, 31
ISL, 30, 41
ISL, 31, 32
ISL, 31, 42
ISL, 32, 33
ISL, 32, 43
ISL, 33, 34
ISL, 33, 44
ISL, 34, 35
ISL, 34, 45
ISL, 35, 24
ISL, 35, 46
ISL, 36, 37
ISL, 36, 59
ISL, 37, 38
ISL, 37, 48
ISL, 38, 39
ISL, 38, 49
ISL, 39, 40
ISL, 39, 50
ISL, 40, 41
ISL, 40, 50
ISL, 41, 42
ISL, 41, 52
ISL, 42, 43
ISL, 42, 53
ISL, 43, 44
ISL, 43, 54
ISL, 44, 45
ISL, 44, 55
ISL, 45, 46
ISL, 45, 56
ISL, 46, 47
ISL, 46, 56
ISL, 47, 36
ISL, 47, 58
ISL, 48, 49
ISL, 48, 71
ISL, 49, 50
ISL, 49, 60
ISL, 50, 51
ISL, 50, 61
ISL, 51, 52
ISL, 51, 62
ISL, 52, 53
ISL, 52, 63
ISL, 53, 54
ISL, 53, 64
ISL, 54, 55
ISL, 54, 65
ISL, 55, 56
ISL, 55, 66
ISL, 56, 57
ISL, 56, 67
ISL, 57, 58
ISL, 57, 68
ISL, 58, 59
ISL, 58, 69
ISL, 59, 48
ISL, 59, 70
ISL, 60, 61
ISL, 60, 83
ISL, 61, 62
ISL, 61, 72
ISL, 62, 63
ISL, 62, 73
ISL, 63, 64
ISL, 63, 73
ISL, 64, 65
ISL, 64, 75
ISL, 65, 66
ISL, 65, 76
ISL, 66, 67
ISL, 66, 77
ISL, 67, 68
ISL, 67, 78
ISL, 68, 69
ISL, 68, 79
ISL, 69, 70
ISL, 69, 79
ISL, 70, 71
ISL, 70, 81
ISL, 71, 60
ISL, 71, 82
ISL, 72, 73
ISL, 72, 95
ISL, 73, 74
ISL, 73, 84
ISL, 74, 75
ISL, 74, 85
ISL, 75, 76
ISL, 75, 85
ISL, 76, 77
ISL, 76, 87
ISL, 77, 78
ISL, 77, 88
ISL, 78, 79
ISL, 78, 89
ISL, 79, 80
ISL, 79, 90
ISL, 80, 81
ISL, 80, 91
ISL, 81, 82
ISL, 81, 91
ISL, 82, 83
ISL, 82, 93
ISL, 83, 72
ISL, 83, 94
ISL, 84, 85
ISL, 84, 2
ISL, 85, 86
ISL, 85, 3
ISL, 86, 87
ISL, 86, 4
ISL, 87, 88
ISL, 87, 5
ISL, 88, 89
ISL, 88, 6
ISL, 89, 90
ISL, 89, 7
ISL, 90, 91
ISL, 90, 8
ISL, 91, 92
ISL, 91, 9
ISL, 92, 93
ISL, 92, 10
ISL, 93, 94
ISL, 93, 11
ISL, 94, 95
ISL, 94, 0
ISL, 95, 84
ISL, 95, 1
