[METADATA]
Time: 2026-04-12 03:32:13
Step: 96
Total_Sats: 96

[NODES]
ID, Name, Lat(deg), Lon(deg), Alt(km)
0, W-00-00, 19.03301, -88.38227, 495.121
1, W-00-01, -4.85204, -69.76595, 493.015
2, W-00-02, -28.17602, -49.76124, 497.602
3, W-00-03, -47.04980, -19.85113, 504.278
4, W-00-04, -52.75160, 26.56417, 506.374
5, W-00-05, -40.39913, 66.99672, 501.804
6, W-00-06, -19.03301, 91.61773, 495.121
7, W-00-07, 4.85204, 110.23405, 493.015
8, W-00-08, 28.17602, 130.23876, 497.602
9, W-00-09, 47.04980, 160.14887, 504.278
10, W-00-10, 52.75160, -153.43583, 506.374
11, W-00-11, 40.39913, -113.00328, 501.804
12, W-01-00, 10.18059, -36.13930, 493.526
13, W-01-01, -13.81491, -17.79925, 494.073
14, W-01-02, -36.10366, 4.69351, 500.250
15, W-01-03, -51.34968, 41.04768, 505.866
16, W-01-04, -49.86439, 88.94121, 505.321
17, W-01-05, -32.96114, 122.53732, 499.158
18, W-01-06, -10.18059, 143.86070, 493.526
19, W-01-07, 13.81491, 162.20075, 494.073
20, W-01-08, 36.10366, -175.30649, 500.250
21, W-01-09, 51.34968, -138.95232, 505.866
22, W-01-10, 49.86439, -91.05879, 505.321
23, W-01-11, 32.96114, -57.46268, 499.158
24, W-02-00, 1.17172, 15.71171, 492.872
25, W-02-01, -22.55835, 34.71410, 495.989
26, W-02-02, -43.11961, 61.11817, 502.812
27, W-02-03, -53.14663, 104.16742, 506.516
28, W-02-04, -44.73187, 148.69569, 503.413
29, W-02-05, -24.76747, 176.37625, 496.592
30, W-02-06, -1.17172, -164.28829, 492.872
31, W-02-07, 22.55835, -145.28590, 495.989
32, W-02-08, 43.11961, -118.88183, 502.812
33, W-02-09, 53.14663, -75.83258, 506.516
34, W-02-10, 44.73187, -31.30431, 503.413
35, W-02-11, 24.76747, -3.62375, 496.592
36, W-03-00, -7.85448, 67.51903, 493.259
37, W-03-01, -30.89599, 88.21253, 498.469
38, W-03-02, -48.72177, 120.13808, 504.899
39, W-03-03, -52.07910, 167.59081, 506.131
40, W-03-04, -38.02694, -154.25985, 500.939
41, W-03-05, -16.10900, -130.90120, 494.497
42, W-03-06, 7.85448, -112.48097, 493.259
43, W-03-07, 30.89599, -91.78747, 498.469
44, W-03-08, 48.72177, -59.86192, 504.899
45, W-03-09, 52.07910, -12.40919, 506.131
46, W-03-10, 38.02694, 25.74015, 500.939
47, W-03-11, 16.10900, 49.09880, 494.497
48, W-04-00, -16.76186, 119.62480, 494.629
49, W-04-01, -38.56471, 143.24935, 501.133
50, W-04-02, -52.25499, -178.08854, 506.195
51, W-04-03, -48.36896, -130.82239, 504.768
52, W-04-04, -30.29714, -99.35877, 498.273
53, W-04-05, -7.18784, -78.82993, 493.195
54, W-04-06, 16.76186, -60.37520, 494.629
55, W-04-07, 38.56471, -36.75065, 501.133
56, W-04-08, 52.25499, 1.91146, 506.195
57, W-04-09, 48.36896, 49.17761, 504.768
58, W-04-10, 30.29714, 80.64123, 498.273
59, W-04-11, 7.18784, 101.17007, 493.195
60, W-05-00, -25.39363, 172.41277, 496.770
61, W-05-01, -45.17407, -159.52123, 503.578
62, W-05-02, -53.11052, -114.60592, 506.503
63, W-05-03, -42.64089, -72.01031, 502.634
64, W-05-04, -21.92161, -45.95077, 495.823
65, W-05-05, 1.84165, -27.03090, 492.885
66, W-05-06, 25.39363, -7.58723, 496.770
67, W-05-07, 45.17407, 20.47877, 503.578
68, W-05-08, 53.11052, 65.39408, 506.503
69, W-05-09, 42.64089, 107.98969, 502.634
70, W-05-10, 21.92161, 134.04923, 495.823
71, W-05-11, -1.84165, 152.96910, 492.885
72, W-06-00, -33.54268, -133.64378, 499.356
73, W-06-01, -50.16379, -99.55611, 505.431
74, W-06-02, -51.10944, -51.59889, 505.778
75, W-06-03, -35.54234, -15.75481, 500.051
76, W-06-04, -13.15618, 6.50822, 493.963
77, W-06-05, 10.84388, 24.83683, 493.614
78, W-06-06, 33.54268, 46.35622, 499.356
79, W-06-07, 50.16379, 80.44389, 505.431
80, W-06-08, 51.10944, 128.40111, 505.778
81, W-06-09, 35.54234, 164.24519, 500.051
82, W-06-10, 13.15618, -173.49178, 493.963
83, W-06-11, -10.84388, -155.16317, 493.614
84, W-07-00, -40.90953, -77.95076, 501.992
85, W-07-01, -52.85896, -37.02311, 506.413
86, W-07-02, -46.64944, 9.09559, 504.129
87, W-07-03, -27.56240, 38.58028, 497.413
88, W-07-04, -4.18320, 58.44951, 492.976
89, W-07-05, 19.67859, 77.12390, 495.271
90, W-07-06, 40.90953, 102.04924, 501.992
91, W-07-07, 52.85896, 142.97689, 506.413
92, W-07-08, 46.64944, -170.90441, 504.129
93, W-07-09, 27.56240, -141.41972, 497.413
94, W-07-10, 4.18320, -121.55049, 492.976
95, W-07-11, -19.67859, -102.87610, 495.271

[LINKS]
Type, SourceID, TargetID
ISL, 0, 1
ISL, 0, 23
ISL, 1, 2
ISL, 1, 12
ISL, 2, 3
ISL, 2, 13
ISL, 3, 4
ISL, 3, 14
ISL, 4, 5
ISL, 4, 15
ISL, 5, 6
ISL, 5, 15
ISL, 6, 7
ISL, 6, 17
ISL, 7, 8
ISL, 7, 18
ISL, 8, 9
ISL, 8, 19
ISL, 9, 10
ISL, 9, 20
ISL, 10, 11
ISL, 10, 21
ISL, 11, 0
ISL, 11, 21
ISL, 12, 13
ISL, 12, 35
ISL, 13, 14
ISL, 13, 24
ISL, 14, 15
ISL, 14, 25
ISL, 15, 16
ISL, 15, 26
ISL, 16, 17
ISL, 16, 27
ISL, 17, 18
ISL, 17, 28
ISL, 18, 19
ISL, 18, 29
ISL, 19, 20
ISL, 19, 30
ISL, 20, 21
ISL, 20, 31
ISL, 21, 22
ISL, 21, 32
ISL, 22, 23
ISL, 22, 33
ISL, 23, 12
ISL, 23, 34
ISL, 24, 25
ISL, 24, 47
ISL, 25, 26
ISL, 25, 36
ISL, 26, 27
ISL, 26, 37
ISL, 27, 28
ISL, 27, 38
ISL, 28, 29
ISL, 28, 39
ISL, 29, 30
ISL, 29, 40
ISL, 30, 31
ISL, 30, 41
ISL, 31, 32
ISL, 31, 42
ISL, 32, 33
ISL, 32, 43
ISL, 33, 34
ISL, 33, 44
ISL, 34, 35
ISL, 34, 45
ISL, 35, 24
ISL, 35, 46
ISL, 36, 37
ISL, 36, 59
ISL, 37, 38
ISL, 37, 48
ISL, 38, 39
ISL, 38, 49
ISL, 39, 40
ISL, 39, 50
ISL, 40, 41
ISL, 40, 50
ISL, 41, 42
ISL, 41, 52
ISL, 42, 43
ISL, 42, 53
ISL, 43, 44
ISL, 43, 54
ISL, 44, 45
ISL, 44, 55
ISL, 45, 46
ISL, 45, 56
ISL, 46, 47
ISL, 46, 56
ISL, 47, 36
ISL, 47, 58
ISL, 48, 49
ISL, 48, 71
ISL, 49, 50
ISL, 49, 60
ISL, 50, 51
ISL, 50, 61
ISL, 51, 52
ISL, 51, 62
ISL, 52, 53
ISL, 52, 63
ISL, 53, 54
ISL, 53, 64
ISL, 54, 55
ISL, 54, 65
ISL, 55, 56
ISL, 55, 66
ISL, 56, 57
ISL, 56, 67
ISL, 57, 58
ISL, 57, 68
ISL, 58, 59
ISL, 58, 69
ISL, 59, 48
ISL, 59, 70
ISL, 60, 61
ISL, 60, 83
ISL, 61, 62
ISL, 61, 72
ISL, 62, 63
ISL, 62, 73
ISL, 63, 64
ISL, 63, 73
ISL, 64, 65
ISL, 64, 75
ISL, 65, 66
ISL, 65, 76
ISL, 66, 67
ISL, 66, 77
ISL, 67, 68
ISL, 67, 78
ISL, 68, 69
ISL, 68, 79
ISL, 69, 70
ISL, 69, 79
ISL, 70, 71
ISL, 70, 81
ISL, 71, 60
ISL, 71, 82
ISL, 72, 73
ISL, 72, 95
ISL, 73, 74
ISL, 73, 84
ISL, 74, 75
ISL, 74, 85
ISL, 75, 76
ISL, 75, 85
ISL, 76, 77
ISL, 76, 87
ISL, 77, 78
ISL, 77, 88
ISL, 78, 79
ISL, 78, 89
ISL, 79, 80
ISL, 79, 90
ISL, 80, 81
ISL, 80, 91
ISL, 81, 82
ISL, 81, 91
ISL, 82, 83
ISL, 82, 93
ISL, 83, 72
ISL, 83, 94
ISL, 84, 85
ISL, 84, 2
ISL, 85, 86
ISL, 85, 3
ISL, 86, 87
ISL, 86, 4
ISL, 87, 88
ISL, 87, 5
ISL, 88, 89
ISL, 88, 6
ISL, 89, 90
ISL, 89, 7
ISL, 90, 91
ISL, 90, 8
ISL, 91, 92
ISL, 91, 9
ISL, 92, 93
ISL, 92, 10
ISL, 93, 94
ISL, 93, 11
ISL, 94, 95
ISL, 94, 0
ISL, 95, 84
ISL, 95, 1
