[METADATA]
Time: 2026-04-12 03:20:13
Step: 72
Total_Sats: 96

[NODES]
ID, Name, Lat(deg), Lon(deg), Alt(km)
0, W-00-00, 48.67815, -128.80776, 504.883
1, W-00-01, 30.82109, -96.94055, 498.444
2, W-00-02, 7.77092, -76.26806, 493.251
3, W-00-03, -16.19095, -57.84378, 494.514
4, W-00-04, -38.09468, -34.45225, 500.963
5, W-00-05, -52.10197, 3.76146, 506.139
6, W-00-06, -48.67815, 51.19224, 504.883
7, W-00-07, -30.82109, 83.05945, 498.444
8, W-00-08, -7.77092, 103.73194, 493.251
9, W-00-09, 16.19095, 122.15622, 494.514
10, W-00-10, 38.09468, 145.54775, 500.963
11, W-00-11, 52.10197, -176.23854, 506.139
12, W-01-00, 43.06000, -69.81399, 502.790
13, W-01-01, 22.47863, -43.45362, 495.968
14, W-01-02, -1.25573, -24.46188, 492.873
15, W-01-03, -24.84613, -5.11318, 496.614
16, W-01-04, -44.78779, 22.61521, 503.434
17, W-01-05, -53.14298, 67.19298, 506.515
18, W-01-06, -43.06000, 110.18601, 502.790
19, W-01-07, -22.47863, 136.54638, 495.968
20, W-01-08, 1.25573, 155.53812, 492.873
21, W-01-09, 24.84613, 174.88682, 496.614
22, W-01-10, 44.78779, -157.38479, 503.434
23, W-01-11, 53.14298, -112.80702, 506.515
24, W-02-00, 36.03355, -13.41074, 500.225
25, W-02-01, 13.73237, 9.05278, 494.059
26, W-02-02, -10.26381, 27.39112, 493.537
27, W-02-03, -33.03428, 48.73869, 499.183
28, W-02-04, -49.90262, 82.39613, 505.335
29, W-02-05, -51.32032, 130.29919, 505.855
30, W-02-06, -36.03355, 166.58926, 500.225
31, W-02-07, -13.73237, -170.94722, 494.059
32, W-02-08, 10.26381, -152.60888, 493.537
33, W-02-09, 33.03428, -131.26131, 499.183
34, W-02-10, 49.90262, -97.60387, 505.335
35, W-02-11, 51.32032, -49.70081, 505.855
36, W-03-00, 28.09924, 41.02881, 497.578
37, W-03-01, 4.76819, 61.01619, 493.010
38, W-03-02, -19.11406, 79.63950, 495.140
39, W-03-03, -40.46349, 104.29819, 501.828
40, W-03-04, -52.76592, 144.79317, 506.379
41, W-03-05, -47.00014, -168.82748, 504.259
42, W-03-06, -28.09924, -138.97119, 497.578
43, W-03-07, -4.76819, -118.98381, 493.010
44, W-03-08, 19.11406, -100.36050, 495.140
45, W-03-09, 40.46349, -75.70181, 501.828
46, W-03-10, 52.76592, -35.20683, 506.379
47, W-03-11, 47.00014, 11.17252, 504.259
48, W-04-00, 19.59774, 94.13381, 495.252
49, W-04-01, -4.26708, 112.80063, 492.980
50, W-04-02, -27.63951, 132.68650, 497.437
51, W-04-03, -46.70019, 162.22406, 504.147
52, W-04-04, -52.84636, -151.61882, 506.408
53, W-04-05, -40.84589, -110.75289, 501.969
54, W-04-06, -19.59774, -85.86619, 495.252
55, W-04-07, 4.26708, -67.19937, 492.980
56, W-04-08, 27.63951, -47.31350, 497.437
57, W-04-09, 46.70019, -17.77594, 504.147
58, W-04-10, 52.84636, 28.38118, 506.408
59, W-04-11, 40.84589, 69.24711, 501.969
60, W-05-00, 10.76076, 146.41523, 493.603
61, W-05-01, -13.23884, 164.74500, 493.976
62, W-05-02, -35.61299, -172.96359, 500.076
63, W-05-03, -51.14032, -137.05570, 505.789
64, W-05-04, -50.12693, -89.10492, 505.418
65, W-05-05, -33.46999, -55.07918, 499.331
66, W-05-06, -10.76076, -33.58477, 493.603
67, W-05-07, 13.23884, -15.25500, 493.976
68, W-05-08, 35.61299, 7.03641, 500.076
69, W-05-09, 51.14032, 42.94430, 505.789
70, W-05-10, 50.12693, 90.89508, 505.418
71, W-05-11, 33.46999, 124.92082, 499.331
72, W-06-00, 1.75766, -161.71924, 492.883
73, W-06-01, -22.00157, -142.78933, 495.844
74, W-06-02, -42.70133, -116.68708, 502.656
75, W-06-03, -53.11593, -74.03394, 506.505
76, W-06-04, -45.11910, -29.16619, 503.558
77, W-06-05, -25.31526, -1.14902, 496.748
78, W-06-06, -1.75766, 18.28076, 492.883
79, W-06-07, 22.00157, 37.21067, 495.844
80, W-06-08, 42.70133, 63.31292, 502.656
81, W-06-09, 53.11593, 105.96606, 506.505
82, W-06-10, 45.11910, 150.83381, 503.558
83, W-06-11, 25.31526, 178.85098, 496.748
84, W-07-00, -7.27146, -109.91927, 493.203
85, W-07-01, -30.37242, -89.37015, 498.298
86, W-07-02, -48.41381, -57.84903, 504.785
87, W-07-03, -52.23375, -10.55804, 506.187
88, W-07-04, -38.49759, 28.03986, 501.109
89, W-07-05, -16.68008, 51.63061, 494.612
90, W-07-06, 7.27146, 70.08073, 493.203
91, W-07-07, 30.37242, 90.62985, 498.298
92, W-07-08, 48.41381, 122.15097, 504.785
93, W-07-09, 52.23375, 169.44196, 506.187
94, W-07-10, 38.49759, -151.96014, 501.109
95, W-07-11, 16.68008, -128.36939, 494.612

[LINKS]
Type, SourceID, TargetID
ISL, 0, 1
ISL, 0, 23
ISL, 1, 2
ISL, 1, 12
ISL, 2, 3
ISL, 2, 13
ISL, 3, 4
ISL, 3, 14
ISL, 4, 5
ISL, 4, 15
ISL, 5, 6
ISL, 5, 15
ISL, 6, 7
ISL, 6, 17
ISL, 7, 8
ISL, 7, 18
ISL, 8, 9
ISL, 8, 19
ISL, 9, 10
ISL, 9, 20
ISL, 10, 11
ISL, 10, 21
ISL, 11, 0
ISL, 11, 21
ISL, 12, 13
ISL, 12, 35
ISL, 13, 14
ISL, 13, 24
ISL, 14, 15
ISL, 14, 25
ISL, 15, 16
ISL, 15, 26
ISL, 16, 17
ISL, 16, 27
ISL, 17, 18
ISL, 17, 28
ISL, 18, 19
ISL, 18, 29
ISL, 19, 20
ISL, 19, 30
ISL, 20, 21
ISL, 20, 31
ISL, 21, 22
ISL, 21, 32
ISL, 22, 23
ISL, 22, 33
ISL, 23, 12
ISL, 23, 34
ISL, 24, 25
ISL, 24, 47
ISL, 25, 26
ISL, 25, 36
ISL, 26, 27
ISL, 26, 37
ISL, 27, 28
ISL, 27, 38
ISL, 28, 29
ISL, 28, 39
ISL, 29, 30
ISL, 29, 40
ISL, 30, 31
ISL, 30, 41
ISL, 31, 32
ISL, 31, 42
ISL, 32, 33
ISL, 32, 43
ISL, 33, 34
ISL, 33, 44
ISL, 34, 35
ISL, 34, 45
ISL, 35, 24
ISL, 35, 46
ISL, 36, 37
ISL, 36, 59
ISL, 37, 38
ISL, 37, 48
ISL, 38, 39
ISL, 38, 49
ISL, 39, 40
ISL, 39, 50
ISL, 40, 41
ISL, 40, 50
ISL, 41, 42
ISL, 41, 52
ISL, 42, 43
ISL, 42, 53
ISL, 43, 44
ISL, 43, 54
ISL, 44, 45
ISL, 44, 55
ISL, 45, 46
ISL, 45, 56
ISL, 46, 47
ISL, 46, 56
ISL, 47, 36
ISL, 47, 58
ISL, 48, 49
ISL, 48, 71
ISL, 49, 50
ISL, 49, 60
ISL, 50, 51
ISL, 50, 61
ISL, 51, 52
ISL, 51, 62
ISL, 52, 53
ISL, 52, 63
ISL, 53, 54
ISL, 53, 64
ISL, 54, 55
ISL, 54, 65
ISL, 55, 56
ISL, 55, 66
ISL, 56, 57
ISL, 56, 67
ISL, 57, 58
ISL, 57, 68
ISL, 58, 59
ISL, 58, 69
ISL, 59, 48
ISL, 59, 70
ISL, 60, 61
ISL, 60, 83
ISL, 61, 62
ISL, 61, 72
ISL, 62, 63
ISL, 62, 73
ISL, 63, 64
ISL, 63, 73
ISL, 64, 65
ISL, 64, 75
ISL, 65, 66
ISL, 65, 76
ISL, 66, 67
ISL, 66, 77
ISL, 67, 68
ISL, 67, 78
ISL, 68, 69
ISL, 68, 79
ISL, 69, 70
ISL, 69, 79
ISL, 70, 71
ISL, 70, 81
ISL, 71, 60
ISL, 71, 82
ISL, 72, 73
ISL, 72, 95
ISL, 73, 74
ISL, 73, 84
ISL, 74, 75
ISL, 74, 85
ISL, 75, 76
ISL, 75, 85
ISL, 76, 77
ISL, 76, 87
ISL, 77, 78
ISL, 77, 88
ISL, 78, 79
ISL, 78, 89
ISL, 79, 80
ISL, 79, 90
ISL, 80, 81
ISL, 80, 91
ISL, 81, 82
ISL, 81, 91
ISL, 82, 83
ISL, 82, 93
ISL, 83, 72
ISL, 83, 94
ISL, 84, 85
ISL, 84, 2
ISL, 85, 86
ISL, 85, 3
ISL, 86, 87
ISL, 86, 4
ISL, 87, 88
ISL, 87, 5
ISL, 88, 89
ISL, 88, 6
ISL, 89, 90
ISL, 89, 7
ISL, 90, 91
ISL, 90, 8
ISL, 91, 92
ISL, 91, 9
ISL, 92, 93
ISL, 92, 10
ISL, 93, 94
ISL, 93, 11
ISL, 94, 95
ISL, 94, 0
ISL, 95, 84
ISL, 95, 1
