[METADATA]
Time: 2026-04-12 03:46:43
Step: 125
Total_Sats: 96

[NODES]
ID, Name, Lat(deg), Lon(deg), Alt(km)
0, W-00-00, -24.64702, -56.94895, 496.558
1, W-00-01, -44.64602, -29.34132, 503.381
2, W-00-02, -53.15172, 15.11070, 506.518
3, W-00-03, -43.21061, 58.24561, 502.846
4, W-00-04, -22.68030, 84.71682, 496.021
5, W-00-05, 1.04314, 103.73570, 492.870
6, W-00-06, 24.64702, 123.05105, 496.558
7, W-00-07, 44.64602, 150.65868, 503.381
8, W-00-08, 53.15172, -164.88930, 506.518
9, W-00-09, 43.21061, -121.75439, 502.846
10, W-00-10, 22.68030, -95.28318, 496.021
11, W-00-11, -1.04314, -76.26430, 492.870
12, W-01-00, -32.84906, -3.12970, 499.120
13, W-01-01, -49.80551, 30.37272, 505.299
14, W-01-02, -51.39421, 78.25082, 505.882
15, W-01-03, -36.21083, 114.70314, 500.288
16, W-01-04, -13.94119, 137.24088, 494.095
17, W-01-05, 10.05320, 155.58371, 493.510
18, W-01-06, 32.84906, 176.87030, 499.120
19, W-01-07, 49.80551, -149.62728, 505.299
20, W-01-08, 51.39421, -101.74918, 505.882
21, W-01-09, 36.21083, -65.29686, 500.288
22, W-01-10, 13.94119, -42.75912, 494.095
23, W-01-11, -10.05320, -24.41629, 493.510
24, W-02-00, -40.30043, 52.38207, 501.768
25, W-02-01, -52.72921, 92.71890, 506.366
26, W-02-02, -47.12549, 139.18852, 504.306
27, W-02-03, -28.29343, 169.18125, 497.638
28, W-02-04, -4.98035, -170.78732, 493.023
29, W-02-05, 18.90892, -152.18153, 495.093
30, W-02-06, 40.30043, -127.61793, 501.768
31, W-02-07, 52.72921, -87.28110, 506.366
32, W-02-08, 47.12549, -40.81148, 504.306
33, W-02-09, 28.29343, -10.81875, 497.638
34, W-02-10, 4.98035, 9.21268, 493.023
35, W-02-11, -18.90892, 27.81847, 495.093
36, W-03-00, -46.57148, 110.24541, 504.099
37, W-03-01, -52.87778, 156.30465, 506.420
38, W-03-02, -41.00673, -162.67346, 502.028
39, W-03-03, -19.80228, -137.68871, 495.300
40, W-03-04, 4.05480, -119.00256, 492.969
41, W-03-05, 27.44430, -99.15863, 497.377
42, W-03-06, 46.57148, -69.75459, 504.099
43, W-03-07, 52.87778, -23.69535, 506.420
44, W-03-08, 41.00673, 17.32654, 502.028
45, W-03-09, 19.80228, 42.31129, 495.300
46, W-03-10, -4.05480, 60.99744, 492.969
47, W-03-11, -27.44430, 80.84137, 497.377
48, W-04-00, -51.06177, 170.90040, 505.761
49, W-04-01, -50.21980, -141.13339, 505.452
50, W-04-02, -33.65380, -106.95076, 499.394
51, W-04-03, -10.97108, -85.39293, 493.632
52, W-04-04, 13.02963, -67.06592, 493.942
53, W-04-05, 35.43407, -44.84610, 500.013
54, W-04-06, 51.06177, -9.09960, 505.761
55, W-04-07, 50.21980, 38.86661, 505.452
56, W-04-08, 33.65380, 73.04924, 499.394
57, W-04-09, 10.97108, 94.60707, 493.632
58, W-04-10, -13.02963, 112.93408, 493.942
59, W-04-11, -35.43407, 135.15390, 500.013
60, W-05-00, -53.10176, -126.11543, 506.500
61, W-05-01, -45.25793, -81.12789, 503.609
62, W-05-02, -25.51350, -52.98688, 496.805
63, W-05-03, -1.97021, -33.52177, 492.888
64, W-05-04, 21.79917, -14.61710, 495.792
65, W-05-05, 42.54815, 11.37736, 502.599
66, W-05-06, 53.10176, 53.88457, 506.500
67, W-05-07, 45.25793, 98.87211, 503.609
68, W-05-08, 25.51350, 127.01312, 496.805
69, W-05-09, 1.97021, 146.47823, 492.888
70, W-05-10, -21.79917, 165.38290, 495.792
71, W-05-11, -42.54815, -168.62264, 502.599
72, W-06-00, -52.28705, -62.62290, 506.206
73, W-06-01, -38.66726, -23.86259, 501.171
74, W-06-02, -16.88699, -0.18605, 494.654
75, W-06-03, 7.05983, 18.27588, 493.184
76, W-06-04, 30.18181, 38.77389, 498.236
77, W-06-05, 48.29997, 70.14972, 504.743
78, W-06-06, 52.28705, 117.37710, 506.206
79, W-06-07, 38.66726, 156.13741, 501.171
80, W-06-08, 16.88699, 179.81395, 494.654
81, W-06-09, -7.05983, -161.72412, 493.184
82, W-06-10, -30.18181, -141.22611, 498.236
83, W-06-11, -48.29997, -109.85028, 504.743
84, W-07-00, -48.78819, -0.81435, 504.924
85, W-07-01, -31.01050, 31.20069, 498.506
86, W-07-02, -7.98235, 51.92657, 493.272
87, W-07-03, 15.98355, 70.34078, 494.473
88, W-07-04, 37.92310, 93.64934, 500.901
89, W-07-05, 52.04365, 131.70013, 506.118
90, W-07-06, 48.78819, 179.18565, 504.924
91, W-07-07, 31.01050, -148.79931, 498.506
92, W-07-08, 7.98235, -128.07343, 493.272
93, W-07-09, -15.98355, -109.65922, 494.473
94, W-07-10, -37.92310, -86.35066, 500.901
95, W-07-11, -52.04365, -48.29987, 506.118

[LINKS]
Type, SourceID, TargetID
ISL, 0, 1
ISL, 0, 23
ISL, 1, 2
ISL, 1, 12
ISL, 2, 3
ISL, 2, 13
ISL, 3, 4
ISL, 3, 14
ISL, 4, 5
ISL, 4, 15
ISL, 5, 6
ISL, 5, 15
ISL, 6, 7
ISL, 6, 17
ISL, 7, 8
ISL, 7, 18
ISL, 8, 9
ISL, 8, 19
ISL, 9, 10
ISL, 9, 20
ISL, 10, 11
ISL, 10, 21
ISL, 11, 0
ISL, 11, 21
ISL, 12, 13
ISL, 12, 35
ISL, 13, 14
ISL, 13, 24
ISL, 14, 15
ISL, 14, 25
ISL, 15, 16
ISL, 15, 26
ISL, 16, 17
ISL, 16, 27
ISL, 17, 18
ISL, 17, 28
ISL, 18, 19
ISL, 18, 29
ISL, 19, 20
ISL, 19, 30
ISL, 20, 21
ISL, 20, 31
ISL, 21, 22
ISL, 21, 32
ISL, 22, 23
ISL, 22, 33
ISL, 23, 12
ISL, 23, 34
ISL, 24, 25
ISL, 24, 47
ISL, 25, 26
ISL, 25, 36
ISL, 26, 27
ISL, 26, 37
ISL, 27, 28
ISL, 27, 38
ISL, 28, 29
ISL, 28, 39
ISL, 29, 30
ISL, 29, 40
ISL, 30, 31
ISL, 30, 41
ISL, 31, 32
ISL, 31, 42
ISL, 32, 33
ISL, 32, 43
ISL, 33, 34
ISL, 33, 44
ISL, 34, 35
ISL, 34, 45
ISL, 35, 24
ISL, 35, 46
ISL, 36, 37
ISL, 36, 59
ISL, 37, 38
ISL, 37, 48
ISL, 38, 39
ISL, 38, 49
ISL, 39, 40
ISL, 39, 50
ISL, 40, 41
ISL, 40, 50
ISL, 41, 42
ISL, 41, 52
ISL, 42, 43
ISL, 42, 53
ISL, 43, 44
ISL, 43, 54
ISL, 44, 45
ISL, 44, 55
ISL, 45, 46
ISL, 45, 56
ISL, 46, 47
ISL, 46, 56
ISL, 47, 36
ISL, 47, 58
ISL, 48, 49
ISL, 48, 71
ISL, 49, 50
ISL, 49, 60
ISL, 50, 51
ISL, 50, 61
ISL, 51, 52
ISL, 51, 62
ISL, 52, 53
ISL, 52, 63
ISL, 53, 54
ISL, 53, 64
ISL, 54, 55
ISL, 54, 65
ISL, 55, 56
ISL, 55, 66
ISL, 56, 57
ISL, 56, 67
ISL, 57, 58
ISL, 57, 68
ISL, 58, 59
ISL, 58, 69
ISL, 59, 48
ISL, 59, 70
ISL, 60, 61
ISL, 60, 83
ISL, 61, 62
ISL, 61, 72
ISL, 62, 63
ISL, 62, 73
ISL, 63, 64
ISL, 63, 73
ISL, 64, 65
ISL, 64, 75
ISL, 65, 66
ISL, 65, 76
ISL, 66, 67
ISL, 66, 77
ISL, 67, 68
ISL, 67, 78
ISL, 68, 69
ISL, 68, 79
ISL, 69, 70
ISL, 69, 79
ISL, 70, 71
ISL, 70, 81
ISL, 71, 60
ISL, 71, 82
ISL, 72, 73
ISL, 72, 95
ISL, 73, 74
ISL, 73, 84
ISL, 74, 75
ISL, 74, 85
ISL, 75, 76
ISL, 75, 85
ISL, 76, 77
ISL, 76, 87
ISL, 77, 78
ISL, 77, 88
ISL, 78, 79
ISL, 78, 89
ISL, 79, 80
ISL, 79, 90
ISL, 80, 81
ISL, 80, 91
ISL, 81, 82
ISL, 81, 91
ISL, 82, 83
ISL, 82, 93
ISL, 83, 72
ISL, 83, 94
ISL, 84, 85
ISL, 84, 2
ISL, 85, 86
ISL, 85, 3
ISL, 86, 87
ISL, 86, 4
ISL, 87, 88
ISL, 87, 5
ISL, 88, 89
ISL, 88, 6
ISL, 89, 90
ISL, 89, 7
ISL, 90, 91
ISL, 90, 8
ISL, 91, 92
ISL, 91, 9
ISL, 92, 93
ISL, 92, 10
ISL, 93, 94
ISL, 93, 11
ISL, 94, 95
ISL, 94, 0
ISL, 95, 84
ISL, 95, 1
