[METADATA]
Time: 2026-04-12 03:39:43
Step: 111
Total_Sats: 96

[NODES]
ID, Name, Lat(deg), Lon(deg), Alt(km)
0, W-00-00, -3.71340, -72.50495, 492.952
1, W-00-01, -27.12980, -52.72713, 497.282
2, W-00-02, -46.36249, -23.53593, 504.022
3, W-00-03, -52.92499, 22.36132, 506.436
4, W-00-04, -41.26393, 63.63242, 502.123
5, W-00-05, -20.13077, 88.77670, 495.378
6, W-00-06, 3.71340, 107.49505, 492.952
7, W-00-07, 27.12980, 127.27287, 497.282
8, W-00-08, 46.36249, 156.46407, 504.022
9, W-00-09, 52.92499, -157.63868, 506.436
10, W-00-10, 41.26393, -116.36758, 502.123
11, W-00-11, 20.13077, -91.22330, 495.378
12, W-01-00, -12.69301, -20.58032, 493.888
13, W-01-01, -35.14538, 1.52602, 499.912
14, W-01-02, -50.93261, 37.01367, 505.713
15, W-01-03, -50.36644, 84.99873, 505.506
16, W-01-04, -33.94846, 119.43470, 499.496
17, W-01-05, -11.30904, 141.09605, 493.679
18, W-01-06, 12.69301, 159.41968, 493.888
19, W-01-07, 35.14538, -178.47398, 499.912
20, W-01-08, 50.93261, -142.98633, 505.713
21, W-01-09, 50.36644, -95.00127, 505.506
22, W-01-10, 33.94846, -60.56530, 499.496
23, W-01-11, 11.30904, -38.90395, 493.679
24, W-02-00, -21.47329, 31.84190, 495.709
25, W-02-01, -42.30031, 57.66496, 502.507
26, W-02-02, -53.07561, 99.93519, 506.491
27, W-02-03, -45.47928, 145.11145, 503.692
28, W-02-04, -25.83170, 173.45348, 496.897
29, W-02-05, -2.31193, -167.02334, 492.898
30, W-02-06, 21.47329, -148.15810, 495.709
31, W-02-07, 42.30031, -122.33504, 502.507
32, W-02-08, 53.07561, -80.06481, 506.491
33, W-02-09, 45.47928, -34.88855, 503.692
34, W-02-10, 25.83170, -6.54652, 496.897
35, W-02-11, 2.31193, 12.97666, 492.898
36, W-03-00, -29.87459, 85.18820, 498.137
37, W-03-01, -48.11461, 116.33205, 504.674
38, W-03-02, -52.36959, 163.45173, 506.236
39, W-03-03, -38.93886, -157.52729, 501.270
40, W-03-04, -17.21935, -133.71106, 494.724
41, W-03-05, 6.71944, -115.22903, 493.153
42, W-03-06, 29.87459, -94.81180, 498.137
43, W-03-07, 48.11461, -63.66795, 504.674
44, W-03-08, 52.36959, -16.54827, 506.236
45, W-03-09, 38.93886, 22.47271, 501.270
46, W-03-10, 17.21935, 46.28894, 494.724
47, W-03-11, -6.71944, 64.77097, 493.153
48, W-04-00, -37.64605, 139.99616, 500.801
49, W-04-01, -51.94680, 177.78482, 506.083
50, W-04-02, -48.96270, -134.64725, 504.988
51, W-04-03, -31.31429, -102.39299, 498.606
52, W-04-04, -8.32215, -81.57984, 493.308
53, W-04-05, 15.64977, -63.18073, 494.408
54, W-04-06, 37.64605, -40.00384, 500.801
55, W-04-07, 51.94680, -2.21518, 506.083
56, W-04-08, 48.96270, 45.35275, 504.988
57, W-04-09, 31.31429, 77.60701, 498.606
58, W-04-10, 8.32215, 98.42016, 493.308
59, W-04-11, -15.64977, 116.81927, 494.408
60, W-05-00, -44.41627, -163.08725, 503.295
61, W-05-01, -53.16240, -118.84091, 506.522
62, W-05-02, -43.45114, -75.48063, 502.935
63, W-05-03, -23.00410, -48.82926, 496.107
64, W-05-04, 0.70130, -29.76558, 492.866
65, W-05-05, 24.32634, -10.50261, 496.468
66, W-05-06, 44.41627, 16.91275, 503.295
67, W-05-07, 53.16240, 61.15909, 506.522
68, W-05-08, 43.45114, 104.51937, 502.935
69, W-05-09, 23.00410, 131.17074, 496.107
70, W-05-10, -0.70130, 150.23442, 492.866
71, W-05-11, -24.32634, 169.49739, 496.468
72, W-06-00, -49.64677, -103.48072, 505.241
73, W-06-01, -51.51008, -55.64866, 505.924
74, W-06-02, -36.49483, -18.93504, 500.389
75, W-06-03, -14.27669, 3.72369, 494.154
76, W-06-04, 9.71439, 22.07482, 493.467
77, W-06-05, 32.55039, 43.26487, 499.019
78, W-06-06, 49.64677, 76.51928, 505.241
79, W-06-07, 51.51008, 124.35134, 505.924
80, W-06-08, 36.49483, 161.06496, 500.389
81, W-06-09, 14.27669, -176.27631, 494.154
82, W-06-10, -9.71439, -157.92518, 493.467
83, W-06-11, -32.55039, -136.73513, 499.019
84, W-07-00, -52.66693, -41.21795, 506.344
85, W-07-01, -47.32489, 5.39191, 504.380
86, W-07-02, -28.60501, 35.60581, 497.735
87, W-07-03, -5.32140, 55.70941, 493.045
88, W-07-04, 18.57870, 74.28814, 495.018
89, W-07-05, 40.03691, 98.70069, 501.671
90, W-07-06, 52.66693, 138.78205, 506.344
91, W-07-07, 47.32489, -174.60809, 504.380
92, W-07-08, 28.60501, -144.39419, 497.735
93, W-07-09, 5.32140, -124.29059, 493.045
94, W-07-10, -18.57870, -105.71186, 495.018
95, W-07-11, -40.03691, -81.29931, 501.671

[LINKS]
Type, SourceID, TargetID
ISL, 0, 1
ISL, 0, 23
ISL, 1, 2
ISL, 1, 12
ISL, 2, 3
ISL, 2, 13
ISL, 3, 4
ISL, 3, 14
ISL, 4, 5
ISL, 4, 15
ISL, 5, 6
ISL, 5, 15
ISL, 6, 7
ISL, 6, 17
ISL, 7, 8
ISL, 7, 18
ISL, 8, 9
ISL, 8, 19
ISL, 9, 10
ISL, 9, 20
ISL, 10, 11
ISL, 10, 21
ISL, 11, 0
ISL, 11, 21
ISL, 12, 13
ISL, 12, 35
ISL, 13, 14
ISL, 13, 24
ISL, 14, 15
ISL, 14, 25
ISL, 15, 16
ISL, 15, 26
ISL, 16, 17
ISL, 16, 27
ISL, 17, 18
ISL, 17, 28
ISL, 18, 19
ISL, 18, 29
ISL, 19, 20
ISL, 19, 30
ISL, 20, 21
ISL, 20, 31
ISL, 21, 22
ISL, 21, 32
ISL, 22, 23
ISL, 22, 33
ISL, 23, 12
ISL, 23, 34
ISL, 24, 25
ISL, 24, 47
ISL, 25, 26
ISL, 25, 36
ISL, 26, 27
ISL, 26, 37
ISL, 27, 28
ISL, 27, 38
ISL, 28, 29
ISL, 28, 39
ISL, 29, 30
ISL, 29, 40
ISL, 30, 31
ISL, 30, 41
ISL, 31, 32
ISL, 31, 42
ISL, 32, 33
ISL, 32, 43
ISL, 33, 34
ISL, 33, 44
ISL, 34, 35
ISL, 34, 45
ISL, 35, 24
ISL, 35, 46
ISL, 36, 37
ISL, 36, 59
ISL, 37, 38
ISL, 37, 48
ISL, 38, 39
ISL, 38, 49
ISL, 39, 40
ISL, 39, 50
ISL, 40, 41
ISL, 40, 50
ISL, 41, 42
ISL, 41, 52
ISL, 42, 43
ISL, 42, 53
ISL, 43, 44
ISL, 43, 54
ISL, 44, 45
ISL, 44, 55
ISL, 45, 46
ISL, 45, 56
ISL, 46, 47
ISL, 46, 56
ISL, 47, 36
ISL, 47, 58
ISL, 48, 49
ISL, 48, 71
ISL, 49, 50
ISL, 49, 60
ISL, 50, 51
ISL, 50, 61
ISL, 51, 52
ISL, 51, 62
ISL, 52, 53
ISL, 52, 63
ISL, 53, 54
ISL, 53, 64
ISL, 54, 55
ISL, 54, 65
ISL, 55, 56
ISL, 55, 66
ISL, 56, 57
ISL, 56, 67
ISL, 57, 58
ISL, 57, 68
ISL, 58, 59
ISL, 58, 69
ISL, 59, 48
ISL, 59, 70
ISL, 60, 61
ISL, 60, 83
ISL, 61, 62
ISL, 61, 72
ISL, 62, 63
ISL, 62, 73
ISL, 63, 64
ISL, 63, 73
ISL, 64, 65
ISL, 64, 75
ISL, 65, 66
ISL, 65, 76
ISL, 66, 67
ISL, 66, 77
ISL, 67, 68
ISL, 67, 78
ISL, 68, 69
ISL, 68, 79
ISL, 69, 70
ISL, 69, 79
ISL, 70, 71
ISL, 70, 81
ISL, 71, 60
ISL, 71, 82
ISL, 72, 73
ISL, 72, 95
ISL, 73, 74
ISL, 73, 84
ISL, 74, 75
ISL, 74, 85
ISL, 75, 76
ISL, 75, 85
ISL, 76, 77
ISL, 76, 87
ISL, 77, 78
ISL, 77, 88
ISL, 78, 79
ISL, 78, 89
ISL, 79, 80
ISL, 79, 90
ISL, 80, 81
ISL, 80, 91
ISL, 81, 82
ISL, 81, 91
ISL, 82, 83
ISL, 82, 93
ISL, 83, 72
ISL, 83, 94
ISL, 84, 85
ISL, 84, 2
ISL, 85, 86
ISL, 85, 3
ISL, 86, 87
ISL, 86, 4
ISL, 87, 88
ISL, 87, 5
ISL, 88, 89
ISL, 88, 6
ISL, 89, 90
ISL, 89, 7
ISL, 90, 91
ISL, 90, 8
ISL, 91, 92
ISL, 91, 9
ISL, 92, 93
ISL, 92, 10
ISL, 93, 94
ISL, 93, 11
ISL, 94, 95
ISL, 94, 0
ISL, 95, 84
ISL, 95, 1
