[METADATA]
Time: 2026-04-12 03:59:43
Step: 151
Total_Sats: 96

[NODES]
ID, Name, Lat(deg), Lon(deg), Alt(km)
0, W-00-00, -52.21337, -5.30684, 506.180
1, W-00-01, -48.45623, 42.00734, 504.801
2, W-00-02, -30.44384, 73.58316, 498.321
3, W-00-03, -7.35084, 94.15163, 493.210
4, W-00-04, 16.60243, 112.59745, 494.596
5, W-00-05, 38.43379, 136.15624, 501.086
6, W-00-06, 52.21337, 174.69316, 506.180
7, W-00-07, 48.45623, -137.99266, 504.801
8, W-00-08, 30.44384, -106.41684, 498.321
9, W-00-09, 7.35084, -85.84837, 493.210
10, W-00-10, -16.60243, -67.40255, 494.596
11, W-00-11, -38.43379, -43.84376, 501.086
12, W-01-00, -53.12083, 58.16249, 506.507
13, W-01-01, -42.75859, 100.87008, 502.678
14, W-01-02, -22.07744, 127.01299, 495.864
15, W-01-03, 1.67792, 145.95252, 492.881
16, W-01-04, 25.24082, 165.36919, 496.726
17, W-01-05, 45.06679, -166.65985, 503.538
18, W-01-06, 53.12083, -121.83751, 506.507
19, W-01-07, 42.75859, -79.12992, 502.678
20, W-01-08, 22.07744, -52.98701, 495.864
21, W-01-09, -1.67792, -34.04748, 492.881
22, W-01-10, -25.24082, -14.63081, 496.726
23, W-01-11, -45.06679, 13.34015, 503.538
24, W-02-00, -51.16943, 121.19807, 505.800
25, W-02-01, -35.67999, 157.16658, 500.100
26, W-02-02, -13.31729, 179.48504, 493.989
27, W-02-03, 10.68184, -162.18401, 493.592
28, W-02-04, 33.40092, -140.71321, 499.308
29, W-02-05, 50.09177, -106.74619, 505.405
30, W-02-06, 51.16943, -58.80193, 505.800
31, W-02-07, 35.67999, -22.83342, 500.100
32, W-02-08, 13.31729, -0.51496, 493.989
33, W-02-09, -10.68184, 17.81599, 493.592
34, W-02-10, -33.40092, 39.28679, 499.308
35, W-02-11, -50.09177, 73.25381, 505.405
36, W-03-00, -46.74821, -178.05728, 504.165
37, W-03-01, -27.71266, -148.46940, 497.459
38, W-03-02, -4.34671, -128.56764, 492.985
39, W-03-03, 19.52097, -109.90793, 495.234
40, W-03-04, 40.78539, -85.05779, 501.947
41, W-03-05, 52.83416, -44.25054, 506.404
42, W-03-06, 46.74821, 1.94272, 504.165
43, W-03-07, 27.71266, 31.53060, 497.459
44, W-03-08, 4.34671, 51.43236, 492.985
45, W-03-09, -19.52097, 70.09207, 495.234
46, W-03-10, -40.78539, 94.94221, 501.947
47, W-03-11, -52.83416, 135.74946, 506.404
48, W-04-00, -40.52448, -120.10787, 501.851
49, W-04-01, -19.19097, -95.41329, 495.157
50, W-04-02, 4.68859, -76.78326, 493.005
51, W-04-03, 28.02632, -56.81225, 497.555
52, W-04-04, 46.95286, -27.00691, 504.242
53, W-04-05, 52.77928, 19.33797, 506.384
54, W-04-06, 40.52448, 59.89213, 501.851
55, W-04-07, 19.19097, 84.58671, 495.157
56, W-04-08, -4.68859, 103.21674, 493.005
57, W-04-09, -28.02632, 123.18775, 497.555
58, W-04-10, -46.95286, 152.99309, 504.242
59, W-04-11, -52.77928, -160.66203, 506.384
60, W-05-00, -33.10366, -64.53037, 499.206
61, W-05-01, -10.34280, -43.15974, 493.547
62, W-05-02, 13.65401, -24.82296, 494.046
63, W-05-03, 35.96691, -2.38707, 500.201
64, W-05-04, 51.29224, 33.84220, 505.845
65, W-05-05, 49.93872, 81.75389, 505.348
66, W-05-06, 33.10366, 115.46963, 499.206
67, W-05-07, 10.34280, 136.84026, 493.547
68, W-05-08, -13.65401, 155.17704, 494.046
69, W-05-09, -35.96691, 177.61293, 500.201
70, W-05-10, -51.29224, -146.15780, 505.845
71, W-05-11, -49.93872, -98.24611, 505.348
72, W-06-00, -24.92076, -10.66619, 496.635
73, W-06-01, -1.33548, 8.69518, 492.875
74, W-06-02, 22.40292, 27.67689, 495.948
75, W-06-03, 43.00330, 53.99590, 502.769
76, W-06-04, 53.13928, 96.93540, 506.514
77, W-06-05, 44.84075, 141.55988, 503.454
78, W-06-06, 24.92076, 169.33381, 496.635
79, W-06-07, 1.33548, -171.30482, 492.875
80, W-06-08, -22.40292, -152.32311, 495.948
81, W-06-09, -43.00330, -126.00410, 502.769
82, W-06-10, -53.13928, -83.06460, 506.514
83, W-06-11, -44.84075, -38.44012, 503.454
84, W-07-00, -16.26871, 42.07211, 494.529
85, W-07-01, 7.69160, 60.50031, 493.243
86, W-07-02, 30.74995, 81.15294, 498.421
87, W-07-03, 48.63657, 112.96489, 504.867
88, W-07-04, 52.12346, 160.37444, 506.147
89, W-07-05, 38.15890, -161.35076, 500.986
90, W-07-06, 16.26871, -137.92789, 494.529
91, W-07-07, -7.69160, -119.49969, 493.243
92, W-07-08, -30.74995, -98.84706, 498.421
93, W-07-09, -48.63657, -67.03511, 504.867
94, W-07-10, -52.12346, -19.62556, 506.147
95, W-07-11, -38.15890, 18.64924, 500.986

[LINKS]
Type, SourceID, TargetID
ISL, 0, 1
ISL, 0, 23
ISL, 1, 2
ISL, 1, 12
ISL, 2, 3
ISL, 2, 13
ISL, 3, 4
ISL, 3, 14
ISL, 4, 5
ISL, 4, 15
ISL, 5, 6
ISL, 5, 15
ISL, 6, 7
ISL, 6, 17
ISL, 7, 8
ISL, 7, 18
ISL, 8, 9
ISL, 8, 19
ISL, 9, 10
ISL, 9, 20
ISL, 10, 11
ISL, 10, 21
ISL, 11, 0
ISL, 11, 21
ISL, 12, 13
ISL, 12, 35
ISL, 13, 14
ISL, 13, 24
ISL, 14, 15
ISL, 14, 25
ISL, 15, 16
ISL, 15, 26
ISL, 16, 17
ISL, 16, 27
ISL, 17, 18
ISL, 17, 28
ISL, 18, 19
ISL, 18, 29
ISL, 19, 20
ISL, 19, 30
ISL, 20, 21
ISL, 20, 31
ISL, 21, 22
ISL, 21, 32
ISL, 22, 23
ISL, 22, 33
ISL, 23, 12
ISL, 23, 34
ISL, 24, 25
ISL, 24, 47
ISL, 25, 26
ISL, 25, 36
ISL, 26, 27
ISL, 26, 37
ISL, 27, 28
ISL, 27, 38
ISL, 28, 29
ISL, 28, 39
ISL, 29, 30
ISL, 29, 40
ISL, 30, 31
ISL, 30, 41
ISL, 31, 32
ISL, 31, 42
ISL, 32, 33
ISL, 32, 43
ISL, 33, 34
ISL, 33, 44
ISL, 34, 35
ISL, 34, 45
ISL, 35, 24
ISL, 35, 46
ISL, 36, 37
ISL, 36, 59
ISL, 37, 38
ISL, 37, 48
ISL, 38, 39
ISL, 38, 49
ISL, 39, 40
ISL, 39, 50
ISL, 40, 41
ISL, 40, 50
ISL, 41, 42
ISL, 41, 52
ISL, 42, 43
ISL, 42, 53
ISL, 43, 44
ISL, 43, 54
ISL, 44, 45
ISL, 44, 55
ISL, 45, 46
ISL, 45, 56
ISL, 46, 47
ISL, 46, 56
ISL, 47, 36
ISL, 47, 58
ISL, 48, 49
ISL, 48, 71
ISL, 49, 50
ISL, 49, 60
ISL, 50, 51
ISL, 50, 61
ISL, 51, 52
ISL, 51, 62
ISL, 52, 53
ISL, 52, 63
ISL, 53, 54
ISL, 53, 64
ISL, 54, 55
ISL, 54, 65
ISL, 55, 56
ISL, 55, 66
ISL, 56, 57
ISL, 56, 67
ISL, 57, 58
ISL, 57, 68
ISL, 58, 59
ISL, 58, 69
ISL, 59, 48
ISL, 59, 70
ISL, 60, 61
ISL, 60, 83
ISL, 61, 62
ISL, 61, 72
ISL, 62, 63
ISL, 62, 73
ISL, 63, 64
ISL, 63, 73
ISL, 64, 65
ISL, 64, 75
ISL, 65, 66
ISL, 65, 76
ISL, 66, 67
ISL, 66, 77
ISL, 67, 68
ISL, 67, 78
ISL, 68, 69
ISL, 68, 79
ISL, 69, 70
ISL, 69, 79
ISL, 70, 71
ISL, 70, 81
ISL, 71, 60
ISL, 71, 82
ISL, 72, 73
ISL, 72, 95
ISL, 73, 74
ISL, 73, 84
ISL, 74, 75
ISL, 74, 85
ISL, 75, 76
ISL, 75, 85
ISL, 76, 77
ISL, 76, 87
ISL, 77, 78
ISL, 77, 88
ISL, 78, 79
ISL, 78, 89
ISL, 79, 80
ISL, 79, 90
ISL, 80, 81
ISL, 80, 91
ISL, 81, 82
ISL, 81, 91
ISL, 82, 83
ISL, 82, 93
ISL, 83, 72
ISL, 83, 94
ISL, 84, 85
ISL, 84, 2
ISL, 85, 86
ISL, 85, 3
ISL, 86, 87
ISL, 86, 4
ISL, 87, 88
ISL, 87, 5
ISL, 88, 89
ISL, 88, 6
ISL, 89, 90
ISL, 89, 7
ISL, 90, 91
ISL, 90, 8
ISL, 91, 92
ISL, 91, 9
ISL, 92, 93
ISL, 92, 10
ISL, 93, 94
ISL, 93, 11
ISL, 94, 95
ISL, 94, 0
ISL, 95, 84
ISL, 95, 1
