[METADATA]
Time: 2026-04-12 03:34:43
Step: 101
Total_Sats: 96

[NODES]
ID, Name, Lat(deg), Lon(deg), Alt(km)
0, W-00-00, 11.55030, -82.84077, 493.714
1, W-00-01, -12.45240, -64.51875, 493.850
2, W-00-02, -34.93843, -42.49225, 499.840
3, W-00-03, -50.83821, -7.18895, 505.679
4, W-00-04, -50.46913, 40.80506, 505.543
5, W-00-05, -34.15824, 75.42276, 499.568
6, W-00-06, -11.55030, 97.15923, 493.714
7, W-00-07, 12.45240, 115.48125, 493.850
8, W-00-08, 34.93843, 137.50775, 499.840
9, W-00-09, 50.83821, 172.81105, 505.679
10, W-00-10, 50.46913, -139.19494, 505.543
11, W-00-11, 34.15824, -104.57724, 499.568
12, W-01-00, 2.55599, -30.95311, 492.905
13, W-01-01, -21.24019, -12.11516, 495.650
14, W-01-02, -42.12212, 13.58691, 502.441
15, W-01-03, -53.05439, 55.68619, 506.483
16, W-01-04, -45.63595, 100.99424, 503.750
17, W-01-05, -26.05856, 129.48128, 496.963
18, W-01-06, -2.55599, 149.04689, 492.905
19, W-01-07, 21.24019, 167.88484, 495.650
20, W-01-08, 42.12212, -166.41309, 502.441
21, W-01-09, 53.05439, -124.31381, 506.483
22, W-01-10, 45.63595, -79.00576, 503.750
23, W-01-11, 26.05856, -50.51872, 496.963
24, W-02-00, -6.47621, 20.83911, 493.133
25, W-02-01, -29.65461, 41.19969, 498.067
26, W-02-02, -47.98048, 72.17910, 504.624
27, W-02-03, -52.42614, 119.21780, 506.257
28, W-02-04, -39.13192, 158.42453, 501.340
29, W-02-05, -17.45651, -177.65811, 494.774
30, W-02-06, 6.47621, -159.16089, 493.133
31, W-02-07, 29.65461, -138.80031, 498.067
32, W-02-08, 47.98048, -107.82090, 504.624
33, W-02-09, 52.42614, -60.78220, 506.257
34, W-02-10, 39.13192, -21.57547, 501.340
35, W-02-11, 17.45651, 2.34189, 494.774
36, W-03-00, -15.41115, 72.87588, 494.362
37, W-03-01, -37.44729, 95.96002, 500.730
38, W-03-02, -51.87529, 133.56139, 506.057
39, W-03-03, -49.08551, -178.81610, 505.034
40, W-03-04, -31.53068, -146.38984, 498.678
41, W-03-05, -8.56476, -125.51326, 493.334
42, W-03-06, 15.41115, -107.12412, 494.362
43, W-03-07, 37.44729, -84.03998, 500.730
44, W-03-08, 51.87529, -46.43861, 506.057
45, W-03-09, 49.08551, 1.18390, 505.034
46, W-03-10, 31.53068, 33.61016, 498.678
47, W-03-11, 8.56476, 54.48674, 493.334
48, W-04-00, -24.09690, 125.53143, 496.404
49, W-04-01, -44.25082, 152.81092, 503.234
50, W-04-02, -53.16746, -163.09224, 506.524
51, W-04-03, -43.62170, -119.57313, 502.999
52, W-04-04, -23.23502, -92.79162, 496.169
53, W-04-05, 0.45713, -73.69504, 492.864
54, W-04-06, 24.09690, -54.46857, 496.404
55, W-04-07, 44.25082, -27.18908, 503.234
56, W-04-08, 53.16746, 16.90776, 506.524
57, W-04-09, 43.62170, 60.42687, 502.999
58, W-04-10, 23.23502, 87.20838, 496.169
59, W-04-11, -0.45713, 106.30496, 492.864
60, W-05-00, -32.33641, 179.26245, 498.947
61, W-05-01, -49.53144, -147.65931, 505.198
62, W-05-02, -51.59060, -99.86458, 505.953
63, W-05-03, -36.69688, -62.96407, 500.461
64, W-05-04, -14.51614, -40.21765, 494.197
65, W-05-05, 9.47225, -21.85978, 493.438
66, W-05-06, 32.33641, -0.73755, 498.947
67, W-05-07, 49.53144, 32.34069, 505.198
68, W-05-08, 51.59060, 80.13542, 505.953
69, W-05-09, 36.69688, 117.03593, 500.461
70, W-05-10, 14.51614, 139.78235, 494.197
71, W-05-11, -9.47225, 158.14022, 493.438
72, W-06-00, -39.84768, -125.35540, 501.602
73, W-06-01, -52.61998, -85.45733, 506.327
74, W-06-02, -47.46568, -38.75105, 504.433
75, W-06-03, -28.82706, -8.37784, 497.805
76, W-06-04, -5.56494, 11.77833, 493.063
77, W-06-05, 18.34257, 30.33857, 494.966
78, W-06-06, 39.84768, 54.64460, 501.602
79, W-06-07, 52.61998, 94.54267, 506.327
80, W-06-08, 47.46568, 141.24895, 504.433
81, W-06-09, 28.82706, 171.62216, 497.805
82, W-06-10, 5.56494, -168.22167, 493.063
83, W-06-11, -18.34257, -149.66143, 494.966
84, W-07-00, -46.21168, -67.66297, 503.965
85, W-07-01, -52.95620, -21.88480, 506.448
86, W-07-02, -41.44656, 19.56305, 502.191
87, W-07-03, -20.36511, 44.82268, 495.435
88, W-07-04, 3.46949, 63.56490, 492.941
89, W-07-05, 26.90470, 83.29647, 497.214
90, W-07-06, 46.21168, 112.33703, 503.965
91, W-07-07, 52.95620, 158.11520, 506.448
92, W-07-08, 41.44656, -160.43695, 502.191
93, W-07-09, 20.36511, -135.17732, 495.435
94, W-07-10, -3.46949, -116.43510, 492.941
95, W-07-11, -26.90470, -96.70353, 497.214

[LINKS]
Type, SourceID, TargetID
ISL, 0, 1
ISL, 0, 23
ISL, 1, 2
ISL, 1, 12
ISL, 2, 3
ISL, 2, 13
ISL, 3, 4
ISL, 3, 14
ISL, 4, 5
ISL, 4, 15
ISL, 5, 6
ISL, 5, 15
ISL, 6, 7
ISL, 6, 17
ISL, 7, 8
ISL, 7, 18
ISL, 8, 9
ISL, 8, 19
ISL, 9, 10
ISL, 9, 20
ISL, 10, 11
ISL, 10, 21
ISL, 11, 0
ISL, 11, 21
ISL, 12, 13
ISL, 12, 35
ISL, 13, 14
ISL, 13, 24
ISL, 14, 15
ISL, 14, 25
ISL, 15, 16
ISL, 15, 26
ISL, 16, 17
ISL, 16, 27
ISL, 17, 18
ISL, 17, 28
ISL, 18, 19
ISL, 18, 29
ISL, 19, 20
ISL, 19, 30
ISL, 20, 21
ISL, 20, 31
ISL, 21, 22
ISL, 21, 32
ISL, 22, 23
ISL, 22, 33
ISL, 23, 12
ISL, 23, 34
ISL, 24, 25
ISL, 24, 47
ISL, 25, 26
ISL, 25, 36
ISL, 26, 27
ISL, 26, 37
ISL, 27, 28
ISL, 27, 38
ISL, 28, 29
ISL, 28, 39
ISL, 29, 30
ISL, 29, 40
ISL, 30, 31
ISL, 30, 41
ISL, 31, 32
ISL, 31, 42
ISL, 32, 33
ISL, 32, 43
ISL, 33, 34
ISL, 33, 44
ISL, 34, 35
ISL, 34, 45
ISL, 35, 24
ISL, 35, 46
ISL, 36, 37
ISL, 36, 59
ISL, 37, 38
ISL, 37, 48
ISL, 38, 39
ISL, 38, 49
ISL, 39, 40
ISL, 39, 50
ISL, 40, 41
ISL, 40, 50
ISL, 41, 42
ISL, 41, 52
ISL, 42, 43
ISL, 42, 53
ISL, 43, 44
ISL, 43, 54
ISL, 44, 45
ISL, 44, 55
ISL, 45, 46
ISL, 45, 56
ISL, 46, 47
ISL, 46, 56
ISL, 47, 36
ISL, 47, 58
ISL, 48, 49
ISL, 48, 71
ISL, 49, 50
ISL, 49, 60
ISL, 50, 51
ISL, 50, 61
ISL, 51, 52
ISL, 51, 62
ISL, 52, 53
ISL, 52, 63
ISL, 53, 54
ISL, 53, 64
ISL, 54, 55
ISL, 54, 65
ISL, 55, 56
ISL, 55, 66
ISL, 56, 57
ISL, 56, 67
ISL, 57, 58
ISL, 57, 68
ISL, 58, 59
ISL, 58, 69
ISL, 59, 48
ISL, 59, 70
ISL, 60, 61
ISL, 60, 83
ISL, 61, 62
ISL, 61, 72
ISL, 62, 63
ISL, 62, 73
ISL, 63, 64
ISL, 63, 73
ISL, 64, 65
ISL, 64, 75
ISL, 65, 66
ISL, 65, 76
ISL, 66, 67
ISL, 66, 77
ISL, 67, 68
ISL, 67, 78
ISL, 68, 69
ISL, 68, 79
ISL, 69, 70
ISL, 69, 79
ISL, 70, 71
ISL, 70, 81
ISL, 71, 60
ISL, 71, 82
ISL, 72, 73
ISL, 72, 95
ISL, 73, 74
ISL, 73, 84
ISL, 74, 75
ISL, 74, 85
ISL, 75, 76
ISL, 75, 85
ISL, 76, 77
ISL, 76, 87
ISL, 77, 78
ISL, 77, 88
ISL, 78, 79
ISL, 78, 89
ISL, 79, 80
ISL, 79, 90
ISL, 80, 81
ISL, 80, 91
ISL, 81, 82
ISL, 81, 91
ISL, 82, 83
ISL, 82, 93
ISL, 83, 72
ISL, 83, 94
ISL, 84, 85
ISL, 84, 2
ISL, 85, 86
ISL, 85, 3
ISL, 86, 87
ISL, 86, 4
ISL, 87, 88
ISL, 87, 5
ISL, 88, 89
ISL, 88, 6
ISL, 89, 90
ISL, 89, 7
ISL, 90, 91
ISL, 90, 8
ISL, 91, 92
ISL, 91, 9
ISL, 92, 93
ISL, 92, 10
ISL, 93, 94
ISL, 93, 11
ISL, 94, 95
ISL, 94, 0
ISL, 95, 84
ISL, 95, 1
