[METADATA]
Time: 2026-04-12 04:17:43
Step: 187
Total_Sats: 96

[NODES]
ID, Name, Lat(deg), Lon(deg), Alt(km)
0, W-00-00, -24.09628, 75.61497, 496.404
1, W-00-01, -0.45647, 94.84134, 492.864
2, W-00-02, 23.23564, 113.93801, 496.169
3, W-00-03, 43.62216, 140.71986, 502.999
4, W-00-04, 53.16747, -175.76060, 506.524
5, W-00-05, 44.25038, -131.66416, 503.233
6, W-00-06, 24.09628, -104.38503, 496.404
7, W-00-07, 0.45647, -85.15866, 492.864
8, W-00-08, -23.23564, -66.06199, 496.169
9, W-00-09, -43.62216, -39.28014, 502.999
10, W-00-10, -53.16747, 4.23940, 506.524
11, W-00-11, -44.25038, 48.33584, 503.233
12, W-01-00, -15.41051, 128.27046, 494.362
13, W-01-01, 8.56540, 146.65957, 493.334
14, W-01-02, 31.53126, 167.53632, 498.678
15, W-01-03, 49.08584, -160.03696, 505.034
16, W-01-04, 51.87510, -112.41431, 506.057
17, W-01-05, 37.44676, -74.81344, 500.729
18, W-01-06, 15.41051, -51.72954, 494.362
19, W-01-07, -8.56540, -33.34043, 493.334
20, W-01-08, -31.53126, -12.46368, 498.678
21, W-01-09, -49.08584, 19.96304, 505.034
22, W-01-10, -51.87510, 67.58569, 506.057
23, W-01-11, -37.44676, 105.18656, 500.729
24, W-02-00, -6.47556, -179.69281, 493.133
25, W-02-01, 17.45714, -161.19555, 494.774
26, W-02-02, 39.13244, -137.27792, 501.340
27, W-02-03, 52.42629, -98.07069, 506.257
28, W-02-04, 47.98012, -51.03220, 504.624
29, W-02-05, 29.65402, -20.05324, 498.067
30, W-02-06, 6.47556, 0.30719, 493.133
31, W-02-07, -17.45714, 18.80445, 494.774
32, W-02-08, -39.13244, 42.72208, 501.340
33, W-02-09, -52.42629, 81.92931, 506.257
34, W-02-10, -47.98012, 128.96780, 504.624
35, W-02-11, -29.65402, 159.94676, 498.067
36, W-03-00, 2.55664, -127.90059, 492.905
37, W-03-01, 26.05917, -108.33487, 496.964
38, W-03-02, 45.63637, -79.84743, 503.751
39, W-03-03, 53.05434, -34.53904, 506.483
40, W-03-04, 42.12164, 7.55978, 502.441
41, W-03-05, 21.23957, 33.26153, 495.650
42, W-03-06, -2.55664, 52.09941, 492.905
43, W-03-07, -26.05917, 71.66513, 496.964
44, W-03-08, -45.63637, 100.15257, 503.751
45, W-03-09, -53.05434, 145.46096, 506.483
46, W-03-10, -42.12164, -172.44022, 502.441
47, W-03-11, -21.23957, -146.73847, 495.650
48, W-04-00, 11.55094, -76.01291, 493.714
49, W-04-01, 34.15879, -54.27624, 499.568
50, W-04-02, 50.46940, -19.65805, 505.544
51, W-04-03, 50.83795, 28.33597, 505.679
52, W-04-04, 34.93788, 63.63878, 499.839
53, W-04-05, 12.45176, 85.66507, 493.850
54, W-04-06, -11.55094, 103.98709, 493.714
55, W-04-07, -34.15879, 125.72376, 499.568
56, W-04-08, -50.46940, 160.34195, 505.544
57, W-04-09, -50.83795, -151.66403, 505.679
58, W-04-10, -34.93788, -116.36122, 499.839
59, W-04-11, -12.45176, -94.33493, 493.850
60, W-05-00, 20.36573, -23.67632, 495.435
61, W-05-01, 41.44704, 1.58362, 502.191
62, W-05-02, 52.95628, 43.03195, 506.448
63, W-05-03, 46.21128, 88.80979, 503.965
64, W-05-04, 26.90410, 117.84995, 497.214
65, W-05-05, 3.46884, 137.58140, 492.941
66, W-05-06, -20.36573, 156.32368, 495.435
67, W-05-07, -41.44704, -178.41638, 502.191
68, W-05-08, -52.95628, -136.96805, 506.448
69, W-05-09, -46.21128, -91.19021, 503.965
70, W-05-10, -26.90410, -62.15005, 497.214
71, W-05-11, -3.46884, -42.41860, 492.941
72, W-06-00, 28.82765, 29.52428, 497.805
73, W-06-01, 47.46605, 59.89792, 504.433
74, W-06-02, 52.61985, 106.60446, 506.327
75, W-06-03, 39.84717, 146.50203, 501.602
76, W-06-04, 18.34194, 170.80778, 494.966
77, W-06-05, -5.56559, -170.63202, 493.063
78, W-06-06, -28.82765, -150.47572, 497.805
79, W-06-07, -47.46605, -120.10208, 504.433
80, W-06-08, -52.61985, -73.39554, 506.327
81, W-06-09, -39.84717, -33.49797, 501.602
82, W-06-10, -18.34194, -9.19222, 494.966
83, W-06-11, 5.56559, 9.36798, 493.063
84, W-07-00, 36.69742, 84.11063, 500.461
85, W-07-01, 51.59081, 121.01164, 505.954
86, W-07-02, 49.53113, 168.80627, 505.198
87, W-07-03, 32.33584, -158.11596, 498.947
88, W-07-04, 9.47160, -136.99391, 493.438
89, W-07-05, -14.51678, -118.63602, 494.197
90, W-07-06, -36.69742, -95.88937, 500.461
91, W-07-07, -51.59081, -58.98836, 505.954
92, W-07-08, -49.53113, -11.19373, 505.198
93, W-07-09, -32.33584, 21.88404, 498.947
94, W-07-10, -9.47160, 43.00609, 493.438
95, W-07-11, 14.51678, 61.36398, 494.197

[LINKS]
Type, SourceID, TargetID
ISL, 0, 1
ISL, 0, 23
ISL, 1, 2
ISL, 1, 12
ISL, 2, 3
ISL, 2, 13
ISL, 3, 4
ISL, 3, 14
ISL, 4, 5
ISL, 4, 15
ISL, 5, 6
ISL, 5, 15
ISL, 6, 7
ISL, 6, 17
ISL, 7, 8
ISL, 7, 18
ISL, 8, 9
ISL, 8, 19
ISL, 9, 10
ISL, 9, 20
ISL, 10, 11
ISL, 10, 21
ISL, 11, 0
ISL, 11, 21
ISL, 12, 13
ISL, 12, 35
ISL, 13, 14
ISL, 13, 24
ISL, 14, 15
ISL, 14, 25
ISL, 15, 16
ISL, 15, 26
ISL, 16, 17
ISL, 16, 27
ISL, 17, 18
ISL, 17, 28
ISL, 18, 19
ISL, 18, 29
ISL, 19, 20
ISL, 19, 30
ISL, 20, 21
ISL, 20, 31
ISL, 21, 22
ISL, 21, 32
ISL, 22, 23
ISL, 22, 33
ISL, 23, 12
ISL, 23, 34
ISL, 24, 25
ISL, 24, 47
ISL, 25, 26
ISL, 25, 36
ISL, 26, 27
ISL, 26, 37
ISL, 27, 28
ISL, 27, 38
ISL, 28, 29
ISL, 28, 39
ISL, 29, 30
ISL, 29, 40
ISL, 30, 31
ISL, 30, 41
ISL, 31, 32
ISL, 31, 42
ISL, 32, 33
ISL, 32, 43
ISL, 33, 34
ISL, 33, 44
ISL, 34, 35
ISL, 34, 45
ISL, 35, 24
ISL, 35, 46
ISL, 36, 37
ISL, 36, 59
ISL, 37, 38
ISL, 37, 48
ISL, 38, 39
ISL, 38, 49
ISL, 39, 40
ISL, 39, 50
ISL, 40, 41
ISL, 40, 50
ISL, 41, 42
ISL, 41, 52
ISL, 42, 43
ISL, 42, 53
ISL, 43, 44
ISL, 43, 54
ISL, 44, 45
ISL, 44, 55
ISL, 45, 46
ISL, 45, 56
ISL, 46, 47
ISL, 46, 56
ISL, 47, 36
ISL, 47, 58
ISL, 48, 49
ISL, 48, 71
ISL, 49, 50
ISL, 49, 60
ISL, 50, 51
ISL, 50, 61
ISL, 51, 52
ISL, 51, 62
ISL, 52, 53
ISL, 52, 63
ISL, 53, 54
ISL, 53, 64
ISL, 54, 55
ISL, 54, 65
ISL, 55, 56
ISL, 55, 66
ISL, 56, 57
ISL, 56, 67
ISL, 57, 58
ISL, 57, 68
ISL, 58, 59
ISL, 58, 69
ISL, 59, 48
ISL, 59, 70
ISL, 60, 61
ISL, 60, 83
ISL, 61, 62
ISL, 61, 72
ISL, 62, 63
ISL, 62, 73
ISL, 63, 64
ISL, 63, 73
ISL, 64, 65
ISL, 64, 75
ISL, 65, 66
ISL, 65, 76
ISL, 66, 67
ISL, 66, 77
ISL, 67, 68
ISL, 67, 78
ISL, 68, 69
ISL, 68, 79
ISL, 69, 70
ISL, 69, 79
ISL, 70, 71
ISL, 70, 81
ISL, 71, 60
ISL, 71, 82
ISL, 72, 73
ISL, 72, 95
ISL, 73, 74
ISL, 73, 84
ISL, 74, 75
ISL, 74, 85
ISL, 75, 76
ISL, 75, 85
ISL, 76, 77
ISL, 76, 87
ISL, 77, 78
ISL, 77, 88
ISL, 78, 79
ISL, 78, 89
ISL, 79, 80
ISL, 79, 90
ISL, 80, 81
ISL, 80, 91
ISL, 81, 82
ISL, 81, 91
ISL, 82, 83
ISL, 82, 93
ISL, 83, 72
ISL, 83, 94
ISL, 84, 85
ISL, 84, 2
ISL, 85, 86
ISL, 85, 3
ISL, 86, 87
ISL, 86, 4
ISL, 87, 88
ISL, 87, 5
ISL, 88, 89
ISL, 88, 6
ISL, 89, 90
ISL, 89, 7
ISL, 90, 91
ISL, 90, 8
ISL, 91, 92
ISL, 91, 9
ISL, 92, 93
ISL, 92, 10
ISL, 93, 94
ISL, 93, 11
ISL, 94, 95
ISL, 94, 0
ISL, 95, 84
ISL, 95, 1
