[METADATA]
Time: 2026-04-12 04:09:13
Step: 170
Total_Sats: 96

[NODES]
ID, Name, Lat(deg), Lon(deg), Alt(km)
0, W-00-00, -45.52181, 47.61613, 503.708
1, W-00-01, -25.89315, 75.99729, 496.915
2, W-00-02, -2.37800, 95.53188, 492.900
3, W-00-03, 21.41022, 114.38966, 495.693
4, W-00-04, 42.25217, 140.17985, 502.489
5, W-00-05, 53.07008, -177.59606, 506.489
6, W-00-06, 45.52181, -132.38387, 503.708
7, W-00-07, 25.89315, -104.00271, 496.915
8, W-00-08, 2.37800, -84.46812, 492.900
9, W-00-09, -21.41022, -65.61034, 495.693
10, W-00-10, -42.25217, -39.82015, 502.489
11, W-00-11, -53.07008, 2.40394, 506.489
12, W-01-00, -38.99120, 104.99603, 501.289
13, W-01-01, -17.28357, 128.83953, 494.737
14, W-01-02, 6.65360, 147.32560, 493.148
15, W-01-03, 29.81509, 167.72741, 498.118
16, W-01-04, 48.07844, -161.17336, 504.660
17, W-01-05, 52.38509, -114.07527, 506.242
18, W-01-06, 38.99120, -75.00397, 501.289
19, W-01-07, 17.28357, -51.16047, 494.737
20, W-01-08, -6.65360, -32.67440, 493.148
21, W-01-09, -29.81509, -12.27259, 498.118
22, W-01-10, -48.07844, 18.82664, 504.660
23, W-01-11, -52.38509, 65.92473, 506.242
24, W-02-00, -31.37292, 160.14418, 498.626
25, W-02-01, -8.38783, -179.02559, 493.315
26, W-02-02, 15.58519, -160.62925, 494.395
27, W-02-03, 37.59231, -137.47757, 500.782
28, W-02-04, 51.92763, -99.73961, 506.076
29, W-02-05, 48.99610, -52.15655, 505.001
30, W-02-06, 31.37292, -19.85582, 498.626
31, W-02-07, 8.38783, 0.97441, 493.315
32, W-02-08, -15.58519, 19.37075, 494.395
33, W-02-09, -37.59231, 42.52243, 500.782
34, W-02-10, -51.92763, 80.26039, 506.076
35, W-02-11, -48.99610, 127.84345, 505.001
36, W-03-00, -23.06664, -146.28279, 496.124
37, W-03-01, 0.63520, -127.21028, 492.866
38, W-03-02, 24.26426, -107.95727, 496.451
39, W-03-03, 44.37159, -80.57881, 503.279
40, W-03-04, 53.16398, -36.37273, 506.522
41, W-03-05, 43.49742, 7.03072, 502.953
42, W-03-06, 23.06664, 33.71721, 496.124
43, W-03-07, -0.63520, 52.78972, 492.866
44, W-03-08, -24.26426, 72.04273, 496.451
45, W-03-09, -44.37159, 99.42119, 503.279
46, W-03-10, -53.16398, 143.62727, 506.522
47, W-03-11, -43.49742, -172.96928, 502.953
48, W-04-00, -14.34153, -93.72419, 494.165
49, W-04-01, 9.64885, -75.37130, 493.459
50, W-04-02, 32.49251, -54.19970, 498.999
51, W-04-03, 49.61571, -20.99306, 505.229
52, W-04-04, 51.53206, 26.82926, 505.932
53, W-04-05, 36.54959, 63.59345, 500.408
54, W-04-06, 14.34153, 86.27581, 494.165
55, W-04-07, -9.64885, 104.62870, 493.459
56, W-04-08, -32.49251, 125.80030, 498.999
57, W-04-09, -49.61571, 159.00694, 505.229
58, W-04-10, -51.53206, -153.17074, 505.932
59, W-04-11, -36.54959, -116.40655, 500.408
60, W-05-00, -5.38733, -41.73572, 493.050
61, W-05-01, 18.51480, -23.16206, 495.004
62, W-05-02, 39.98577, 1.22154, 501.652
63, W-05-03, 52.65442, 41.25334, 506.339
64, W-05-04, 47.36314, 87.88963, 504.394
65, W-05-05, 28.66516, 118.14654, 497.754
66, W-05-06, 5.38733, 138.26428, 493.050
67, W-05-07, -18.51480, 156.83794, 495.004
68, W-05-08, -39.98577, -178.77846, 501.652
69, W-05-09, -52.65442, -138.74666, 506.339
70, W-05-10, -47.36314, -92.11037, 504.394
71, W-05-11, -28.66516, -61.85346, 497.754
72, W-06-00, 3.64737, 10.05016, 492.949
73, W-06-01, 27.06890, 29.81537, 497.264
74, W-06-02, 46.32179, 58.96568, 504.006
75, W-06-03, 52.93365, 104.83097, 506.440
76, W-06-04, 41.31346, 146.15002, 502.142
77, W-06-05, 20.19423, 171.32541, 495.394
78, W-06-06, -3.64737, -169.94984, 492.949
79, W-06-07, -27.06890, -150.18463, 497.264
80, W-06-08, -46.32179, -121.03432, 504.006
81, W-06-09, -52.93365, -75.16903, 506.440
82, W-06-10, -41.31346, -33.84998, 502.142
83, W-06-11, -20.19423, -8.67459, 495.394
84, W-07-00, 12.62789, 61.97252, 493.877
85, W-07-01, 35.08942, 84.05714, 499.892
86, W-07-02, 50.90723, 119.49484, 505.704
87, W-07-03, 50.39441, 167.48269, 505.516
88, W-07-04, 34.00530, -158.03220, 499.515
89, W-07-05, 11.37436, -136.35061, 493.688
90, W-07-06, -12.62789, -118.02748, 493.877
91, W-07-07, -35.08942, -95.94286, 499.892
92, W-07-08, -50.90723, -60.50516, 505.704
93, W-07-09, -50.39441, -12.51731, 505.516
94, W-07-10, -34.00530, 21.96780, 499.515
95, W-07-11, -11.37436, 43.64939, 493.688

[LINKS]
Type, SourceID, TargetID
ISL, 0, 1
ISL, 0, 23
ISL, 1, 2
ISL, 1, 12
ISL, 2, 3
ISL, 2, 13
ISL, 3, 4
ISL, 3, 14
ISL, 4, 5
ISL, 4, 15
ISL, 5, 6
ISL, 5, 15
ISL, 6, 7
ISL, 6, 17
ISL, 7, 8
ISL, 7, 18
ISL, 8, 9
ISL, 8, 19
ISL, 9, 10
ISL, 9, 20
ISL, 10, 11
ISL, 10, 21
ISL, 11, 0
ISL, 11, 21
ISL, 12, 13
ISL, 12, 35
ISL, 13, 14
ISL, 13, 24
ISL, 14, 15
ISL, 14, 25
ISL, 15, 16
ISL, 15, 26
ISL, 16, 17
ISL, 16, 27
ISL, 17, 18
ISL, 17, 28
ISL, 18, 19
ISL, 18, 29
ISL, 19, 20
ISL, 19, 30
ISL, 20, 21
ISL, 20, 31
ISL, 21, 22
ISL, 21, 32
ISL, 22, 23
ISL, 22, 33
ISL, 23, 12
ISL, 23, 34
ISL, 24, 25
ISL, 24, 47
ISL, 25, 26
ISL, 25, 36
ISL, 26, 27
ISL, 26, 37
ISL, 27, 28
ISL, 27, 38
ISL, 28, 29
ISL, 28, 39
ISL, 29, 30
ISL, 29, 40
ISL, 30, 31
ISL, 30, 41
ISL, 31, 32
ISL, 31, 42
ISL, 32, 33
ISL, 32, 43
ISL, 33, 34
ISL, 33, 44
ISL, 34, 35
ISL, 34, 45
ISL, 35, 24
ISL, 35, 46
ISL, 36, 37
ISL, 36, 59
ISL, 37, 38
ISL, 37, 48
ISL, 38, 39
ISL, 38, 49
ISL, 39, 40
ISL, 39, 50
ISL, 40, 41
ISL, 40, 50
ISL, 41, 42
ISL, 41, 52
ISL, 42, 43
ISL, 42, 53
ISL, 43, 44
ISL, 43, 54
ISL, 44, 45
ISL, 44, 55
ISL, 45, 46
ISL, 45, 56
ISL, 46, 47
ISL, 46, 56
ISL, 47, 36
ISL, 47, 58
ISL, 48, 49
ISL, 48, 71
ISL, 49, 50
ISL, 49, 60
ISL, 50, 51
ISL, 50, 61
ISL, 51, 52
ISL, 51, 62
ISL, 52, 53
ISL, 52, 63
ISL, 53, 54
ISL, 53, 64
ISL, 54, 55
ISL, 54, 65
ISL, 55, 56
ISL, 55, 66
ISL, 56, 57
ISL, 56, 67
ISL, 57, 58
ISL, 57, 68
ISL, 58, 59
ISL, 58, 69
ISL, 59, 48
ISL, 59, 70
ISL, 60, 61
ISL, 60, 83
ISL, 61, 62
ISL, 61, 72
ISL, 62, 63
ISL, 62, 73
ISL, 63, 64
ISL, 63, 73
ISL, 64, 65
ISL, 64, 75
ISL, 65, 66
ISL, 65, 76
ISL, 66, 67
ISL, 66, 77
ISL, 67, 68
ISL, 67, 78
ISL, 68, 69
ISL, 68, 79
ISL, 69, 70
ISL, 69, 79
ISL, 70, 71
ISL, 70, 81
ISL, 71, 60
ISL, 71, 82
ISL, 72, 73
ISL, 72, 95
ISL, 73, 74
ISL, 73, 84
ISL, 74, 75
ISL, 74, 85
ISL, 75, 76
ISL, 75, 85
ISL, 76, 77
ISL, 76, 87
ISL, 77, 78
ISL, 77, 88
ISL, 78, 79
ISL, 78, 89
ISL, 79, 80
ISL, 79, 90
ISL, 80, 81
ISL, 80, 91
ISL, 81, 82
ISL, 81, 91
ISL, 82, 83
ISL, 82, 93
ISL, 83, 72
ISL, 83, 94
ISL, 84, 85
ISL, 84, 2
ISL, 85, 86
ISL, 85, 3
ISL, 86, 87
ISL, 86, 4
ISL, 87, 88
ISL, 87, 5
ISL, 88, 89
ISL, 88, 6
ISL, 89, 90
ISL, 89, 7
ISL, 90, 91
ISL, 90, 8
ISL, 91, 92
ISL, 91, 9
ISL, 92, 93
ISL, 92, 10
ISL, 93, 94
ISL, 93, 11
ISL, 94, 95
ISL, 94, 0
ISL, 95, 84
ISL, 95, 1
