[METADATA]
Time: 2026-04-12 02:55:43
Step: 23
Total_Sats: 96

[NODES]
ID, Name, Lat(deg), Lon(deg), Alt(km)
0, W-00-00, 13.54396, 126.13215, 494.027
1, W-00-01, 35.87325, 148.52942, 500.168
2, W-00-02, 51.25248, -175.32664, 505.830
3, W-00-03, 49.98912, -127.40349, 505.367
4, W-00-04, 33.20096, -93.60575, 499.240
5, W-00-05, 10.45367, -72.20259, 493.562
6, W-00-06, -13.54396, -53.86785, 494.027
7, W-00-07, -35.87325, -31.47058, 500.168
8, W-00-08, -51.25248, 4.67336, 505.830
9, W-00-09, -49.98912, 52.59651, 505.367
10, W-00-10, -33.20096, 86.39425, 499.240
11, W-00-11, -10.45367, 107.79741, 493.562
12, W-01-00, 22.29657, 178.62284, 495.920
13, W-01-01, 42.92351, -155.11598, 502.739
14, W-01-02, 53.13371, -112.25196, 506.512
15, W-01-03, 44.91490, -67.56228, 503.481
16, W-01-04, 25.02547, -39.72420, 496.665
17, W-01-05, 1.44744, -20.34492, 492.877
18, W-01-06, -22.29657, -1.37716, 495.920
19, W-01-07, -42.92351, 24.88402, 502.739
20, W-01-08, -53.13371, 67.74804, 506.512
21, W-01-09, -44.91490, 112.43772, 503.481
22, W-01-10, -25.02547, 140.27580, 496.665
23, W-01-11, -1.44744, 159.65508, 492.877
24, W-02-00, 30.64997, -127.91631, 498.388
25, W-02-01, 48.57793, -96.18178, 504.846
26, W-02-02, 52.15328, -48.80265, 506.158
27, W-02-03, 38.24894, -10.44211, 501.019
28, W-02-04, 16.37785, 13.02496, 494.551
29, W-02-05, -7.58021, 31.45877, 493.232
30, W-02-06, -30.64997, 52.08369, 498.388
31, W-02-07, -48.57793, 83.81822, 504.846
32, W-02-08, -52.15328, 131.19735, 506.158
33, W-02-09, -38.24894, 169.55789, 501.019
34, W-02-10, -16.37785, -166.97504, 494.551
35, W-02-11, 7.58021, -148.54123, 493.232
36, W-03-00, 38.34408, -72.93580, 501.053
37, W-03-01, 52.18440, -34.48453, 506.169
38, W-03-02, 48.51551, 12.86158, 504.823
39, W-03-03, 30.54402, 44.51438, 498.354
40, W-03-04, 7.46226, 65.11018, 493.221
41, W-03-05, -16.49336, 83.55008, 494.574
42, W-03-06, -38.34408, 107.06420, 501.053
43, W-03-07, -52.18440, 145.51547, 506.169
44, W-03-08, -48.51551, -167.13842, 504.823
45, W-03-09, -30.54402, -135.48562, 498.354
46, W-03-10, -7.46226, -114.88982, 493.221
47, W-03-11, 16.49336, -96.44992, 494.574
48, W-04-00, 44.99314, -15.78290, 503.511
49, W-04-01, 53.12732, 28.97526, 506.509
50, W-04-02, 42.83881, 71.75901, 502.707
51, W-04-03, 22.18391, 97.95924, 495.891
52, W-04-04, -1.56597, 116.91240, 492.879
53, W-04-05, -25.13626, 136.31082, 496.697
54, W-04-06, -44.99314, 164.21710, 503.511
55, W-04-07, -53.12732, -151.02474, 506.509
56, W-04-08, -42.83881, -108.24099, 502.707
57, W-04-09, -22.18391, -82.04076, 495.891
58, W-04-10, 1.56597, -63.08760, 492.879
59, W-04-11, 25.13626, -43.68918, 496.697
60, W-05-00, 50.04209, 44.09558, 505.387
61, W-05-01, 51.20998, 92.02999, 505.815
62, W-05-02, 35.77393, 128.08368, 500.133
63, W-05-03, 13.42741, 150.44031, 494.008
64, W-05-04, -10.57102, 168.77302, 493.577
65, W-05-05, -33.30386, -169.78913, 499.275
66, W-05-06, -50.04209, -135.90442, 505.387
67, W-05-07, -51.20998, -87.97001, 505.815
68, W-05-08, -35.77393, -51.91632, 500.133
69, W-05-09, -13.42741, -29.55969, 494.008
70, W-05-10, 10.57102, -11.22698, 493.577
71, W-05-11, 33.30386, 10.21087, 499.275
72, W-06-00, 52.81667, 106.56539, 506.398
73, W-06-01, 46.81540, 152.80887, 504.190
74, W-06-02, 27.81530, -177.53240, 497.490
75, W-06-03, 4.45849, -157.60818, 492.991
76, W-06-04, -19.41313, -138.95833, 495.209
77, W-06-05, -40.70028, -114.15930, 501.915
78, W-06-06, -52.81667, -73.43461, 506.398
79, W-06-07, -46.81540, -27.19113, 504.190
80, W-06-08, -27.81530, 2.46760, 497.490
81, W-06-09, -4.45849, 22.39182, 492.991
82, W-06-10, 19.41313, 41.04167, 495.209
83, W-06-11, 40.70028, 65.84070, 501.915
84, W-07-00, 52.79767, 170.15429, 506.391
85, W-07-01, 40.60997, -149.20862, 501.882
86, W-07-02, 19.29891, -124.46344, 495.182
87, W-07-03, -4.57683, -105.82386, 492.998
88, W-07-04, -27.92386, -85.87567, 497.524
89, W-07-05, -46.88624, -56.14167, 504.217
90, W-07-06, -52.79767, -9.84571, 506.391
91, W-07-07, -40.60997, 30.79138, 501.882
92, W-07-08, -19.29891, 55.53656, 495.182
93, W-07-09, 4.57683, 74.17614, 492.998
94, W-07-10, 27.92386, 94.12433, 497.524
95, W-07-11, 46.88624, 123.85833, 504.217

[LINKS]
Type, SourceID, TargetID
ISL, 0, 1
ISL, 0, 23
ISL, 1, 2
ISL, 1, 12
ISL, 2, 3
ISL, 2, 13
ISL, 3, 4
ISL, 3, 14
ISL, 4, 5
ISL, 4, 15
ISL, 5, 6
ISL, 5, 15
ISL, 6, 7
ISL, 6, 17
ISL, 7, 8
ISL, 7, 18
ISL, 8, 9
ISL, 8, 19
ISL, 9, 10
ISL, 9, 20
ISL, 10, 11
ISL, 10, 21
ISL, 11, 0
ISL, 11, 21
ISL, 12, 13
ISL, 12, 35
ISL, 13, 14
ISL, 13, 24
ISL, 14, 15
ISL, 14, 25
ISL, 15, 16
ISL, 15, 26
ISL, 16, 17
ISL, 16, 27
ISL, 17, 18
ISL, 17, 28
ISL, 18, 19
ISL, 18, 29
ISL, 19, 20
ISL, 19, 30
ISL, 20, 21
ISL, 20, 31
ISL, 21, 22
ISL, 21, 32
ISL, 22, 23
ISL, 22, 33
ISL, 23, 12
ISL, 23, 34
ISL, 24, 25
ISL, 24, 47
ISL, 25, 26
ISL, 25, 36
ISL, 26, 27
ISL, 26, 37
ISL, 27, 28
ISL, 27, 38
ISL, 28, 29
ISL, 28, 39
ISL, 29, 30
ISL, 29, 40
ISL, 30, 31
ISL, 30, 41
ISL, 31, 32
ISL, 31, 42
ISL, 32, 33
ISL, 32, 43
ISL, 33, 34
ISL, 33, 44
ISL, 34, 35
ISL, 34, 45
ISL, 35, 24
ISL, 35, 46
ISL, 36, 37
ISL, 36, 59
ISL, 37, 38
ISL, 37, 48
ISL, 38, 39
ISL, 38, 49
ISL, 39, 40
ISL, 39, 50
ISL, 40, 41
ISL, 40, 50
ISL, 41, 42
ISL, 41, 52
ISL, 42, 43
ISL, 42, 53
ISL, 43, 44
ISL, 43, 54
ISL, 44, 45
ISL, 44, 55
ISL, 45, 46
ISL, 45, 56
ISL, 46, 47
ISL, 46, 56
ISL, 47, 36
ISL, 47, 58
ISL, 48, 49
ISL, 48, 71
ISL, 49, 50
ISL, 49, 60
ISL, 50, 51
ISL, 50, 61
ISL, 51, 52
ISL, 51, 62
ISL, 52, 53
ISL, 52, 63
ISL, 53, 54
ISL, 53, 64
ISL, 54, 55
ISL, 54, 65
ISL, 55, 56
ISL, 55, 66
ISL, 56, 57
ISL, 56, 67
ISL, 57, 58
ISL, 57, 68
ISL, 58, 59
ISL, 58, 69
ISL, 59, 48
ISL, 59, 70
ISL, 60, 61
ISL, 60, 83
ISL, 61, 62
ISL, 61, 72
ISL, 62, 63
ISL, 62, 73
ISL, 63, 64
ISL, 63, 73
ISL, 64, 65
ISL, 64, 75
ISL, 65, 66
ISL, 65, 76
ISL, 66, 67
ISL, 66, 77
ISL, 67, 68
ISL, 67, 78
ISL, 68, 69
ISL, 68, 79
ISL, 69, 70
ISL, 69, 79
ISL, 70, 71
ISL, 70, 81
ISL, 71, 60
ISL, 71, 82
ISL, 72, 73
ISL, 72, 95
ISL, 73, 74
ISL, 73, 84
ISL, 74, 75
ISL, 74, 85
ISL, 75, 76
ISL, 75, 85
ISL, 76, 77
ISL, 76, 87
ISL, 77, 78
ISL, 77, 88
ISL, 78, 79
ISL, 78, 89
ISL, 79, 80
ISL, 79, 90
ISL, 80, 81
ISL, 80, 91
ISL, 81, 82
ISL, 81, 91
ISL, 82, 83
ISL, 82, 93
ISL, 83, 72
ISL, 83, 94
ISL, 84, 85
ISL, 84, 2
ISL, 85, 86
ISL, 85, 3
ISL, 86, 87
ISL, 86, 4
ISL, 87, 88
ISL, 87, 5
ISL, 88, 89
ISL, 88, 6
ISL, 89, 90
ISL, 89, 7
ISL, 90, 91
ISL, 90, 8
ISL, 91, 92
ISL, 91, 9
ISL, 92, 93
ISL, 92, 10
ISL, 93, 94
ISL, 93, 11
ISL, 94, 95
ISL, 94, 0
ISL, 95, 84
ISL, 95, 1
