[METADATA]
Time: 2026-04-12 03:07:43
Step: 47
Total_Sats: 96

[NODES]
ID, Name, Lat(deg), Lon(deg), Alt(km)
0, W-00-00, 45.37587, 162.08686, 503.653
1, W-00-01, 53.08838, -152.82469, 506.495
2, W-00-02, 42.41667, -110.44308, 502.551
3, W-00-03, 21.62604, -84.54002, 495.748
4, W-00-04, -2.15183, -65.65648, 492.893
5, W-00-05, -25.68271, -46.16070, 496.854
6, W-00-06, -45.37587, -17.91314, 503.653
7, W-00-07, -53.08838, 27.17531, 506.495
8, W-00-08, -42.41667, 69.55692, 502.551
9, W-00-09, -21.62604, 95.45998, 495.748
10, W-00-10, 2.15183, 114.34352, 492.893
11, W-00-11, 25.68271, 133.83930, 496.854
12, W-01-00, 50.29815, -137.85063, 505.481
13, W-01-01, 50.99356, -89.87348, 505.736
14, W-01-02, 35.28078, -54.26467, 499.959
15, W-01-03, 12.85076, -32.10541, 493.913
16, W-01-04, -11.15073, -13.78036, 493.657
17, W-01-05, -33.81055, 7.83225, 499.448
18, W-01-06, -50.29815, 42.14937, 505.481
19, W-01-07, -50.99356, 90.12652, 505.736
20, W-01-08, -35.28078, 125.73533, 499.959
21, W-01-09, -12.85076, 147.89459, 493.913
22, W-01-10, 11.15073, 166.21964, 493.657
23, W-01-11, 33.81055, -172.16775, 499.448
24, W-02-00, 52.90338, -75.24828, 506.429
25, W-02-01, 46.46072, -29.27444, 504.058
26, W-02-02, 27.27724, 0.01619, 497.327
27, W-02-03, 3.87336, 19.82478, 492.960
28, W-02-04, -19.97693, 38.52787, 495.342
29, W-02-05, -41.14365, 63.59712, 502.079
30, W-02-06, -52.90338, 104.75172, 506.429
31, W-02-07, -46.46072, 150.72556, 504.058
32, W-02-08, -27.27724, -179.98381, 497.327
33, W-02-09, -3.87336, -160.17522, 492.960
34, W-02-10, 19.97693, -141.47213, 495.342
35, W-02-11, 41.14365, -116.40288, 502.079
36, W-03-00, 52.69661, -11.66554, 506.354
37, W-03-01, 40.16058, 28.53568, 501.717
38, W-03-02, 18.73347, 53.01871, 495.053
39, W-03-03, -5.16163, 71.60995, 493.035
40, W-03-04, -28.45913, 91.67953, 497.689
41, W-03-05, -47.23180, 121.78954, 504.345
42, W-03-06, -52.69661, 168.33446, 506.354
43, W-03-07, -40.16058, -151.46432, 501.717
44, W-03-08, -18.73347, -126.98129, 495.053
45, W-03-09, 5.16163, -108.39005, 493.035
46, W-03-10, 28.45913, -88.32047, 497.689
47, W-03-11, 47.23180, -58.21046, 504.345
48, W-04-00, 49.72154, 50.63655, 505.268
49, W-04-01, 32.69045, 84.00696, 499.066
50, W-04-02, 9.87315, 105.24201, 493.487
51, W-04-03, -14.11955, 123.58909, 494.126
52, W-04-04, -36.36193, 146.19088, 500.341
53, W-04-05, -51.45624, -177.21798, 505.905
54, W-04-06, -49.72154, -129.36345, 505.268
55, W-04-07, -32.69045, -95.99304, 499.066
56, W-04-08, -9.87315, -74.75799, 493.487
57, W-04-09, 14.11955, -56.41091, 494.126
58, W-04-10, 36.36193, -33.80912, 500.341
59, W-04-11, 51.45624, 2.78202, 505.905
60, W-05-00, 44.52418, 110.29345, 503.336
61, W-05-01, 24.47666, 137.79859, 496.510
62, W-05-02, 0.86146, 157.08592, 492.868
63, W-05-03, -22.85247, 176.12842, 496.067
64, W-05-04, -43.33870, -157.30491, 502.894
65, W-05-05, -53.15792, -114.04979, 506.520
66, W-05-06, -44.52418, -69.70655, 503.336
67, W-05-07, -24.47666, -42.20141, 496.510
68, W-05-08, -0.86146, -22.91408, 492.868
69, W-05-09, 22.85247, -3.87158, 496.067
70, W-05-10, 43.33870, 22.69509, 502.894
71, W-05-11, 53.15792, 65.95021, 506.520
72, W-06-00, 37.77603, 167.25338, 500.848
73, W-06-01, 15.80619, -169.50830, 494.438
74, W-06-02, -8.16297, -151.10228, 493.291
75, W-06-03, -31.17208, -130.33025, 498.559
76, W-06-04, -48.88131, -98.18830, 504.958
77, W-06-05, -51.99265, -50.65811, 506.100
78, W-06-06, -37.77603, -12.74662, 500.848
79, W-06-07, -15.80619, 10.49170, 494.438
80, W-06-08, 8.16297, 28.89772, 493.291
81, W-06-09, 31.17208, 49.66975, 498.559
82, W-06-10, 48.88131, 81.81170, 504.958
83, W-06-11, 51.99265, 129.34189, 506.100
84, W-07-00, 30.01864, -137.90716, 498.184
85, W-07-01, 6.87893, -117.45230, 493.167
86, W-07-02, -17.06368, -98.97985, 494.691
87, W-07-03, -38.81180, -75.22934, 501.223
88, W-07-04, -52.33140, -36.33040, 506.222
89, W-07-05, -48.20181, 10.84056, 504.706
90, W-07-06, -30.01864, 42.09284, 498.184
91, W-07-07, -6.87893, 62.54770, 493.167
92, W-07-08, 17.06368, 81.02015, 494.691
93, W-07-09, 38.81180, 104.77066, 501.223
94, W-07-10, 52.33140, 143.66960, 506.222
95, W-07-11, 48.20181, -169.15944, 504.706

[LINKS]
Type, SourceID, TargetID
ISL, 0, 1
ISL, 0, 23
ISL, 1, 2
ISL, 1, 12
ISL, 2, 3
ISL, 2, 13
ISL, 3, 4
ISL, 3, 14
ISL, 4, 5
ISL, 4, 15
ISL, 5, 6
ISL, 5, 15
ISL, 6, 7
ISL, 6, 17
ISL, 7, 8
ISL, 7, 18
ISL, 8, 9
ISL, 8, 19
ISL, 9, 10
ISL, 9, 20
ISL, 10, 11
ISL, 10, 21
ISL, 11, 0
ISL, 11, 21
ISL, 12, 13
ISL, 12, 35
ISL, 13, 14
ISL, 13, 24
ISL, 14, 15
ISL, 14, 25
ISL, 15, 16
ISL, 15, 26
ISL, 16, 17
ISL, 16, 27
ISL, 17, 18
ISL, 17, 28
ISL, 18, 19
ISL, 18, 29
ISL, 19, 20
ISL, 19, 30
ISL, 20, 21
ISL, 20, 31
ISL, 21, 22
ISL, 21, 32
ISL, 22, 23
ISL, 22, 33
ISL, 23, 12
ISL, 23, 34
ISL, 24, 25
ISL, 24, 47
ISL, 25, 26
ISL, 25, 36
ISL, 26, 27
ISL, 26, 37
ISL, 27, 28
ISL, 27, 38
ISL, 28, 29
ISL, 28, 39
ISL, 29, 30
ISL, 29, 40
ISL, 30, 31
ISL, 30, 41
ISL, 31, 32
ISL, 31, 42
ISL, 32, 33
ISL, 32, 43
ISL, 33, 34
ISL, 33, 44
ISL, 34, 35
ISL, 34, 45
ISL, 35, 24
ISL, 35, 46
ISL, 36, 37
ISL, 36, 59
ISL, 37, 38
ISL, 37, 48
ISL, 38, 39
ISL, 38, 49
ISL, 39, 40
ISL, 39, 50
ISL, 40, 41
ISL, 40, 50
ISL, 41, 42
ISL, 41, 52
ISL, 42, 43
ISL, 42, 53
ISL, 43, 44
ISL, 43, 54
ISL, 44, 45
ISL, 44, 55
ISL, 45, 46
ISL, 45, 56
ISL, 46, 47
ISL, 46, 56
ISL, 47, 36
ISL, 47, 58
ISL, 48, 49
ISL, 48, 71
ISL, 49, 50
ISL, 49, 60
ISL, 50, 51
ISL, 50, 61
ISL, 51, 52
ISL, 51, 62
ISL, 52, 53
ISL, 52, 63
ISL, 53, 54
ISL, 53, 64
ISL, 54, 55
ISL, 54, 65
ISL, 55, 56
ISL, 55, 66
ISL, 56, 57
ISL, 56, 67
ISL, 57, 58
ISL, 57, 68
ISL, 58, 59
ISL, 58, 69
ISL, 59, 48
ISL, 59, 70
ISL, 60, 61
ISL, 60, 83
ISL, 61, 62
ISL, 61, 72
ISL, 62, 63
ISL, 62, 73
ISL, 63, 64
ISL, 63, 73
ISL, 64, 65
ISL, 64, 75
ISL, 65, 66
ISL, 65, 76
ISL, 66, 67
ISL, 66, 77
ISL, 67, 68
ISL, 67, 78
ISL, 68, 69
ISL, 68, 79
ISL, 69, 70
ISL, 69, 79
ISL, 70, 71
ISL, 70, 81
ISL, 71, 60
ISL, 71, 82
ISL, 72, 73
ISL, 72, 95
ISL, 73, 74
ISL, 73, 84
ISL, 74, 75
ISL, 74, 85
ISL, 75, 76
ISL, 75, 85
ISL, 76, 77
ISL, 76, 87
ISL, 77, 78
ISL, 77, 88
ISL, 78, 79
ISL, 78, 89
ISL, 79, 80
ISL, 79, 90
ISL, 80, 81
ISL, 80, 91
ISL, 81, 82
ISL, 81, 91
ISL, 82, 83
ISL, 82, 93
ISL, 83, 72
ISL, 83, 94
ISL, 84, 85
ISL, 84, 2
ISL, 85, 86
ISL, 85, 3
ISL, 86, 87
ISL, 86, 4
ISL, 87, 88
ISL, 87, 5
ISL, 88, 89
ISL, 88, 6
ISL, 89, 90
ISL, 89, 7
ISL, 90, 91
ISL, 90, 8
ISL, 91, 92
ISL, 91, 9
ISL, 92, 93
ISL, 92, 10
ISL, 93, 94
ISL, 93, 11
ISL, 94, 95
ISL, 94, 0
ISL, 95, 84
ISL, 95, 1
