[METADATA]
Time: 2026-04-12 03:08:13
Step: 48
Total_Sats: 96

[NODES]
ID, Name, Lat(deg), Lon(deg), Alt(km)
0, W-00-00, 46.34306, 164.31132, 504.014
1, W-00-01, 52.92914, -149.80666, 506.438
2, W-00-02, 41.28759, -108.51265, 502.132
3, W-00-03, 20.16108, -83.35352, 495.386
4, W-00-04, -3.68187, -64.63212, 492.950
5, W-00-05, -27.10072, -44.86033, 497.273
6, W-00-06, -46.34306, -15.68868, 504.014
7, W-00-07, -52.92914, 30.19334, 506.438
8, W-00-08, -41.28759, 71.48735, 502.132
9, W-00-09, -20.16108, 96.64648, 495.386
10, W-00-10, 3.68187, 115.36788, 492.950
11, W-00-11, 27.10072, 135.13967, 497.273
12, W-01-00, 50.92050, -135.14884, 505.709
13, W-01-01, 50.37981, -87.16241, 505.511
14, W-01-02, 33.97561, -52.70298, 499.505
15, W-01-03, 11.34024, -31.03197, 493.684
16, W-01-04, -12.66191, -12.70859, 493.883
17, W-01-05, -35.11866, 9.38738, 499.903
18, W-01-06, -50.92050, 44.85116, 505.709
19, W-01-07, -50.37981, 92.83759, 505.511
20, W-01-08, -33.97561, 127.29702, 499.505
21, W-01-09, -11.34024, 148.96803, 493.684
22, W-01-10, 12.66191, 167.29141, 493.883
23, W-01-11, 35.11866, -170.61262, 499.903
24, W-02-00, 53.07299, -72.23323, 506.490
25, W-02-01, 45.49960, -27.03979, 503.700
26, W-02-02, 25.86105, 1.32092, 496.906
27, W-02-03, 2.34348, 20.84954, 492.898
28, W-02-04, -21.44317, 39.71121, 495.701
29, W-02-05, -42.27733, 65.51856, 502.499
30, W-02-06, -53.07299, 107.76677, 506.490
31, W-02-07, -45.49960, 152.96021, 503.700
32, W-02-08, -25.86105, -178.67908, 496.906
33, W-02-09, -2.34348, -159.15046, 492.898
34, W-02-10, 21.44317, -140.28879, 495.701
35, W-02-11, 42.27733, -114.48144, 502.499
36, W-03-00, 52.37701, -8.71465, 506.239
37, W-03-01, 38.96387, 30.33037, 501.279
38, W-03-02, 17.25002, 54.15961, 494.730
39, W-03-03, -6.68799, 72.64357, 493.151
40, W-03-04, -29.84618, 93.05342, 498.128
41, W-03-05, -48.09735, 124.17595, 504.667
42, W-03-06, -52.37701, 171.28535, 506.239
43, W-03-07, -38.96387, -149.66963, 501.279
44, W-03-08, -17.25002, -125.84039, 494.730
45, W-03-09, 6.68799, -107.35643, 493.151
46, W-03-10, 29.84618, -86.94658, 498.128
47, W-03-11, 48.09735, -55.82405, 504.667
48, W-04-00, 48.97867, 53.19483, 504.994
49, W-04-01, 31.34229, 85.47128, 498.615
50, W-04-02, 8.35352, 106.29257, 493.311
51, W-04-03, -15.61893, 124.69036, 494.402
52, W-04-04, -37.62039, 147.85519, 500.792
53, W-04-05, -51.93766, -174.38036, 506.080
54, W-04-06, -48.97867, -126.80517, 504.994
55, W-04-07, -31.34229, -94.52872, 498.615
56, W-04-08, -8.35352, -73.70743, 493.311
57, W-04-09, 15.61893, -55.30964, 494.402
58, W-04-10, 37.62039, -32.14481, 500.792
59, W-04-11, 51.93766, 5.61964, 506.080
60, W-05-00, 43.47325, 112.37131, 502.944
61, W-05-01, 23.03397, 139.03944, 496.115
62, W-05-02, -0.66973, 158.10733, 492.866
63, W-05-03, -24.29669, 177.36554, 496.460
64, W-05-04, -44.39494, -155.23673, 503.287
65, W-05-05, -53.16317, -111.00960, 506.522
66, W-05-06, -43.47325, -67.62869, 502.944
67, W-05-07, -23.03397, -40.96056, 496.115
68, W-05-08, 0.66973, -21.89267, 492.866
69, W-05-09, 24.29669, -2.63446, 496.460
70, W-05-10, 44.39494, 24.76327, 503.287
71, W-05-11, 53.16317, 68.99040, 506.522
72, W-06-00, 36.52099, 168.92508, 500.398
73, W-06-01, 14.30766, -168.40491, 494.159
74, W-06-02, -9.68309, -150.05294, 493.463
75, W-06-03, -32.52275, -128.87171, 499.010
76, W-06-04, -49.63195, -95.64013, 505.235
77, W-06-05, -51.52059, -47.81269, 505.928
78, W-06-06, -36.52099, -11.07492, 500.398
79, W-06-07, -14.30766, 11.59509, 494.159
80, W-06-08, 9.68309, 29.94706, 493.463
81, W-06-09, 32.52275, 51.12829, 499.010
82, W-06-10, 49.63195, 84.35987, 505.235
83, W-06-11, 51.52059, 132.18731, 505.928
84, W-07-00, 28.63374, -136.52822, 497.744
85, W-07-01, 5.35289, -116.41788, 493.048
86, W-07-02, -18.54819, -97.84157, 495.012
87, W-07-03, -40.01249, -73.44287, 501.662
88, W-07-04, -52.66097, -33.38517, 506.341
89, W-07-05, -47.34317, 13.23735, 504.387
90, W-07-06, -28.63374, 43.47178, 497.744
91, W-07-07, -5.35289, 63.58212, 493.048
92, W-07-08, 18.54819, 82.15843, 495.012
93, W-07-09, 40.01249, 106.55713, 501.662
94, W-07-10, 52.66097, 146.61483, 506.341
95, W-07-11, 47.34317, -166.76265, 504.387

[LINKS]
Type, SourceID, TargetID
ISL, 0, 1
ISL, 0, 23
ISL, 1, 2
ISL, 1, 12
ISL, 2, 3
ISL, 2, 13
ISL, 3, 4
ISL, 3, 14
ISL, 4, 5
ISL, 4, 15
ISL, 5, 6
ISL, 5, 15
ISL, 6, 7
ISL, 6, 17
ISL, 7, 8
ISL, 7, 18
ISL, 8, 9
ISL, 8, 19
ISL, 9, 10
ISL, 9, 20
ISL, 10, 11
ISL, 10, 21
ISL, 11, 0
ISL, 11, 21
ISL, 12, 13
ISL, 12, 35
ISL, 13, 14
ISL, 13, 24
ISL, 14, 15
ISL, 14, 25
ISL, 15, 16
ISL, 15, 26
ISL, 16, 17
ISL, 16, 27
ISL, 17, 18
ISL, 17, 28
ISL, 18, 19
ISL, 18, 29
ISL, 19, 20
ISL, 19, 30
ISL, 20, 21
ISL, 20, 31
ISL, 21, 22
ISL, 21, 32
ISL, 22, 23
ISL, 22, 33
ISL, 23, 12
ISL, 23, 34
ISL, 24, 25
ISL, 24, 47
ISL, 25, 26
ISL, 25, 36
ISL, 26, 27
ISL, 26, 37
ISL, 27, 28
ISL, 27, 38
ISL, 28, 29
ISL, 28, 39
ISL, 29, 30
ISL, 29, 40
ISL, 30, 31
ISL, 30, 41
ISL, 31, 32
ISL, 31, 42
ISL, 32, 33
ISL, 32, 43
ISL, 33, 34
ISL, 33, 44
ISL, 34, 35
ISL, 34, 45
ISL, 35, 24
ISL, 35, 46
ISL, 36, 37
ISL, 36, 59
ISL, 37, 38
ISL, 37, 48
ISL, 38, 39
ISL, 38, 49
ISL, 39, 40
ISL, 39, 50
ISL, 40, 41
ISL, 40, 50
ISL, 41, 42
ISL, 41, 52
ISL, 42, 43
ISL, 42, 53
ISL, 43, 44
ISL, 43, 54
ISL, 44, 45
ISL, 44, 55
ISL, 45, 46
ISL, 45, 56
ISL, 46, 47
ISL, 46, 56
ISL, 47, 36
ISL, 47, 58
ISL, 48, 49
ISL, 48, 71
ISL, 49, 50
ISL, 49, 60
ISL, 50, 51
ISL, 50, 61
ISL, 51, 52
ISL, 51, 62
ISL, 52, 53
ISL, 52, 63
ISL, 53, 54
ISL, 53, 64
ISL, 54, 55
ISL, 54, 65
ISL, 55, 56
ISL, 55, 66
ISL, 56, 57
ISL, 56, 67
ISL, 57, 58
ISL, 57, 68
ISL, 58, 59
ISL, 58, 69
ISL, 59, 48
ISL, 59, 70
ISL, 60, 61
ISL, 60, 83
ISL, 61, 62
ISL, 61, 72
ISL, 62, 63
ISL, 62, 73
ISL, 63, 64
ISL, 63, 73
ISL, 64, 65
ISL, 64, 75
ISL, 65, 66
ISL, 65, 76
ISL, 66, 67
ISL, 66, 77
ISL, 67, 68
ISL, 67, 78
ISL, 68, 69
ISL, 68, 79
ISL, 69, 70
ISL, 69, 79
ISL, 70, 71
ISL, 70, 81
ISL, 71, 60
ISL, 71, 82
ISL, 72, 73
ISL, 72, 95
ISL, 73, 74
ISL, 73, 84
ISL, 74, 75
ISL, 74, 85
ISL, 75, 76
ISL, 75, 85
ISL, 76, 77
ISL, 76, 87
ISL, 77, 78
ISL, 77, 88
ISL, 78, 79
ISL, 78, 89
ISL, 79, 80
ISL, 79, 90
ISL, 80, 81
ISL, 80, 91
ISL, 81, 82
ISL, 81, 91
ISL, 82, 83
ISL, 82, 93
ISL, 83, 72
ISL, 83, 94
ISL, 84, 85
ISL, 84, 2
ISL, 85, 86
ISL, 85, 3
ISL, 86, 87
ISL, 86, 4
ISL, 87, 88
ISL, 87, 5
ISL, 88, 89
ISL, 88, 6
ISL, 89, 90
ISL, 89, 7
ISL, 90, 91
ISL, 90, 8
ISL, 91, 92
ISL, 91, 9
ISL, 92, 93
ISL, 92, 10
ISL, 93, 94
ISL, 93, 11
ISL, 94, 95
ISL, 94, 0
ISL, 95, 84
ISL, 95, 1
