[METADATA]
Time: 2026-04-12 03:21:43
Step: 75
Total_Sats: 96

[NODES]
ID, Name, Lat(deg), Lon(deg), Alt(km)
0, W-00-00, 46.03759, -121.72017, 503.900
1, W-00-01, 26.64670, -92.85051, 497.137
2, W-00-02, 3.19040, -73.17085, 492.929
3, W-00-03, -20.63289, -54.40045, 495.500
4, W-00-04, -41.65438, -29.00739, 502.268
5, W-00-05, -52.98934, 12.64132, 506.460
6, W-00-06, -46.03759, 58.27983, 503.900
7, W-00-07, -26.64670, 87.14949, 497.137
8, W-00-08, -3.19040, 106.82915, 492.929
9, W-00-09, 20.63289, 125.59955, 495.500
10, W-00-10, 41.65438, 150.99261, 502.268
11, W-00-11, 52.98934, -167.35868, 506.460
12, W-01-00, 39.63017, -64.10843, 501.522
13, W-01-01, 18.07213, -39.92286, 494.906
14, W-01-02, -5.84349, -21.38291, 493.083
15, W-01-03, -29.08058, -1.16556, 497.884
16, W-01-04, -47.62507, 29.39127, 504.492
17, W-01-05, -52.56376, 76.20396, 506.306
18, W-01-06, -39.63017, 115.89157, 501.522
19, W-01-07, -18.07213, 140.07714, 494.906
20, W-01-08, 5.84349, 158.61709, 493.083
21, W-01-09, 29.08058, 178.83444, 497.884
22, W-01-10, 47.62507, -150.60873, 504.492
23, W-01-11, 52.56376, -103.79604, 506.306
24, W-02-00, 32.09097, -8.78707, 498.864
25, W-02-01, 9.19509, 12.25872, 493.405
26, W-02-02, -14.78989, 30.62513, 494.246
27, W-02-03, -36.92722, 53.47316, 500.543
28, W-02-04, -51.68042, 90.58769, 505.986
29, W-02-05, -49.39753, 138.33522, 505.149
30, W-02-06, -32.09097, 171.21293, 498.864
31, W-02-07, -9.19509, -167.74128, 493.405
32, W-02-08, 14.78989, -149.37487, 494.246
33, W-02-09, 36.92722, -126.52684, 500.543
34, W-02-10, 51.68042, -89.41231, 505.986
35, W-02-11, 49.39753, -41.66478, 505.149
36, W-03-00, 23.83400, 44.90275, 496.332
37, W-03-01, 0.17776, 64.08840, 492.863
38, W-03-02, -23.49885, 83.22355, 496.240
39, W-03-03, -43.81554, 110.15542, 503.071
40, W-03-04, -53.17063, 153.85398, 506.525
41, W-03-05, -44.06019, -162.22277, 503.162
42, W-03-06, -23.83400, -135.09725, 496.332
43, W-03-07, -0.17776, -115.91160, 492.863
44, W-03-08, 23.49885, -96.77645, 496.240
45, W-03-09, 43.81554, -69.84458, 503.071
46, W-03-10, 53.17063, -26.14602, 506.525
47, W-03-11, 44.06019, 17.77723, 503.162
48, W-04-00, 15.13792, 97.53289, 494.311
49, W-04-01, -8.84221, 115.91146, 493.364
50, W-04-02, -31.77765, 136.86173, 498.760
51, W-04-03, -49.22412, 169.48590, 505.085
52, W-04-04, -51.79113, -142.83356, 506.026
53, W-04-05, -37.21903, -105.44646, 500.648
54, W-04-06, -15.13792, -82.46711, 494.311
55, W-04-07, 8.84221, -64.08854, 493.364
56, W-04-08, 31.77765, -43.13827, 498.760
57, W-04-09, 49.22412, -10.51410, 505.085
58, W-04-10, 51.79113, 37.16644, 506.026
59, W-04-11, 37.21903, 74.55354, 500.648
60, W-05-00, 6.19785, 149.55679, 493.110
61, W-05-01, -17.72758, 168.07224, 494.832
62, W-05-02, -39.35184, -167.89333, 501.420
63, W-05-03, -52.48838, -128.47459, 506.279
64, W-05-04, -47.82526, -81.53261, 504.566
65, W-05-05, -29.40238, -50.74004, 497.986
66, W-05-06, -6.19785, -30.44321, 493.110
67, W-05-07, 17.72758, -11.92776, 494.832
68, W-05-08, 39.35184, 12.10667, 501.420
69, W-05-09, 52.48838, 51.52541, 506.279
70, W-05-10, 47.82526, 98.46739, 504.566
71, W-05-11, 29.40238, 129.25996, 497.986
72, W-06-00, -2.83517, -158.65308, 492.915
73, W-06-01, -26.31767, -139.03795, 497.040
74, W-06-02, -45.81371, -110.38353, 503.817
75, W-06-03, -53.02752, -64.92787, 506.473
76, W-06-04, -41.91708, -23.02580, 502.365
77, W-06-05, -20.97318, 2.53930, 495.584
78, W-06-06, 2.83517, 21.34692, 492.915
79, W-06-07, 26.31767, 40.96205, 497.040
80, W-06-08, 45.81371, 69.61647, 503.817
81, W-06-09, 53.02752, 115.07213, 506.473
82, W-06-10, 41.91708, 156.97420, 502.365
83, W-06-11, 20.97318, -177.46070, 495.584
84, W-07-00, -11.82615, -106.75703, 493.754
85, W-07-01, -34.39753, -84.93341, 499.651
86, W-07-02, -50.58450, -50.10705, 505.586
87, W-07-03, -50.72803, -2.10743, 505.638
88, W-07-04, -34.70092, 32.98556, 499.757
89, W-07-05, -12.17694, 54.92195, 493.807
90, W-07-06, 11.82615, 73.24297, 493.754
91, W-07-07, 34.39753, 95.06659, 499.651
92, W-07-08, 50.58450, 129.89295, 505.586
93, W-07-09, 50.72803, 177.89257, 505.638
94, W-07-10, 34.70092, -147.01444, 499.757
95, W-07-11, 12.17694, -125.07805, 493.807

[LINKS]
Type, SourceID, TargetID
ISL, 0, 1
ISL, 0, 23
ISL, 1, 2
ISL, 1, 12
ISL, 2, 3
ISL, 2, 13
ISL, 3, 4
ISL, 3, 14
ISL, 4, 5
ISL, 4, 15
ISL, 5, 6
ISL, 5, 15
ISL, 6, 7
ISL, 6, 17
ISL, 7, 8
ISL, 7, 18
ISL, 8, 9
ISL, 8, 19
ISL, 9, 10
ISL, 9, 20
ISL, 10, 11
ISL, 10, 21
ISL, 11, 0
ISL, 11, 21
ISL, 12, 13
ISL, 12, 35
ISL, 13, 14
ISL, 13, 24
ISL, 14, 15
ISL, 14, 25
ISL, 15, 16
ISL, 15, 26
ISL, 16, 17
ISL, 16, 27
ISL, 17, 18
ISL, 17, 28
ISL, 18, 19
ISL, 18, 29
ISL, 19, 20
ISL, 19, 30
ISL, 20, 21
ISL, 20, 31
ISL, 21, 22
ISL, 21, 32
ISL, 22, 23
ISL, 22, 33
ISL, 23, 12
ISL, 23, 34
ISL, 24, 25
ISL, 24, 47
ISL, 25, 26
ISL, 25, 36
ISL, 26, 27
ISL, 26, 37
ISL, 27, 28
ISL, 27, 38
ISL, 28, 29
ISL, 28, 39
ISL, 29, 30
ISL, 29, 40
ISL, 30, 31
ISL, 30, 41
ISL, 31, 32
ISL, 31, 42
ISL, 32, 33
ISL, 32, 43
ISL, 33, 34
ISL, 33, 44
ISL, 34, 35
ISL, 34, 45
ISL, 35, 24
ISL, 35, 46
ISL, 36, 37
ISL, 36, 59
ISL, 37, 38
ISL, 37, 48
ISL, 38, 39
ISL, 38, 49
ISL, 39, 40
ISL, 39, 50
ISL, 40, 41
ISL, 40, 50
ISL, 41, 42
ISL, 41, 52
ISL, 42, 43
ISL, 42, 53
ISL, 43, 44
ISL, 43, 54
ISL, 44, 45
ISL, 44, 55
ISL, 45, 46
ISL, 45, 56
ISL, 46, 47
ISL, 46, 56
ISL, 47, 36
ISL, 47, 58
ISL, 48, 49
ISL, 48, 71
ISL, 49, 50
ISL, 49, 60
ISL, 50, 51
ISL, 50, 61
ISL, 51, 52
ISL, 51, 62
ISL, 52, 53
ISL, 52, 63
ISL, 53, 54
ISL, 53, 64
ISL, 54, 55
ISL, 54, 65
ISL, 55, 56
ISL, 55, 66
ISL, 56, 57
ISL, 56, 67
ISL, 57, 58
ISL, 57, 68
ISL, 58, 59
ISL, 58, 69
ISL, 59, 48
ISL, 59, 70
ISL, 60, 61
ISL, 60, 83
ISL, 61, 62
ISL, 61, 72
ISL, 62, 63
ISL, 62, 73
ISL, 63, 64
ISL, 63, 73
ISL, 64, 65
ISL, 64, 75
ISL, 65, 66
ISL, 65, 76
ISL, 66, 67
ISL, 66, 77
ISL, 67, 68
ISL, 67, 78
ISL, 68, 69
ISL, 68, 79
ISL, 69, 70
ISL, 69, 79
ISL, 70, 71
ISL, 70, 81
ISL, 71, 60
ISL, 71, 82
ISL, 72, 73
ISL, 72, 95
ISL, 73, 74
ISL, 73, 84
ISL, 74, 75
ISL, 74, 85
ISL, 75, 76
ISL, 75, 85
ISL, 76, 77
ISL, 76, 87
ISL, 77, 78
ISL, 77, 88
ISL, 78, 79
ISL, 78, 89
ISL, 79, 80
ISL, 79, 90
ISL, 80, 81
ISL, 80, 91
ISL, 81, 82
ISL, 81, 91
ISL, 82, 83
ISL, 82, 93
ISL, 83, 72
ISL, 83, 94
ISL, 84, 85
ISL, 84, 2
ISL, 85, 86
ISL, 85, 3
ISL, 86, 87
ISL, 86, 4
ISL, 87, 88
ISL, 87, 5
ISL, 88, 89
ISL, 88, 6
ISL, 89, 90
ISL, 89, 7
ISL, 90, 91
ISL, 90, 8
ISL, 91, 92
ISL, 91, 9
ISL, 92, 93
ISL, 92, 10
ISL, 93, 94
ISL, 93, 11
ISL, 94, 95
ISL, 94, 0
ISL, 95, 84
ISL, 95, 1
