[METADATA]
Time: 2026-04-12 03:22:13
Step: 76
Total_Sats: 96

[NODES]
ID, Name, Lat(deg), Lon(deg), Alt(km)
0, W-00-00, 45.05502, -119.52173, 503.534
1, W-00-01, 25.22410, -91.56115, 496.722
2, W-00-02, 1.66001, -72.14740, 492.881
3, W-00-03, -22.09448, -53.20570, 495.868
4, W-00-04, -42.77144, -27.05364, 502.682
5, W-00-05, -53.12190, 15.66616, 506.507
6, W-00-06, -45.05502, 60.47827, 503.534
7, W-00-07, -25.22410, 88.43885, 496.722
8, W-00-08, -1.66001, 107.85260, 492.881
9, W-00-09, 22.09448, 126.79430, 495.868
10, W-00-10, 42.77144, 152.94636, 502.682
11, W-00-11, 53.12190, -164.33384, 506.507
12, W-01-00, 38.41945, -62.34279, 501.081
13, W-01-01, 16.58498, -38.79117, 494.593
14, W-01-02, -7.36867, -20.34630, 493.212
15, W-01-03, -30.45987, 0.22653, 498.326
16, W-01-04, -48.46573, 31.81465, 504.804
17, W-01-05, -52.20876, 79.13398, 506.178
18, W-01-06, -38.41945, 117.65721, 501.081
19, W-01-07, -16.58498, 141.20883, 494.593
20, W-01-08, 7.36867, 159.65370, 493.212
21, W-01-09, 30.45987, -179.77347, 498.326
22, W-01-10, 48.46573, -148.18535, 504.804
23, W-01-11, 52.20876, -100.86602, 506.178
24, W-02-00, 30.73396, -7.34315, 498.416
25, W-02-01, 7.67378, 13.30504, 493.241
26, W-02-02, -16.28618, 31.73412, 494.533
27, W-02-03, -38.17332, 55.16405, 500.992
28, W-02-04, -52.12826, 93.45258, 506.149
29, W-02-05, -48.62721, 140.85731, 504.864
30, W-02-06, -30.73396, 172.65685, 498.416
31, W-02-07, -7.67378, -166.69496, 493.241
32, W-02-08, 16.28618, -148.26588, 494.533
33, W-02-09, 38.17332, -124.83595, 500.992
34, W-02-10, 52.12826, -86.54742, 506.149
35, W-02-11, 48.62721, -39.14269, 504.864
36, W-03-00, 22.38591, 46.13047, 495.944
37, W-03-01, -1.35339, 65.10994, 492.875
38, W-03-02, -24.93751, 84.47415, 496.640
39, W-03-03, -44.85263, 112.25833, 503.458
40, W-03-04, -53.13842, 156.89328, 506.513
41, W-03-05, -42.99055, -160.17928, 502.764
42, W-03-06, -22.38591, -133.86953, 495.944
43, W-03-07, 1.35339, -114.89006, 492.875
44, W-03-08, 24.93751, -95.52585, 496.640
45, W-03-09, 44.85263, -67.74167, 503.458
46, W-03-10, 53.13842, -23.10672, 506.513
47, W-03-11, 42.99055, 19.82072, 502.764
48, W-04-00, 13.63640, 98.62884, 494.043
49, W-04-01, -10.36054, 116.96529, 493.549
50, W-04-02, -33.11924, 138.34111, 499.212
51, W-04-03, -49.94681, 172.06996, 505.351
52, W-04-04, -51.28590, -140.01646, 505.842
53, W-04-05, -35.95194, -103.80085, 500.196
54, W-04-06, -13.63640, -81.37116, 494.043
55, W-04-07, 10.36054, -63.03471, 493.549
56, W-04-08, 33.11924, -41.65889, 499.212
57, W-04-09, 49.94681, -7.93004, 505.351
58, W-04-10, 51.28590, 39.98354, 505.842
59, W-04-11, 35.95194, 76.19915, 500.196
60, W-05-00, 4.67071, 150.58846, 493.004
61, W-05-01, -19.20825, 169.22000, 495.161
62, W-05-02, -40.53818, -166.07734, 501.856
63, W-05-03, -52.78225, -125.50990, 506.385
64, W-05-04, -46.94222, -79.17280, 504.238
65, W-05-05, -28.00993, -49.37889, 497.550
66, W-05-06, -4.67071, -29.41154, 493.004
67, W-05-07, 19.20825, -10.78000, 495.161
68, W-05-08, 40.53818, 13.92266, 501.856
69, W-05-09, 52.78225, 54.49010, 506.385
70, W-05-10, 46.94222, 100.82720, 504.238
71, W-05-11, 28.00993, 130.62111, 497.550
72, W-06-00, -4.36460, -157.62718, 492.986
73, W-06-01, -27.72909, -137.72184, 497.464
74, W-06-02, -46.75898, -108.12264, 504.169
75, W-06-03, -52.83139, -61.92130, 506.403
76, W-06-04, -40.77178, -21.12725, 501.942
77, W-06-05, -19.50372, 3.71470, 495.230
78, W-06-06, 4.36460, 22.37282, 492.986
79, W-06-07, 27.72909, 42.27816, 497.464
80, W-06-08, 46.75898, 71.87736, 504.169
81, W-06-09, 52.83139, 118.07870, 506.403
82, W-06-10, 40.77178, 158.87275, 501.942
83, W-06-11, 19.50372, -176.28530, 495.230
84, W-07-00, -13.33492, -105.67919, 493.992
85, W-07-01, -35.69503, -83.35464, 500.105
86, W-07-02, -51.17594, -47.37250, 505.802
87, W-07-03, -50.08384, 0.57023, 505.402
88, W-07-04, -33.38540, 34.52407, 499.303
89, W-07-05, -10.66411, 55.98959, 493.590
90, W-07-06, 13.33492, 74.32081, 493.992
91, W-07-07, 35.69503, 96.64536, 500.105
92, W-07-08, 51.17594, 132.62750, 505.802
93, W-07-09, 50.08384, -179.42977, 505.402
94, W-07-10, 33.38540, -145.47593, 499.303
95, W-07-11, 10.66411, -124.01041, 493.590

[LINKS]
Type, SourceID, TargetID
ISL, 0, 1
ISL, 0, 23
ISL, 1, 2
ISL, 1, 12
ISL, 2, 3
ISL, 2, 13
ISL, 3, 4
ISL, 3, 14
ISL, 4, 5
ISL, 4, 15
ISL, 5, 6
ISL, 5, 15
ISL, 6, 7
ISL, 6, 17
ISL, 7, 8
ISL, 7, 18
ISL, 8, 9
ISL, 8, 19
ISL, 9, 10
ISL, 9, 20
ISL, 10, 11
ISL, 10, 21
ISL, 11, 0
ISL, 11, 21
ISL, 12, 13
ISL, 12, 35
ISL, 13, 14
ISL, 13, 24
ISL, 14, 15
ISL, 14, 25
ISL, 15, 16
ISL, 15, 26
ISL, 16, 17
ISL, 16, 27
ISL, 17, 18
ISL, 17, 28
ISL, 18, 19
ISL, 18, 29
ISL, 19, 20
ISL, 19, 30
ISL, 20, 21
ISL, 20, 31
ISL, 21, 22
ISL, 21, 32
ISL, 22, 23
ISL, 22, 33
ISL, 23, 12
ISL, 23, 34
ISL, 24, 25
ISL, 24, 47
ISL, 25, 26
ISL, 25, 36
ISL, 26, 27
ISL, 26, 37
ISL, 27, 28
ISL, 27, 38
ISL, 28, 29
ISL, 28, 39
ISL, 29, 30
ISL, 29, 40
ISL, 30, 31
ISL, 30, 41
ISL, 31, 32
ISL, 31, 42
ISL, 32, 33
ISL, 32, 43
ISL, 33, 34
ISL, 33, 44
ISL, 34, 35
ISL, 34, 45
ISL, 35, 24
ISL, 35, 46
ISL, 36, 37
ISL, 36, 59
ISL, 37, 38
ISL, 37, 48
ISL, 38, 39
ISL, 38, 49
ISL, 39, 40
ISL, 39, 50
ISL, 40, 41
ISL, 40, 50
ISL, 41, 42
ISL, 41, 52
ISL, 42, 43
ISL, 42, 53
ISL, 43, 44
ISL, 43, 54
ISL, 44, 45
ISL, 44, 55
ISL, 45, 46
ISL, 45, 56
ISL, 46, 47
ISL, 46, 56
ISL, 47, 36
ISL, 47, 58
ISL, 48, 49
ISL, 48, 71
ISL, 49, 50
ISL, 49, 60
ISL, 50, 51
ISL, 50, 61
ISL, 51, 52
ISL, 51, 62
ISL, 52, 53
ISL, 52, 63
ISL, 53, 54
ISL, 53, 64
ISL, 54, 55
ISL, 54, 65
ISL, 55, 56
ISL, 55, 66
ISL, 56, 57
ISL, 56, 67
ISL, 57, 58
ISL, 57, 68
ISL, 58, 59
ISL, 58, 69
ISL, 59, 48
ISL, 59, 70
ISL, 60, 61
ISL, 60, 83
ISL, 61, 62
ISL, 61, 72
ISL, 62, 63
ISL, 62, 73
ISL, 63, 64
ISL, 63, 73
ISL, 64, 65
ISL, 64, 75
ISL, 65, 66
ISL, 65, 76
ISL, 66, 67
ISL, 66, 77
ISL, 67, 68
ISL, 67, 78
ISL, 68, 69
ISL, 68, 79
ISL, 69, 70
ISL, 69, 79
ISL, 70, 71
ISL, 70, 81
ISL, 71, 60
ISL, 71, 82
ISL, 72, 73
ISL, 72, 95
ISL, 73, 74
ISL, 73, 84
ISL, 74, 75
ISL, 74, 85
ISL, 75, 76
ISL, 75, 85
ISL, 76, 77
ISL, 76, 87
ISL, 77, 78
ISL, 77, 88
ISL, 78, 79
ISL, 78, 89
ISL, 79, 80
ISL, 79, 90
ISL, 80, 81
ISL, 80, 91
ISL, 81, 82
ISL, 81, 91
ISL, 82, 83
ISL, 82, 93
ISL, 83, 72
ISL, 83, 94
ISL, 84, 85
ISL, 84, 2
ISL, 85, 86
ISL, 85, 3
ISL, 86, 87
ISL, 86, 4
ISL, 87, 88
ISL, 87, 5
ISL, 88, 89
ISL, 88, 6
ISL, 89, 90
ISL, 89, 7
ISL, 90, 91
ISL, 90, 8
ISL, 91, 92
ISL, 91, 9
ISL, 92, 93
ISL, 92, 10
ISL, 93, 94
ISL, 93, 11
ISL, 94, 95
ISL, 94, 0
ISL, 95, 84
ISL, 95, 1
