[METADATA]
Time: 2026-04-12 04:15:13
Step: 182
Total_Sats: 96

[NODES]
ID, Name, Lat(deg), Lon(deg), Alt(km)
0, W-00-00, -31.11275, 68.93927, 498.540
1, W-00-01, -8.09661, 89.69429, 493.284
2, W-00-02, 15.87137, 108.10327, 494.451
3, W-00-03, 37.83011, 131.36732, 500.868
4, W-00-04, 52.01151, 169.33000, 506.106
5, W-00-05, 48.84720, -143.15599, 504.945
6, W-00-06, 31.11275, -111.06073, 498.540
7, W-00-07, 8.09661, -90.30571, 493.284
8, W-00-08, -15.87137, -71.89673, 494.451
9, W-00-09, -37.83011, -48.63268, 500.868
10, W-00-10, -52.01151, -10.67000, 506.106
11, W-00-11, -48.84720, 36.84401, 504.945
12, W-01-00, -22.78923, 122.47131, 496.050
13, W-01-01, 0.92821, 141.50509, 492.869
14, W-01-02, 24.53927, 160.80266, 496.528
15, W-01-03, 44.56902, -171.65462, 503.352
16, W-01-04, 53.15578, -127.27127, 506.519
17, W-01-05, 43.29171, -84.06021, 502.876
18, W-01-06, 22.78923, -57.52869, 496.050
19, W-01-07, -0.92821, -38.49491, 492.869
20, W-01-08, -24.53927, -19.19734, 496.528
21, W-01-09, -44.56902, 8.34538, 503.352
22, W-01-10, -53.15578, 52.72873, 506.519
23, W-01-11, -43.29171, 95.93979, 502.876
24, W-02-00, -14.05403, 175.00502, 494.115
25, W-02-01, 9.93931, -166.64951, 493.495
26, W-02-02, 32.74876, -145.39559, 499.086
27, W-02-03, 49.75249, -111.97673, 505.280
28, W-02-04, 51.43357, -64.11330, 505.896
29, W-02-05, 36.30646, -27.57318, 500.322
30, W-02-06, 14.05403, -4.99498, 494.115
31, W-02-07, -9.93931, 13.35049, 493.495
32, W-02-08, -32.74876, 34.60441, 499.086
33, W-02-09, -49.75249, 68.02327, 505.280
34, W-02-10, -51.43357, 115.88670, 505.896
35, W-02-11, -36.30646, 152.42682, 500.322
36, W-03-00, -5.09503, -133.01856, 493.030
37, W-03-01, 18.79794, -114.42202, 495.068
38, W-03-02, 40.21202, -89.90946, 501.736
39, W-03-03, 52.70872, -49.65837, 506.359
40, W-03-04, 47.19283, -3.14092, 504.331
41, W-03-05, 28.39828, 26.92593, 497.671
42, W-03-06, 5.09503, 46.98144, 493.030
43, W-03-07, -18.79794, 65.57798, 495.068
44, W-03-08, -40.21202, 90.09054, 501.736
45, W-03-09, -52.70872, 130.34163, 506.359
46, W-03-10, -47.19283, 176.85908, 504.331
47, W-03-11, -28.39828, -153.07407, 497.671
48, W-04-00, 3.94002, -81.23356, 492.963
49, W-04-01, 27.33864, -61.41203, 497.345
50, W-04-02, 46.50150, -32.07981, 504.073
51, W-04-03, 52.89411, 13.92559, 506.425
52, W-04-04, 41.09340, 55.03149, 502.060
53, W-04-05, 19.91278, 80.06962, 495.326
54, W-04-06, -3.94002, 98.76644, 492.963
55, W-04-07, -27.33864, 118.58797, 497.345
56, W-04-08, -46.50150, 147.92019, 504.073
57, W-04-09, -52.89411, -166.07441, 506.425
58, W-04-10, -41.09340, -124.96851, 502.060
59, W-04-11, -19.91278, -99.93038, 495.326
60, W-05-00, 12.91649, -29.30102, 493.924
61, W-05-01, 35.33714, -7.11957, 499.979
62, W-05-02, 51.01874, 28.53980, 505.745
63, W-05-03, 50.26948, 76.51317, 505.470
64, W-05-04, 33.75300, 110.78084, 499.429
65, W-05-05, 11.08473, 132.37326, 493.647
66, W-05-06, -12.91649, 150.69898, 493.924
67, W-05-07, -35.33714, 172.88043, 499.979
68, W-05-08, -51.01874, -151.46020, 505.745
69, W-05-09, -50.26948, -103.48683, 505.470
70, W-05-10, -33.75300, -69.21916, 499.429
71, W-05-11, -11.08473, -47.62674, 493.647
72, W-06-00, 21.68966, 23.13879, 495.764
73, W-06-01, 42.46504, 49.07536, 502.569
74, W-06-02, 53.09344, 91.50321, 506.497
75, W-06-03, 45.33261, 136.55475, 503.637
76, W-06-04, 25.62057, 164.76308, 496.836
77, W-06-05, 2.08511, -175.75246, 492.891
78, W-06-06, -21.68966, -156.86121, 495.764
79, W-06-07, -42.46504, -130.92464, 502.569
80, W-06-08, -53.09344, -88.49679, 506.497
81, W-06-09, -45.33261, -43.44525, 503.637
82, W-06-10, -25.62057, -15.23692, 496.836
83, W-06-11, -2.08511, 4.24754, 492.891
84, W-07-00, 30.07862, 76.51467, 498.203
85, W-07-01, 48.23797, 107.81228, 504.720
86, W-07-02, 52.31524, 155.00419, 506.216
87, W-07-03, 38.75875, -166.14778, 501.204
88, W-07-04, 16.99878, -142.42453, 494.678
89, W-07-05, -6.94540, -123.95598, 493.173
90, W-07-06, -30.07862, -103.48533, 498.203
91, W-07-07, -48.23797, -72.18772, 504.720
92, W-07-08, -52.31524, -24.99581, 506.216
93, W-07-09, -38.75875, 13.85222, 501.204
94, W-07-10, -16.99878, 37.57547, 494.678
95, W-07-11, 6.94540, 56.04402, 493.173

[LINKS]
Type, SourceID, TargetID
ISL, 0, 1
ISL, 0, 23
ISL, 1, 2
ISL, 1, 12
ISL, 2, 3
ISL, 2, 13
ISL, 3, 4
ISL, 3, 14
ISL, 4, 5
ISL, 4, 15
ISL, 5, 6
ISL, 5, 15
ISL, 6, 7
ISL, 6, 17
ISL, 7, 8
ISL, 7, 18
ISL, 8, 9
ISL, 8, 19
ISL, 9, 10
ISL, 9, 20
ISL, 10, 11
ISL, 10, 21
ISL, 11, 0
ISL, 11, 21
ISL, 12, 13
ISL, 12, 35
ISL, 13, 14
ISL, 13, 24
ISL, 14, 15
ISL, 14, 25
ISL, 15, 16
ISL, 15, 26
ISL, 16, 17
ISL, 16, 27
ISL, 17, 18
ISL, 17, 28
ISL, 18, 19
ISL, 18, 29
ISL, 19, 20
ISL, 19, 30
ISL, 20, 21
ISL, 20, 31
ISL, 21, 22
ISL, 21, 32
ISL, 22, 23
ISL, 22, 33
ISL, 23, 12
ISL, 23, 34
ISL, 24, 25
ISL, 24, 47
ISL, 25, 26
ISL, 25, 36
ISL, 26, 27
ISL, 26, 37
ISL, 27, 28
ISL, 27, 38
ISL, 28, 29
ISL, 28, 39
ISL, 29, 30
ISL, 29, 40
ISL, 30, 31
ISL, 30, 41
ISL, 31, 32
ISL, 31, 42
ISL, 32, 33
ISL, 32, 43
ISL, 33, 34
ISL, 33, 44
ISL, 34, 35
ISL, 34, 45
ISL, 35, 24
ISL, 35, 46
ISL, 36, 37
ISL, 36, 59
ISL, 37, 38
ISL, 37, 48
ISL, 38, 39
ISL, 38, 49
ISL, 39, 40
ISL, 39, 50
ISL, 40, 41
ISL, 40, 50
ISL, 41, 42
ISL, 41, 52
ISL, 42, 43
ISL, 42, 53
ISL, 43, 44
ISL, 43, 54
ISL, 44, 45
ISL, 44, 55
ISL, 45, 46
ISL, 45, 56
ISL, 46, 47
ISL, 46, 56
ISL, 47, 36
ISL, 47, 58
ISL, 48, 49
ISL, 48, 71
ISL, 49, 50
ISL, 49, 60
ISL, 50, 51
ISL, 50, 61
ISL, 51, 52
ISL, 51, 62
ISL, 52, 53
ISL, 52, 63
ISL, 53, 54
ISL, 53, 64
ISL, 54, 55
ISL, 54, 65
ISL, 55, 56
ISL, 55, 66
ISL, 56, 57
ISL, 56, 67
ISL, 57, 58
ISL, 57, 68
ISL, 58, 59
ISL, 58, 69
ISL, 59, 48
ISL, 59, 70
ISL, 60, 61
ISL, 60, 83
ISL, 61, 62
ISL, 61, 72
ISL, 62, 63
ISL, 62, 73
ISL, 63, 64
ISL, 63, 73
ISL, 64, 65
ISL, 64, 75
ISL, 65, 66
ISL, 65, 76
ISL, 66, 67
ISL, 66, 77
ISL, 67, 68
ISL, 67, 78
ISL, 68, 69
ISL, 68, 79
ISL, 69, 70
ISL, 69, 79
ISL, 70, 71
ISL, 70, 81
ISL, 71, 60
ISL, 71, 82
ISL, 72, 73
ISL, 72, 95
ISL, 73, 74
ISL, 73, 84
ISL, 74, 75
ISL, 74, 85
ISL, 75, 76
ISL, 75, 85
ISL, 76, 77
ISL, 76, 87
ISL, 77, 78
ISL, 77, 88
ISL, 78, 79
ISL, 78, 89
ISL, 79, 80
ISL, 79, 90
ISL, 80, 81
ISL, 80, 91
ISL, 81, 82
ISL, 81, 91
ISL, 82, 83
ISL, 82, 93
ISL, 83, 72
ISL, 83, 94
ISL, 84, 85
ISL, 84, 2
ISL, 85, 86
ISL, 85, 3
ISL, 86, 87
ISL, 86, 4
ISL, 87, 88
ISL, 87, 5
ISL, 88, 89
ISL, 88, 6
ISL, 89, 90
ISL, 89, 7
ISL, 90, 91
ISL, 90, 8
ISL, 91, 92
ISL, 91, 9
ISL, 92, 93
ISL, 92, 10
ISL, 93, 94
ISL, 93, 11
ISL, 94, 95
ISL, 94, 0
ISL, 95, 84
ISL, 95, 1
