[METADATA]
Time: 2026-04-12 02:59:43
Step: 31
Total_Sats: 96

[NODES]
ID, Name, Lat(deg), Lon(deg), Alt(km)
0, W-00-00, 25.31863, 135.48645, 496.749
1, W-00-01, 45.12147, 163.50572, 503.558
2, W-00-02, 53.11570, -151.62449, 506.505
3, W-00-03, 42.69873, -108.97381, 502.655
4, W-00-04, 21.99813, -82.87341, 495.843
5, W-00-05, -1.76127, -63.94393, 492.883
6, W-00-06, -25.31863, -44.51355, 496.749
7, W-00-07, -45.12147, -16.49428, 503.558
8, W-00-08, -53.11570, 28.37551, 506.505
9, W-00-09, -42.69873, 71.02619, 502.655
10, W-00-10, -21.99813, 97.12659, 495.843
11, W-00-11, 1.76127, 116.05607, 492.883
12, W-01-00, 33.47311, -170.58282, 499.333
13, W-01-01, 50.12852, -136.55442, 505.418
14, W-01-02, 51.13900, -88.60336, 505.789
15, W-01-03, 35.60996, -52.69821, 500.075
16, W-01-04, 13.23529, -30.40802, 493.976
17, W-01-05, -10.76434, -12.07830, 493.603
18, W-01-06, -33.47311, 9.41718, 499.333
19, W-01-07, -50.12852, 43.44558, 505.418
20, W-01-08, -51.13900, 91.39664, 505.789
21, W-01-09, -35.60996, 127.30179, 500.075
22, W-01-10, -13.23529, 149.59198, 493.976
23, W-01-11, 10.76434, 167.92170, 493.603
24, W-02-00, 40.84863, -114.90829, 501.970
25, W-02-01, 52.84690, -74.03970, 506.408
26, W-02-02, 46.69801, -27.88422, 504.147
27, W-02-03, 27.63620, 1.65106, 497.436
28, W-02-04, 4.26348, 21.53621, 492.980
29, W-02-05, -19.60122, 40.20336, 495.253
30, W-02-06, -40.84863, 65.09171, 501.970
31, W-02-07, -52.84690, 105.96030, 506.408
32, W-02-08, -46.69801, 152.11578, 504.147
33, W-02-09, -27.63620, -178.34894, 497.436
34, W-02-10, -4.26348, -158.46379, 492.980
35, W-02-11, 19.60122, -139.79664, 495.253
36, W-03-00, 47.00228, -56.83262, 504.260
37, W-03-01, 52.76530, -10.45171, 506.379
38, W-03-02, 40.46072, 30.04059, 501.827
39, W-03-03, 19.11058, 54.69765, 495.139
40, W-03-04, -4.77180, 73.32066, 493.010
41, W-03-05, -28.10255, 93.30878, 497.579
42, W-03-06, -47.00228, 123.16738, 504.260
43, W-03-07, -52.76530, 169.54829, 506.379
44, W-03-08, -40.46072, -149.95941, 501.827
45, W-03-09, -19.11058, -125.30235, 495.139
46, W-03-10, 4.77180, -106.67934, 493.010
47, W-03-11, 28.10255, -86.69122, 497.579
48, W-04-00, 51.32158, 4.04181, 505.855
49, W-04-01, 49.90098, 51.94447, 505.335
50, W-04-02, 33.03114, 85.59927, 499.182
51, W-04-03, 10.26023, 106.94579, 493.536
52, W-04-04, -13.73592, 125.28421, 494.060
53, W-04-05, -36.03656, 147.74899, 500.226
54, W-04-06, -51.32158, -175.95819, 505.855
55, W-04-07, -49.90098, -128.05553, 505.335
56, W-04-08, -33.03114, -94.40073, 499.182
57, W-04-09, -10.26023, -73.05421, 493.536
58, W-04-10, 13.73592, -54.71579, 494.060
59, W-04-11, 36.03656, -32.25101, 500.226
60, W-05-00, 53.14314, 67.14861, 506.515
61, W-05-01, 44.78539, 111.72425, 503.433
62, W-05-02, 24.84275, 139.45058, 496.613
63, W-05-03, 1.25212, 158.79871, 492.873
64, W-05-04, -22.48206, 177.79091, 495.969
65, W-05-05, -43.06256, -155.84685, 502.791
66, W-05-06, -53.14314, -112.85139, 506.515
67, W-05-07, -44.78539, -68.27575, 503.433
68, W-05-08, -24.84275, -40.54942, 496.613
69, W-05-09, -1.25212, -21.20129, 492.873
70, W-05-10, 22.48206, -2.20909, 495.969
71, W-05-11, 43.06256, 24.15315, 502.791
72, W-06-00, 52.10099, 130.57978, 506.139
73, W-06-01, 38.09177, 168.79072, 500.962
74, W-06-02, 16.18742, -167.81916, 494.513
75, W-06-03, -7.77452, -149.39506, 493.251
76, W-06-04, -30.82431, -128.72167, 498.445
77, W-06-05, -48.68003, -96.85195, 504.884
78, W-06-06, -52.10099, -49.42022, 506.139
79, W-06-07, -38.09177, -11.20928, 500.962
80, W-06-08, -16.18742, 12.18084, 494.513
81, W-06-09, 7.77452, 30.60494, 493.251
82, W-06-10, 30.82431, 51.27833, 498.445
83, W-06-11, 48.68003, 83.14805, 504.884
84, W-07-00, 48.41189, -167.81075, 504.784
85, W-07-01, 30.36919, -136.29210, 498.297
86, W-07-02, 7.26787, -115.74386, 493.203
87, W-07-03, -16.68360, -97.29354, 494.613
88, W-07-04, -38.50048, -73.70134, 501.110
89, W-07-05, -52.23467, -35.10067, 506.187
90, W-07-06, -48.41189, 12.18925, 504.784
91, W-07-07, -30.36919, 43.70790, 498.297
92, W-07-08, -7.26787, 64.25614, 493.203
93, W-07-09, 16.68360, 82.70646, 494.613
94, W-07-10, 38.50048, 106.29866, 501.110
95, W-07-11, 52.23467, 144.89933, 506.187

[LINKS]
Type, SourceID, TargetID
ISL, 0, 1
ISL, 0, 23
ISL, 1, 2
ISL, 1, 12
ISL, 2, 3
ISL, 2, 13
ISL, 3, 4
ISL, 3, 14
ISL, 4, 5
ISL, 4, 15
ISL, 5, 6
ISL, 5, 15
ISL, 6, 7
ISL, 6, 17
ISL, 7, 8
ISL, 7, 18
ISL, 8, 9
ISL, 8, 19
ISL, 9, 10
ISL, 9, 20
ISL, 10, 11
ISL, 10, 21
ISL, 11, 0
ISL, 11, 21
ISL, 12, 13
ISL, 12, 35
ISL, 13, 14
ISL, 13, 24
ISL, 14, 15
ISL, 14, 25
ISL, 15, 16
ISL, 15, 26
ISL, 16, 17
ISL, 16, 27
ISL, 17, 18
ISL, 17, 28
ISL, 18, 19
ISL, 18, 29
ISL, 19, 20
ISL, 19, 30
ISL, 20, 21
ISL, 20, 31
ISL, 21, 22
ISL, 21, 32
ISL, 22, 23
ISL, 22, 33
ISL, 23, 12
ISL, 23, 34
ISL, 24, 25
ISL, 24, 47
ISL, 25, 26
ISL, 25, 36
ISL, 26, 27
ISL, 26, 37
ISL, 27, 28
ISL, 27, 38
ISL, 28, 29
ISL, 28, 39
ISL, 29, 30
ISL, 29, 40
ISL, 30, 31
ISL, 30, 41
ISL, 31, 32
ISL, 31, 42
ISL, 32, 33
ISL, 32, 43
ISL, 33, 34
ISL, 33, 44
ISL, 34, 35
ISL, 34, 45
ISL, 35, 24
ISL, 35, 46
ISL, 36, 37
ISL, 36, 59
ISL, 37, 38
ISL, 37, 48
ISL, 38, 39
ISL, 38, 49
ISL, 39, 40
ISL, 39, 50
ISL, 40, 41
ISL, 40, 50
ISL, 41, 42
ISL, 41, 52
ISL, 42, 43
ISL, 42, 53
ISL, 43, 44
ISL, 43, 54
ISL, 44, 45
ISL, 44, 55
ISL, 45, 46
ISL, 45, 56
ISL, 46, 47
ISL, 46, 56
ISL, 47, 36
ISL, 47, 58
ISL, 48, 49
ISL, 48, 71
ISL, 49, 50
ISL, 49, 60
ISL, 50, 51
ISL, 50, 61
ISL, 51, 52
ISL, 51, 62
ISL, 52, 53
ISL, 52, 63
ISL, 53, 54
ISL, 53, 64
ISL, 54, 55
ISL, 54, 65
ISL, 55, 56
ISL, 55, 66
ISL, 56, 57
ISL, 56, 67
ISL, 57, 58
ISL, 57, 68
ISL, 58, 59
ISL, 58, 69
ISL, 59, 48
ISL, 59, 70
ISL, 60, 61
ISL, 60, 83
ISL, 61, 62
ISL, 61, 72
ISL, 62, 63
ISL, 62, 73
ISL, 63, 64
ISL, 63, 73
ISL, 64, 65
ISL, 64, 75
ISL, 65, 66
ISL, 65, 76
ISL, 66, 67
ISL, 66, 77
ISL, 67, 68
ISL, 67, 78
ISL, 68, 69
ISL, 68, 79
ISL, 69, 70
ISL, 69, 79
ISL, 70, 71
ISL, 70, 81
ISL, 71, 60
ISL, 71, 82
ISL, 72, 73
ISL, 72, 95
ISL, 73, 74
ISL, 73, 84
ISL, 74, 75
ISL, 74, 85
ISL, 75, 76
ISL, 75, 85
ISL, 76, 77
ISL, 76, 87
ISL, 77, 78
ISL, 77, 88
ISL, 78, 79
ISL, 78, 89
ISL, 79, 80
ISL, 79, 90
ISL, 80, 81
ISL, 80, 91
ISL, 81, 82
ISL, 81, 91
ISL, 82, 83
ISL, 82, 93
ISL, 83, 72
ISL, 83, 94
ISL, 84, 85
ISL, 84, 2
ISL, 85, 86
ISL, 85, 3
ISL, 86, 87
ISL, 86, 4
ISL, 87, 88
ISL, 87, 5
ISL, 88, 89
ISL, 88, 6
ISL, 89, 90
ISL, 89, 7
ISL, 90, 91
ISL, 90, 8
ISL, 91, 92
ISL, 91, 9
ISL, 92, 93
ISL, 92, 10
ISL, 93, 94
ISL, 93, 11
ISL, 94, 95
ISL, 94, 0
ISL, 95, 84
ISL, 95, 1
