[METADATA]
Time: 2026-04-12 03:47:13
Step: 126
Total_Sats: 96

[NODES]
ID, Name, Lat(deg), Lon(deg), Alt(km)
0, W-00-00, -26.07519, -55.67301, 496.968
1, W-00-01, -45.64740, -27.17527, 503.755
2, W-00-02, -53.05275, 18.14234, 506.482
3, W-00-03, -42.10901, 60.22903, 502.436
4, W-00-04, -21.22308, 85.92226, 495.646
5, W-00-05, 2.57389, 104.75824, 492.906
6, W-00-06, 26.07519, 124.32699, 496.968
7, W-00-07, 45.64740, 152.82473, 503.755
8, W-00-08, 53.05275, -161.85766, 506.482
9, W-00-09, 42.10901, -119.77097, 502.436
10, W-00-10, 21.22308, -94.07774, 495.646
11, W-00-11, -2.57389, -75.24176, 492.906
12, W-01-00, -34.17361, -1.61155, 499.574
13, W-01-01, -50.47660, 33.01951, 505.546
14, W-01-02, -50.83121, 81.01403, 505.676
15, W-01-03, -34.92322, 116.30382, 499.834
16, W-01-04, -12.43474, 138.32450, 493.847
17, W-01-05, 11.56799, 156.64643, 493.716
18, W-01-06, 34.17361, 178.38845, 499.574
19, W-01-07, 50.47660, -146.98049, 505.546
20, W-01-08, 50.83121, -98.98597, 505.676
21, W-01-09, 34.92322, -63.69618, 499.834
22, W-01-10, 12.43474, -41.67550, 493.847
23, W-01-11, -11.56799, -23.35357, 493.716
24, W-02-00, -41.45992, 54.25239, 502.196
25, W-02-01, -52.95841, 95.71317, 506.449
26, W-02-02, -46.20056, 141.48249, 503.961
27, W-02-03, -26.88817, 170.51204, 497.209
28, W-02-04, -3.45160, -169.75975, 492.940
29, W-02-05, 20.38229, -151.01575, 495.439
30, W-02-06, 41.45992, -125.74761, 502.196
31, W-02-07, 52.95841, -84.28683, 506.449
32, W-02-08, 46.20056, -38.51751, 503.961
33, W-02-09, 26.88817, -9.48796, 497.209
34, W-02-10, 3.45160, 10.24025, 492.940
35, W-02-11, -20.38229, 28.98425, 495.439
36, W-03-00, -47.47596, 112.57190, 504.436
37, W-03-01, -52.61645, 159.28514, 506.325
38, W-03-02, -39.83376, -160.83027, 501.597
39, W-03-03, -18.32523, -136.53201, 494.962
40, W-03-04, 5.58281, -117.97309, 493.064
41, W-03-05, 28.84333, -97.81304, 497.810
42, W-03-06, 47.47596, -67.42810, 504.436
43, W-03-07, 52.61645, -20.71486, 506.325
44, W-03-08, 39.83376, 19.16973, 501.597
45, W-03-09, 18.32523, 43.46799, 494.962
46, W-03-10, -5.58281, 62.02691, 493.064
47, W-03-11, -28.84333, 82.18696, 497.810
48, W-04-00, -51.59643, 173.69077, 505.956
49, W-04-01, -49.52292, -138.51738, 505.195
50, W-04-02, -32.32069, -105.45204, 498.942
51, W-04-03, -9.45448, -84.33474, 493.436
52, W-04-04, 14.53371, -65.97635, 494.200
53, W-04-05, 36.71168, -43.22346, 500.466
54, W-04-06, 51.59643, -6.30923, 505.956
55, W-04-07, 49.52292, 41.48262, 505.195
56, W-04-08, 32.32069, 74.54796, 498.942
57, W-04-09, 9.45448, 95.66526, 493.436
58, W-04-10, -14.53371, 114.02365, 494.200
59, W-04-11, -36.71168, 136.77654, 500.466
60, W-05-00, -53.16775, -123.07903, 506.524
61, W-05-01, -44.23864, -78.99324, 503.229
62, W-05-02, -24.08005, -51.72367, 496.400
63, W-05-03, -0.43921, -32.49985, 492.864
64, W-05-04, 23.25196, -13.40083, 496.174
65, W-05-05, 43.63418, 13.39028, 503.004
66, W-05-06, 53.16775, 56.92097, 506.524
67, W-05-07, 44.23864, 101.00676, 503.229
68, W-05-08, 24.08005, 128.27633, 496.400
69, W-05-09, 0.43921, 147.50015, 492.864
70, W-05-10, -23.25196, 166.59917, 496.174
71, W-05-11, -43.63418, -166.60972, 503.004
72, W-06-00, -51.86997, -59.73477, 506.055
73, W-06-01, -37.43268, -22.14714, 500.724
74, W-06-02, -15.39363, 0.93023, 494.359
75, W-06-03, 8.58255, 19.31867, 493.336
76, W-06-04, 31.54654, 40.19994, 498.683
77, W-06-05, 49.09446, 72.63885, 505.037
78, W-06-06, 51.86997, 120.26523, 506.055
79, W-06-07, 37.43268, 157.85286, 500.724
80, W-06-08, 15.39363, -179.06977, 494.359
81, W-06-09, -8.58255, -160.68133, 493.336
82, W-06-10, -31.54654, -139.80006, 498.683
83, W-06-11, -49.09446, -107.36115, 505.037
84, W-07-00, -47.97058, 1.64233, 504.620
85, W-07-01, -29.63845, 32.60971, 498.062
86, W-07-02, -6.45836, 52.96616, 493.131
87, W-07-03, 17.47390, 71.46453, 494.777
88, W-07-04, 39.14606, 95.38935, 501.345
89, W-07-05, 52.43021, 134.60969, 506.258
90, W-07-06, 47.97058, -178.35767, 504.620
91, W-07-07, 29.63845, -147.39029, 498.062
92, W-07-08, 6.45836, -127.03384, 493.131
93, W-07-09, -17.47390, -108.53547, 494.777
94, W-07-10, -39.14606, -84.61065, 501.345
95, W-07-11, -52.43021, -45.39031, 506.258

[LINKS]
Type, SourceID, TargetID
ISL, 0, 1
ISL, 0, 23
ISL, 1, 2
ISL, 1, 12
ISL, 2, 3
ISL, 2, 13
ISL, 3, 4
ISL, 3, 14
ISL, 4, 5
ISL, 4, 15
ISL, 5, 6
ISL, 5, 15
ISL, 6, 7
ISL, 6, 17
ISL, 7, 8
ISL, 7, 18
ISL, 8, 9
ISL, 8, 19
ISL, 9, 10
ISL, 9, 20
ISL, 10, 11
ISL, 10, 21
ISL, 11, 0
ISL, 11, 21
ISL, 12, 13
ISL, 12, 35
ISL, 13, 14
ISL, 13, 24
ISL, 14, 15
ISL, 14, 25
ISL, 15, 16
ISL, 15, 26
ISL, 16, 17
ISL, 16, 27
ISL, 17, 18
ISL, 17, 28
ISL, 18, 19
ISL, 18, 29
ISL, 19, 20
ISL, 19, 30
ISL, 20, 21
ISL, 20, 31
ISL, 21, 22
ISL, 21, 32
ISL, 22, 23
ISL, 22, 33
ISL, 23, 12
ISL, 23, 34
ISL, 24, 25
ISL, 24, 47
ISL, 25, 26
ISL, 25, 36
ISL, 26, 27
ISL, 26, 37
ISL, 27, 28
ISL, 27, 38
ISL, 28, 29
ISL, 28, 39
ISL, 29, 30
ISL, 29, 40
ISL, 30, 31
ISL, 30, 41
ISL, 31, 32
ISL, 31, 42
ISL, 32, 33
ISL, 32, 43
ISL, 33, 34
ISL, 33, 44
ISL, 34, 35
ISL, 34, 45
ISL, 35, 24
ISL, 35, 46
ISL, 36, 37
ISL, 36, 59
ISL, 37, 38
ISL, 37, 48
ISL, 38, 39
ISL, 38, 49
ISL, 39, 40
ISL, 39, 50
ISL, 40, 41
ISL, 40, 50
ISL, 41, 42
ISL, 41, 52
ISL, 42, 43
ISL, 42, 53
ISL, 43, 44
ISL, 43, 54
ISL, 44, 45
ISL, 44, 55
ISL, 45, 46
ISL, 45, 56
ISL, 46, 47
ISL, 46, 56
ISL, 47, 36
ISL, 47, 58
ISL, 48, 49
ISL, 48, 71
ISL, 49, 50
ISL, 49, 60
ISL, 50, 51
ISL, 50, 61
ISL, 51, 52
ISL, 51, 62
ISL, 52, 53
ISL, 52, 63
ISL, 53, 54
ISL, 53, 64
ISL, 54, 55
ISL, 54, 65
ISL, 55, 56
ISL, 55, 66
ISL, 56, 57
ISL, 56, 67
ISL, 57, 58
ISL, 57, 68
ISL, 58, 59
ISL, 58, 69
ISL, 59, 48
ISL, 59, 70
ISL, 60, 61
ISL, 60, 83
ISL, 61, 62
ISL, 61, 72
ISL, 62, 63
ISL, 62, 73
ISL, 63, 64
ISL, 63, 73
ISL, 64, 65
ISL, 64, 75
ISL, 65, 66
ISL, 65, 76
ISL, 66, 67
ISL, 66, 77
ISL, 67, 68
ISL, 67, 78
ISL, 68, 69
ISL, 68, 79
ISL, 69, 70
ISL, 69, 79
ISL, 70, 71
ISL, 70, 81
ISL, 71, 60
ISL, 71, 82
ISL, 72, 73
ISL, 72, 95
ISL, 73, 74
ISL, 73, 84
ISL, 74, 75
ISL, 74, 85
ISL, 75, 76
ISL, 75, 85
ISL, 76, 77
ISL, 76, 87
ISL, 77, 78
ISL, 77, 88
ISL, 78, 79
ISL, 78, 89
ISL, 79, 80
ISL, 79, 90
ISL, 80, 81
ISL, 80, 91
ISL, 81, 82
ISL, 81, 91
ISL, 82, 83
ISL, 82, 93
ISL, 83, 72
ISL, 83, 94
ISL, 84, 85
ISL, 84, 2
ISL, 85, 86
ISL, 85, 3
ISL, 86, 87
ISL, 86, 4
ISL, 87, 88
ISL, 87, 5
ISL, 88, 89
ISL, 88, 6
ISL, 89, 90
ISL, 89, 7
ISL, 90, 91
ISL, 90, 8
ISL, 91, 92
ISL, 91, 9
ISL, 92, 93
ISL, 92, 10
ISL, 93, 94
ISL, 93, 11
ISL, 94, 95
ISL, 94, 0
ISL, 95, 84
ISL, 95, 1
