[METADATA]
Time: 2026-04-12 03:48:43
Step: 129
Total_Sats: 96

[NODES]
ID, Name, Lat(deg), Lon(deg), Alt(km)
0, W-00-00, -30.26942, -51.62981, 498.265
1, W-00-01, -48.35241, -20.18733, 504.762
2, W-00-02, -52.26275, 27.06959, 506.197
3, W-00-03, -38.58939, 65.75532, 501.142
4, W-00-04, -16.79195, 89.39234, 494.635
5, W-00-05, 7.15706, 107.84878, 493.192
6, W-00-06, 30.26942, 128.37019, 498.265
7, W-00-07, 48.35241, 159.81267, 504.762
8, W-00-08, 52.26275, -152.93041, 506.197
9, W-00-09, 38.58939, -114.24468, 501.142
10, W-00-10, 16.79195, -90.60766, 494.635
11, W-00-11, -7.15706, -72.15122, 493.192
12, W-01-00, -38.00199, 3.26509, 500.930
13, W-01-01, -52.07063, 41.39074, 506.128
14, W-01-02, -48.73778, 88.85145, 504.905
15, W-01-03, -30.92354, 120.79848, 498.478
16, W-01-04, -7.88523, 141.49974, 493.262
17, W-01-05, 16.07884, 159.91852, 494.491
18, W-01-06, 38.00199, -176.73491, 500.930
19, W-01-07, 52.07063, -138.60926, 506.128
20, W-01-08, 48.73778, -91.14855, 504.905
21, W-01-09, 30.92354, -59.20152, 498.478
22, W-01-10, 7.88523, -38.50026, 493.262
23, W-01-11, -16.07884, -20.08148, 494.491
24, W-02-00, -44.71126, 60.30109, 503.405
25, W-02-01, -53.14791, 104.81109, 506.517
26, W-02-02, -43.14152, 147.88098, 502.820
27, W-02-03, -22.58768, 174.30116, 495.997
28, W-02-04, 1.14081, -166.69250, 492.871
29, W-02-05, 24.73852, -147.36190, 496.584
30, W-02-06, 44.71126, -119.69891, 503.405
31, W-02-07, 53.14791, -75.18891, 506.517
32, W-02-08, 43.14152, -32.11902, 502.820
33, W-02-09, 22.58768, -5.69884, 495.997
34, W-02-10, -1.14081, 13.30750, 492.871
35, W-02-11, -24.73852, 32.63810, 496.584
36, W-03-00, -49.85027, 120.04585, 505.316
37, W-03-01, -51.36044, 167.93577, 505.870
38, W-03-02, -36.12945, -155.68647, 500.259
39, W-03-03, -13.84528, -133.18292, 494.078
40, W-03-04, 10.14996, -114.84222, 493.522
41, W-03-05, 32.93420, -93.52771, 499.149
42, W-03-06, 49.85027, -59.95415, 505.316
43, W-03-07, 51.36044, -12.06423, 505.870
44, W-03-08, 36.12945, 24.31353, 500.259
45, W-03-09, 13.84528, 46.81708, 494.078
46, W-03-10, -10.14996, 65.15778, 493.522
47, W-03-11, -32.93420, 86.47229, 499.149
48, W-04-00, -52.74627, -177.58450, 506.372
49, W-04-01, -47.06803, -131.15606, 504.284
50, W-04-02, -28.20426, -101.22611, 497.610
51, W-04-03, -4.88289, -81.21500, 493.017
52, W-04-04, 19.00318, -62.60123, 495.114
53, W-04-05, 40.37542, -37.99406, 501.796
54, W-04-06, 52.74627, 2.41550, 506.372
55, W-04-07, 47.06803, 48.84394, 504.284
56, W-04-08, 28.20426, 78.77389, 497.610
57, W-04-09, 4.88289, 98.78500, 493.017
58, W-04-10, -19.00318, 117.39877, 495.114
59, W-04-11, -40.37542, 142.00594, 501.796
60, W-05-00, -52.86354, -113.99754, 506.414
61, W-05-01, -40.93293, -73.04721, 502.001
62, W-05-02, -19.70834, -48.10761, 495.278
63, W-05-03, 4.15233, -29.43041, 492.974
64, W-05-04, 27.53402, -9.56729, 497.405
65, W-05-05, 46.63073, 19.89798, 504.122
66, W-05-06, 52.86354, 66.00246, 506.414
67, W-05-07, 40.93293, 106.95279, 502.001
68, W-05-08, 19.70834, 131.89239, 495.278
69, W-05-09, -4.15233, 150.56959, 492.974
70, W-05-10, -27.53402, 170.43271, 497.405
71, W-05-11, -46.63073, -160.10202, 504.122
72, W-06-00, -50.17730, -51.45755, 505.436
73, W-06-01, -33.56941, -17.34706, 499.366
74, W-06-02, -10.87447, 4.18154, 493.618
75, W-06-03, 13.12576, 22.50975, 493.958
76, W-06-04, 35.51632, 44.76236, 500.042
77, W-06-05, 51.09803, 80.58297, 505.774
78, W-06-06, 50.17730, 128.54245, 505.436
79, W-06-07, 33.56941, 162.65294, 499.366
80, W-06-08, 10.87447, -175.81846, 493.618
81, W-06-09, -13.12576, -157.49025, 493.958
82, W-06-10, -35.51632, -135.23764, 500.042
83, W-06-11, -51.09803, -99.41703, 505.774
84, W-07-00, -45.19426, 8.51728, 503.586
85, W-07-01, -25.42246, 36.60128, 496.779
86, W-07-02, -1.87256, 56.05009, 492.886
87, W-07-03, 21.89218, 74.96629, 495.816
88, W-07-04, 42.61861, 101.01015, 502.626
89, W-07-05, 53.10847, 143.58454, 506.502
90, W-07-06, 45.19426, -171.48272, 503.586
91, W-07-07, 25.42246, -143.39872, 496.779
92, W-07-08, 1.87256, -123.94991, 492.886
93, W-07-09, -21.89218, -105.03371, 495.816
94, W-07-10, -42.61861, -78.98985, 502.626
95, W-07-11, -53.10847, -36.41546, 506.502

[LINKS]
Type, SourceID, TargetID
ISL, 0, 1
ISL, 0, 23
ISL, 1, 2
ISL, 1, 12
ISL, 2, 3
ISL, 2, 13
ISL, 3, 4
ISL, 3, 14
ISL, 4, 5
ISL, 4, 15
ISL, 5, 6
ISL, 5, 15
ISL, 6, 7
ISL, 6, 17
ISL, 7, 8
ISL, 7, 18
ISL, 8, 9
ISL, 8, 19
ISL, 9, 10
ISL, 9, 20
ISL, 10, 11
ISL, 10, 21
ISL, 11, 0
ISL, 11, 21
ISL, 12, 13
ISL, 12, 35
ISL, 13, 14
ISL, 13, 24
ISL, 14, 15
ISL, 14, 25
ISL, 15, 16
ISL, 15, 26
ISL, 16, 17
ISL, 16, 27
ISL, 17, 18
ISL, 17, 28
ISL, 18, 19
ISL, 18, 29
ISL, 19, 20
ISL, 19, 30
ISL, 20, 21
ISL, 20, 31
ISL, 21, 22
ISL, 21, 32
ISL, 22, 23
ISL, 22, 33
ISL, 23, 12
ISL, 23, 34
ISL, 24, 25
ISL, 24, 47
ISL, 25, 26
ISL, 25, 36
ISL, 26, 27
ISL, 26, 37
ISL, 27, 28
ISL, 27, 38
ISL, 28, 29
ISL, 28, 39
ISL, 29, 30
ISL, 29, 40
ISL, 30, 31
ISL, 30, 41
ISL, 31, 32
ISL, 31, 42
ISL, 32, 33
ISL, 32, 43
ISL, 33, 34
ISL, 33, 44
ISL, 34, 35
ISL, 34, 45
ISL, 35, 24
ISL, 35, 46
ISL, 36, 37
ISL, 36, 59
ISL, 37, 38
ISL, 37, 48
ISL, 38, 39
ISL, 38, 49
ISL, 39, 40
ISL, 39, 50
ISL, 40, 41
ISL, 40, 50
ISL, 41, 42
ISL, 41, 52
ISL, 42, 43
ISL, 42, 53
ISL, 43, 44
ISL, 43, 54
ISL, 44, 45
ISL, 44, 55
ISL, 45, 46
ISL, 45, 56
ISL, 46, 47
ISL, 46, 56
ISL, 47, 36
ISL, 47, 58
ISL, 48, 49
ISL, 48, 71
ISL, 49, 50
ISL, 49, 60
ISL, 50, 51
ISL, 50, 61
ISL, 51, 52
ISL, 51, 62
ISL, 52, 53
ISL, 52, 63
ISL, 53, 54
ISL, 53, 64
ISL, 54, 55
ISL, 54, 65
ISL, 55, 56
ISL, 55, 66
ISL, 56, 57
ISL, 56, 67
ISL, 57, 58
ISL, 57, 68
ISL, 58, 59
ISL, 58, 69
ISL, 59, 48
ISL, 59, 70
ISL, 60, 61
ISL, 60, 83
ISL, 61, 62
ISL, 61, 72
ISL, 62, 63
ISL, 62, 73
ISL, 63, 64
ISL, 63, 73
ISL, 64, 65
ISL, 64, 75
ISL, 65, 66
ISL, 65, 76
ISL, 66, 67
ISL, 66, 77
ISL, 67, 68
ISL, 67, 78
ISL, 68, 69
ISL, 68, 79
ISL, 69, 70
ISL, 69, 79
ISL, 70, 71
ISL, 70, 81
ISL, 71, 60
ISL, 71, 82
ISL, 72, 73
ISL, 72, 95
ISL, 73, 74
ISL, 73, 84
ISL, 74, 75
ISL, 74, 85
ISL, 75, 76
ISL, 75, 85
ISL, 76, 77
ISL, 76, 87
ISL, 77, 78
ISL, 77, 88
ISL, 78, 79
ISL, 78, 89
ISL, 79, 80
ISL, 79, 90
ISL, 80, 81
ISL, 80, 91
ISL, 81, 82
ISL, 81, 91
ISL, 82, 83
ISL, 82, 93
ISL, 83, 72
ISL, 83, 94
ISL, 84, 85
ISL, 84, 2
ISL, 85, 86
ISL, 85, 3
ISL, 86, 87
ISL, 86, 4
ISL, 87, 88
ISL, 87, 5
ISL, 88, 89
ISL, 88, 6
ISL, 89, 90
ISL, 89, 7
ISL, 90, 91
ISL, 90, 8
ISL, 91, 92
ISL, 91, 9
ISL, 92, 93
ISL, 92, 10
ISL, 93, 94
ISL, 93, 11
ISL, 94, 95
ISL, 94, 0
ISL, 95, 84
ISL, 95, 1
