[METADATA]
Time: 2026-04-12 03:58:13
Step: 148
Total_Sats: 96

[NODES]
ID, Name, Lat(deg), Lon(deg), Alt(km)
0, W-00-00, -50.69615, -13.74737, 505.627
1, W-00-01, -50.61702, 34.25294, 505.598
2, W-00-02, -34.46570, 69.13902, 499.675
3, W-00-03, -11.90487, 90.98775, 493.766
4, W-00-04, 12.09827, 109.30865, 493.795
5, W-00-05, 34.63296, 131.21956, 499.733
6, W-00-06, 50.69615, 166.25263, 505.627
7, W-00-07, 50.61702, -145.74706, 505.598
8, W-00-08, 34.46570, -110.86098, 499.675
9, W-00-09, 11.90487, -89.01225, 493.766
10, W-00-10, -12.09827, -70.69135, 493.795
11, W-00-11, -34.63296, -48.78044, 499.733
12, W-01-00, -53.01935, 49.05714, 506.470
13, W-01-01, -45.86416, 94.55431, 503.836
14, W-01-02, -26.39155, 123.25680, 497.062
15, W-01-03, -2.91487, 142.88626, 492.918
16, W-01-04, 20.89689, 161.68540, 495.565
17, W-01-05, 41.85832, -172.78832, 502.343
18, W-01-06, 53.01935, -130.94286, 506.470
19, W-01-07, 45.86416, -85.44569, 503.836
20, W-01-08, 26.39155, -56.74320, 497.062
21, W-01-09, 2.91487, -37.11374, 492.918
22, W-01-10, -20.89689, -18.31460, 495.565
23, W-01-11, -41.85832, 7.21168, 502.343
24, W-02-00, -52.50567, 112.60776, 506.285
25, W-02-01, -39.41443, 152.08690, 501.443
26, W-02-02, -17.80492, 176.15504, 494.848
27, W-02-03, 6.11836, -165.32415, 493.104
28, W-02-04, 29.33027, -145.04531, 497.963
29, W-02-05, 47.78061, -114.30583, 504.550
30, W-02-06, 52.50567, -67.39224, 506.285
31, W-02-07, 39.41443, -27.91310, 501.443
32, W-02-08, 17.80492, -3.84496, 494.848
33, W-02-09, -6.11836, 14.67585, 493.104
34, W-02-10, -29.33027, 34.95469, 497.963
35, W-02-11, -47.78061, 65.69417, 504.550
36, W-03-00, -49.26331, 174.66802, 505.099
37, W-03-01, -31.84803, -152.65110, 498.783
38, W-03-02, -8.92139, -131.67957, 493.373
39, W-03-03, 15.05987, -113.30385, 494.296
40, W-03-04, 37.15369, -90.35416, 500.624
41, W-03-05, 51.76664, -53.02823, 506.017
42, W-03-06, 49.26331, -5.33198, 505.099
43, W-03-07, 31.84803, 27.34890, 498.783
44, W-03-08, 8.92139, 48.32043, 493.373
45, W-03-09, -15.05987, 66.69615, 494.296
46, W-03-10, -37.15369, 89.64584, 500.624
47, W-03-11, -51.76664, 126.97177, 506.017
48, W-04-00, -43.87062, -125.97651, 503.092
49, W-04-01, -23.57410, -99.00141, 496.261
50, W-04-02, 0.09800, -79.85507, 492.863
51, W-04-03, 23.75887, -60.68090, 496.311
52, W-04-04, 44.00550, -33.59904, 503.142
53, W-04-05, 53.17103, 10.27417, 506.525
54, W-04-06, 43.87062, 54.02349, 503.092
55, W-04-07, 23.57410, 80.99859, 496.261
56, W-04-08, -0.09800, 100.14493, 492.863
57, W-04-09, -23.75887, 119.31910, 496.311
58, W-04-10, -44.00550, 146.40096, 503.142
59, W-04-11, -53.17103, -169.72583, 506.525
60, W-05-00, -36.99281, -69.27323, 500.567
61, W-05-01, -14.86800, -46.39594, 494.261
62, W-05-02, 9.11594, -28.02692, 493.396
63, W-05-03, 32.02077, -7.00273, 498.841
64, W-05-04, 49.35892, 25.81793, 505.135
65, W-05-05, 51.70561, 73.55111, 505.995
66, W-05-06, 36.99281, 110.72677, 500.567
67, W-05-07, 14.86800, 133.60406, 494.261
68, W-05-08, -9.11594, 151.97308, 493.396
69, W-05-09, -32.02077, 172.99727, 498.841
70, W-05-10, -49.35892, -154.18207, 505.135
71, W-05-11, -51.70561, -106.44889, 505.995
72, W-06-00, -29.15285, -14.61941, 497.907
73, W-06-01, -5.92300, 5.61561, 493.089
74, W-06-02, 17.99487, 24.14994, 494.889
75, W-06-03, 39.56788, 48.30139, 501.499
76, W-06-04, 52.54723, 87.92877, 506.300
77, W-06-05, 47.67024, 134.77108, 504.509
78, W-06-06, 29.15285, 165.38059, 497.907
79, W-06-07, 5.92300, -174.38439, 493.089
80, W-06-08, -17.99487, -155.85006, 494.889
81, W-06-09, -39.56788, -131.69861, 501.499
82, W-06-10, -52.54723, -92.07123, 506.300
83, W-06-11, -47.67024, -45.22892, 504.509
84, W-07-00, -20.70928, 38.62538, 495.519
85, W-07-01, 3.11071, 57.40400, 492.925
86, W-07-02, 26.57295, 77.06903, 497.115
87, W-07-03, 45.98760, 105.89019, 503.882
88, W-07-04, 52.99829, 151.48817, 506.463
89, W-07-05, 41.71348, -166.80606, 502.290
90, W-07-06, 20.70928, -141.37462, 495.519
91, W-07-07, -3.11071, -122.59600, 492.925
92, W-07-08, -26.57295, -102.93097, 497.115
93, W-07-09, -45.98760, -74.10981, 503.882
94, W-07-10, -52.99829, -28.51183, 506.463
95, W-07-11, -41.71348, 13.19394, 502.290

[LINKS]
Type, SourceID, TargetID
ISL, 0, 1
ISL, 0, 23
ISL, 1, 2
ISL, 1, 12
ISL, 2, 3
ISL, 2, 13
ISL, 3, 4
ISL, 3, 14
ISL, 4, 5
ISL, 4, 15
ISL, 5, 6
ISL, 5, 15
ISL, 6, 7
ISL, 6, 17
ISL, 7, 8
ISL, 7, 18
ISL, 8, 9
ISL, 8, 19
ISL, 9, 10
ISL, 9, 20
ISL, 10, 11
ISL, 10, 21
ISL, 11, 0
ISL, 11, 21
ISL, 12, 13
ISL, 12, 35
ISL, 13, 14
ISL, 13, 24
ISL, 14, 15
ISL, 14, 25
ISL, 15, 16
ISL, 15, 26
ISL, 16, 17
ISL, 16, 27
ISL, 17, 18
ISL, 17, 28
ISL, 18, 19
ISL, 18, 29
ISL, 19, 20
ISL, 19, 30
ISL, 20, 21
ISL, 20, 31
ISL, 21, 22
ISL, 21, 32
ISL, 22, 23
ISL, 22, 33
ISL, 23, 12
ISL, 23, 34
ISL, 24, 25
ISL, 24, 47
ISL, 25, 26
ISL, 25, 36
ISL, 26, 27
ISL, 26, 37
ISL, 27, 28
ISL, 27, 38
ISL, 28, 29
ISL, 28, 39
ISL, 29, 30
ISL, 29, 40
ISL, 30, 31
ISL, 30, 41
ISL, 31, 32
ISL, 31, 42
ISL, 32, 33
ISL, 32, 43
ISL, 33, 34
ISL, 33, 44
ISL, 34, 35
ISL, 34, 45
ISL, 35, 24
ISL, 35, 46
ISL, 36, 37
ISL, 36, 59
ISL, 37, 38
ISL, 37, 48
ISL, 38, 39
ISL, 38, 49
ISL, 39, 40
ISL, 39, 50
ISL, 40, 41
ISL, 40, 50
ISL, 41, 42
ISL, 41, 52
ISL, 42, 43
ISL, 42, 53
ISL, 43, 44
ISL, 43, 54
ISL, 44, 45
ISL, 44, 55
ISL, 45, 46
ISL, 45, 56
ISL, 46, 47
ISL, 46, 56
ISL, 47, 36
ISL, 47, 58
ISL, 48, 49
ISL, 48, 71
ISL, 49, 50
ISL, 49, 60
ISL, 50, 51
ISL, 50, 61
ISL, 51, 52
ISL, 51, 62
ISL, 52, 53
ISL, 52, 63
ISL, 53, 54
ISL, 53, 64
ISL, 54, 55
ISL, 54, 65
ISL, 55, 56
ISL, 55, 66
ISL, 56, 57
ISL, 56, 67
ISL, 57, 58
ISL, 57, 68
ISL, 58, 59
ISL, 58, 69
ISL, 59, 48
ISL, 59, 70
ISL, 60, 61
ISL, 60, 83
ISL, 61, 62
ISL, 61, 72
ISL, 62, 63
ISL, 62, 73
ISL, 63, 64
ISL, 63, 73
ISL, 64, 65
ISL, 64, 75
ISL, 65, 66
ISL, 65, 76
ISL, 66, 67
ISL, 66, 77
ISL, 67, 68
ISL, 67, 78
ISL, 68, 69
ISL, 68, 79
ISL, 69, 70
ISL, 69, 79
ISL, 70, 71
ISL, 70, 81
ISL, 71, 60
ISL, 71, 82
ISL, 72, 73
ISL, 72, 95
ISL, 73, 74
ISL, 73, 84
ISL, 74, 75
ISL, 74, 85
ISL, 75, 76
ISL, 75, 85
ISL, 76, 77
ISL, 76, 87
ISL, 77, 78
ISL, 77, 88
ISL, 78, 79
ISL, 78, 89
ISL, 79, 80
ISL, 79, 90
ISL, 80, 81
ISL, 80, 91
ISL, 81, 82
ISL, 81, 91
ISL, 82, 83
ISL, 82, 93
ISL, 83, 72
ISL, 83, 94
ISL, 84, 85
ISL, 84, 2
ISL, 85, 86
ISL, 85, 3
ISL, 86, 87
ISL, 86, 4
ISL, 87, 88
ISL, 87, 5
ISL, 88, 89
ISL, 88, 6
ISL, 89, 90
ISL, 89, 7
ISL, 90, 91
ISL, 90, 8
ISL, 91, 92
ISL, 91, 9
ISL, 92, 93
ISL, 92, 10
ISL, 93, 94
ISL, 93, 11
ISL, 94, 95
ISL, 94, 0
ISL, 95, 84
ISL, 95, 1
