[METADATA]
Time: 2026-04-12 04:17:13
Step: 186
Total_Sats: 96

[NODES]
ID, Name, Lat(deg), Lon(deg), Alt(km)
0, W-00-00, -25.52959, 74.35140, 496.810
1, W-00-01, -1.98747, 93.81941, 492.889
2, W-00-02, 21.78272, 112.72205, 495.788
3, W-00-03, 42.53568, 138.70780, 502.595
4, W-00-04, 53.10054, -178.79689, 506.500
5, W-00-05, 45.26917, -133.79970, 503.614
6, W-00-06, 25.52959, -105.64860, 496.810
7, W-00-07, 1.98747, -86.18059, 492.889
8, W-00-08, -21.78272, -67.27795, 495.788
9, W-00-09, -42.53568, -41.29220, 502.595
10, W-00-10, -53.10054, 1.20311, 506.500
11, W-00-11, -45.26917, 46.20030, 503.614
12, W-01-00, -16.90378, 127.15396, 494.658
13, W-01-01, 7.04264, 145.61688, 493.182
14, W-01-02, 30.16631, 166.11077, 498.231
15, W-01-03, 48.29068, -162.52517, 504.739
16, W-01-04, 52.29131, -115.30307, 506.208
17, W-01-05, 38.68102, -76.52957, 501.176
18, W-01-06, 16.90378, -52.84604, 494.658
19, W-01-07, -7.04264, -34.38312, 493.182
20, W-01-08, -30.16631, -13.88923, 498.231
21, W-01-09, -48.29068, 17.47483, 504.739
22, W-01-10, -52.29131, 64.69693, 506.208
23, W-01-11, -38.68102, 103.47043, 501.176
24, W-02-00, -7.99951, 179.26751, 493.274
25, W-02-01, 15.96670, -162.31908, 494.469
26, W-02-02, 37.90914, -139.01722, 500.896
27, W-02-03, 52.03885, -100.97966, 506.116
28, W-02-04, 48.79707, -53.48981, 504.927
29, W-02-05, 31.02587, -21.46273, 498.511
30, W-02-06, 7.99951, -0.73249, 493.274
31, W-02-07, -15.96670, 17.68092, 494.469
32, W-02-08, -37.90914, 40.98278, 500.896
33, W-02-09, -52.03885, 79.02034, 506.116
34, W-02-10, -48.79707, 126.51019, 504.927
35, W-02-11, -31.02587, 158.53727, 498.511
36, W-03-00, 1.02588, -128.92311, 492.870
37, W-03-01, 24.63083, -109.61044, 496.553
38, W-03-02, 44.63447, -82.01258, 503.377
39, W-03-03, 53.15236, -37.57084, 506.518
40, W-03-04, 43.22281, 5.57553, 502.850
41, W-03-05, 22.69667, 32.05578, 496.025
42, W-03-06, -1.02588, 51.07689, 492.870
43, W-03-07, -24.63083, 70.38956, 496.553
44, W-03-08, -44.63447, 97.98742, 503.377
45, W-03-09, -53.15236, 142.42916, 506.518
46, W-03-10, -43.22281, -174.42447, 502.850
47, W-03-11, -22.69667, -147.94422, 496.025
48, W-04-00, 10.03609, -77.07549, 493.507
49, W-04-01, 32.83400, -55.79383, 499.115
50, W-04-02, 49.79757, -22.30397, 505.296
51, W-04-03, 51.40015, 25.57197, 505.884
52, W-04-04, 36.22520, 62.03748, 500.293
53, W-04-05, 13.95814, 84.58129, 494.098
54, W-04-06, -10.03609, 102.92451, 493.507
55, W-04-07, -32.83400, 124.20617, 499.115
56, W-04-08, -49.79757, 157.69603, 505.296
57, W-04-09, -51.40015, -154.42803, 505.884
58, W-04-10, -36.22520, -117.96252, 500.293
59, W-04-11, -13.95814, -95.41871, 494.098
60, W-05-00, 18.89225, -24.84183, 495.089
61, W-05-01, 40.28716, -0.28592, 501.763
62, W-05-02, 52.72616, 40.03805, 506.365
63, W-05-03, 47.13562, 86.51490, 504.310
64, W-05-04, 28.30919, 116.51874, 497.643
65, W-05-05, 4.99758, 136.55378, 493.024
66, W-05-06, -18.89225, 155.15817, 495.089
67, W-05-07, -40.28716, 179.71408, 501.763
68, W-05-08, -52.72616, -139.96195, 506.365
69, W-05-09, -47.13562, -93.48510, 504.310
70, W-05-10, -28.30919, -63.48126, 497.643
71, W-05-11, -4.99758, -43.44622, 493.024
72, W-06-00, 27.42843, 28.17913, 497.372
73, W-06-01, 46.56099, 57.57236, 504.096
74, W-06-02, 52.88026, 103.62355, 506.420
75, W-06-03, 41.01977, 144.65807, 502.033
76, W-06-04, 19.81889, 169.65083, 495.304
77, W-06-05, -4.03756, -171.66143, 492.968
78, W-06-06, -27.42843, -151.82087, 497.372
79, W-06-07, -46.56099, -122.42764, 504.096
80, W-06-08, -52.88026, -76.37645, 506.420
81, W-06-09, -41.01977, -35.34193, 502.033
82, W-06-10, -19.81889, -10.34917, 495.304
83, W-06-11, 4.03756, 8.33857, 492.968
84, W-07-00, 35.41952, 82.48863, 500.008
85, W-07-01, 51.05533, 118.22204, 505.758
86, W-07-02, 50.22729, 166.18938, 505.455
87, W-07-03, 33.66871, -159.61523, 499.400
88, W-07-04, 10.98815, -138.05221, 493.634
89, W-07-05, -13.01264, -119.72541, 493.939
90, W-07-06, -35.41952, -97.51137, 500.008
91, W-07-07, -51.05533, -61.77796, 505.758
92, W-07-08, -50.22729, -13.81062, 505.455
93, W-07-09, -33.66871, 20.38477, 499.400
94, W-07-10, -10.98815, 41.94779, 493.634
95, W-07-11, 13.01264, 60.27459, 493.939

[LINKS]
Type, SourceID, TargetID
ISL, 0, 1
ISL, 0, 23
ISL, 1, 2
ISL, 1, 12
ISL, 2, 3
ISL, 2, 13
ISL, 3, 4
ISL, 3, 14
ISL, 4, 5
ISL, 4, 15
ISL, 5, 6
ISL, 5, 15
ISL, 6, 7
ISL, 6, 17
ISL, 7, 8
ISL, 7, 18
ISL, 8, 9
ISL, 8, 19
ISL, 9, 10
ISL, 9, 20
ISL, 10, 11
ISL, 10, 21
ISL, 11, 0
ISL, 11, 21
ISL, 12, 13
ISL, 12, 35
ISL, 13, 14
ISL, 13, 24
ISL, 14, 15
ISL, 14, 25
ISL, 15, 16
ISL, 15, 26
ISL, 16, 17
ISL, 16, 27
ISL, 17, 18
ISL, 17, 28
ISL, 18, 19
ISL, 18, 29
ISL, 19, 20
ISL, 19, 30
ISL, 20, 21
ISL, 20, 31
ISL, 21, 22
ISL, 21, 32
ISL, 22, 23
ISL, 22, 33
ISL, 23, 12
ISL, 23, 34
ISL, 24, 25
ISL, 24, 47
ISL, 25, 26
ISL, 25, 36
ISL, 26, 27
ISL, 26, 37
ISL, 27, 28
ISL, 27, 38
ISL, 28, 29
ISL, 28, 39
ISL, 29, 30
ISL, 29, 40
ISL, 30, 31
ISL, 30, 41
ISL, 31, 32
ISL, 31, 42
ISL, 32, 33
ISL, 32, 43
ISL, 33, 34
ISL, 33, 44
ISL, 34, 35
ISL, 34, 45
ISL, 35, 24
ISL, 35, 46
ISL, 36, 37
ISL, 36, 59
ISL, 37, 38
ISL, 37, 48
ISL, 38, 39
ISL, 38, 49
ISL, 39, 40
ISL, 39, 50
ISL, 40, 41
ISL, 40, 50
ISL, 41, 42
ISL, 41, 52
ISL, 42, 43
ISL, 42, 53
ISL, 43, 44
ISL, 43, 54
ISL, 44, 45
ISL, 44, 55
ISL, 45, 46
ISL, 45, 56
ISL, 46, 47
ISL, 46, 56
ISL, 47, 36
ISL, 47, 58
ISL, 48, 49
ISL, 48, 71
ISL, 49, 50
ISL, 49, 60
ISL, 50, 51
ISL, 50, 61
ISL, 51, 52
ISL, 51, 62
ISL, 52, 53
ISL, 52, 63
ISL, 53, 54
ISL, 53, 64
ISL, 54, 55
ISL, 54, 65
ISL, 55, 56
ISL, 55, 66
ISL, 56, 57
ISL, 56, 67
ISL, 57, 58
ISL, 57, 68
ISL, 58, 59
ISL, 58, 69
ISL, 59, 48
ISL, 59, 70
ISL, 60, 61
ISL, 60, 83
ISL, 61, 62
ISL, 61, 72
ISL, 62, 63
ISL, 62, 73
ISL, 63, 64
ISL, 63, 73
ISL, 64, 65
ISL, 64, 75
ISL, 65, 66
ISL, 65, 76
ISL, 66, 67
ISL, 66, 77
ISL, 67, 68
ISL, 67, 78
ISL, 68, 69
ISL, 68, 79
ISL, 69, 70
ISL, 69, 79
ISL, 70, 71
ISL, 70, 81
ISL, 71, 60
ISL, 71, 82
ISL, 72, 73
ISL, 72, 95
ISL, 73, 74
ISL, 73, 84
ISL, 74, 75
ISL, 74, 85
ISL, 75, 76
ISL, 75, 85
ISL, 76, 77
ISL, 76, 87
ISL, 77, 78
ISL, 77, 88
ISL, 78, 79
ISL, 78, 89
ISL, 79, 80
ISL, 79, 90
ISL, 80, 81
ISL, 80, 91
ISL, 81, 82
ISL, 81, 91
ISL, 82, 83
ISL, 82, 93
ISL, 83, 72
ISL, 83, 94
ISL, 84, 85
ISL, 84, 2
ISL, 85, 86
ISL, 85, 3
ISL, 86, 87
ISL, 86, 4
ISL, 87, 88
ISL, 87, 5
ISL, 88, 89
ISL, 88, 6
ISL, 89, 90
ISL, 89, 7
ISL, 90, 91
ISL, 90, 8
ISL, 91, 92
ISL, 91, 9
ISL, 92, 93
ISL, 92, 10
ISL, 93, 94
ISL, 93, 11
ISL, 94, 95
ISL, 94, 0
ISL, 95, 84
ISL, 95, 1
