[METADATA]
Time: 2026-04-12 02:49:13
Step: 10
Total_Sats: 96

[NODES]
ID, Name, Lat(deg), Lon(deg), Alt(km)
0, W-00-00, -6.27797, 112.64311, 493.117
1, W-00-01, 17.64959, 131.15322, 494.815
2, W-00-02, 39.28865, 155.15380, 501.397
3, W-00-03, 52.47074, -165.48842, 506.273
4, W-00-04, 47.87013, -118.51815, 504.583
5, W-00-05, 29.47504, -87.67195, 498.009
6, W-00-06, 6.27797, -67.35689, 493.117
7, W-00-07, -17.64959, -48.84678, 494.815
8, W-00-08, -39.28865, -24.84620, 501.397
9, W-00-09, -52.47074, 14.51158, 506.273
10, W-00-10, -47.87013, 61.48185, 504.583
11, W-00-11, -29.47504, 92.32805, 498.009
12, W-01-00, 2.75482, 164.43381, 492.912
13, W-01-01, 26.24314, -175.96542, 497.018
14, W-01-02, 45.76271, -147.35933, 503.798
15, W-01-03, 53.03554, -101.94581, 506.476
16, W-01-04, 41.97622, -59.98681, 502.387
17, W-01-05, 21.05007, -34.38245, 495.603
18, W-01-06, -2.75482, -15.56619, 492.912
19, W-01-07, -26.24314, 4.03458, 497.018
20, W-01-08, -45.76271, 32.64067, 503.798
21, W-01-09, -53.03554, 78.05419, 506.476
22, W-01-10, -41.97622, 120.01319, 502.387
23, W-01-11, -21.05007, 145.61755, 495.603
24, W-02-00, 11.74677, -143.67259, 493.743
25, W-02-01, 34.32873, -121.87419, 499.627
26, W-02-02, 50.55153, -87.10796, 505.574
27, W-02-03, 50.75998, -39.10945, 505.650
28, W-02-04, 34.76936, -3.95600, 499.781
29, W-02-05, 12.25624, 18.00619, 493.819
30, W-02-06, -11.74677, 36.32741, 493.743
31, W-02-07, -34.32873, 58.12581, 499.627
32, W-02-08, -50.55153, 92.89204, 505.574
33, W-02-09, -50.75998, 140.89055, 505.650
34, W-02-10, -34.76936, 176.04400, 499.781
35, W-02-11, -12.25624, -161.99381, 493.819
36, W-03-00, 20.55585, -91.32181, 495.481
37, W-03-01, 41.59468, -65.96731, 502.246
38, W-03-02, 52.98008, -24.37626, 506.456
39, W-03-03, 46.08787, 21.30281, 503.919
40, W-03-04, 26.72100, 50.22150, 497.159
41, W-03-05, 3.27073, 69.91599, 492.932
42, W-03-06, -20.55585, 88.67819, 495.481
43, W-03-07, -41.59468, 114.03269, 502.246
44, W-03-08, -52.98008, 155.62374, 506.456
45, W-03-09, -46.08787, -158.69719, 503.919
46, W-03-10, -26.72100, -129.77850, 497.159
47, W-03-11, -3.27073, -110.08401, 492.932
48, W-04-00, 29.00767, -38.09687, 497.861
49, W-04-01, 47.57938, -7.59304, 504.475
50, W-04-02, 52.58022, 39.18946, 506.312
51, W-04-03, 39.69288, 78.93772, 501.545
52, W-04-04, 18.15000, 103.15781, 494.923
53, W-04-05, -5.76333, 121.70351, 493.077
54, W-04-06, -29.00767, 141.90313, 497.861
55, W-04-07, -47.57938, 172.40696, 504.475
56, W-04-08, -52.58022, -140.81054, 506.312
57, W-04-09, -39.69288, -101.06228, 501.545
58, W-04-10, -18.15000, -76.84219, 494.923
59, W-04-11, 5.76333, -58.29649, 493.077
60, W-05-00, 36.86101, 16.52668, 500.519
61, W-05-01, 51.65482, 53.57959, 505.977
62, W-05-02, 49.43629, 101.34120, 505.163
63, W-05-03, 32.16168, 134.27651, 498.888
64, W-05-04, 9.27488, 155.34418, 493.414
65, W-05-05, -14.71112, 173.70804, 494.232
66, W-05-06, -36.86101, -163.47332, 500.519
67, W-05-07, -51.65482, -126.42041, 505.977
68, W-05-08, -49.43629, -78.65880, 505.163
69, W-05-09, -32.16168, -45.72349, 498.888
70, W-05-10, -9.27488, -24.65582, 493.414
71, W-05-11, 14.71112, -6.29196, 494.232
72, W-06-00, 43.75989, 73.18781, 503.050
73, W-06-01, 53.17001, 116.83497, 506.525
74, W-06-02, 44.11520, 160.80846, 503.183
75, W-06-03, 23.90971, -172.02186, 496.353
76, W-06-04, 0.25817, -152.82457, 492.863
77, W-06-05, -23.42296, -133.70063, 496.220
78, W-06-06, -43.75989, -106.81219, 503.050
79, W-06-07, -53.17001, -63.16503, 506.525
80, W-06-08, -44.11520, -19.19154, 503.183
81, W-06-09, -23.90971, 7.97814, 496.353
82, W-06-10, -0.25817, 27.17543, 492.863
83, W-06-11, 23.42296, 46.29937, 496.220
84, W-07-00, 49.18443, 132.49308, 505.070
85, W-07-01, 51.81561, -179.84259, 506.035
86, W-07-02, 37.28482, -142.39383, 500.671
87, W-07-03, 15.21658, -119.38446, 494.325
88, W-07-04, -8.76236, -101.00293, 493.355
89, W-07-05, -31.70663, -80.07400, 498.736
90, W-07-06, -49.18443, -47.50692, 505.070
91, W-07-07, -51.81561, 0.15741, 506.035
92, W-07-08, -37.28482, 37.60617, 500.671
93, W-07-09, -15.21658, 60.61554, 494.325
94, W-07-10, 8.76236, 78.99707, 493.355
95, W-07-11, 31.70663, 99.92600, 498.736

[LINKS]
Type, SourceID, TargetID
ISL, 0, 1
ISL, 0, 23
ISL, 1, 2
ISL, 1, 12
ISL, 2, 3
ISL, 2, 13
ISL, 3, 4
ISL, 3, 14
ISL, 4, 5
ISL, 4, 15
ISL, 5, 6
ISL, 5, 15
ISL, 6, 7
ISL, 6, 17
ISL, 7, 8
ISL, 7, 18
ISL, 8, 9
ISL, 8, 19
ISL, 9, 10
ISL, 9, 20
ISL, 10, 11
ISL, 10, 21
ISL, 11, 0
ISL, 11, 21
ISL, 12, 13
ISL, 12, 35
ISL, 13, 14
ISL, 13, 24
ISL, 14, 15
ISL, 14, 25
ISL, 15, 16
ISL, 15, 26
ISL, 16, 17
ISL, 16, 27
ISL, 17, 18
ISL, 17, 28
ISL, 18, 19
ISL, 18, 29
ISL, 19, 20
ISL, 19, 30
ISL, 20, 21
ISL, 20, 31
ISL, 21, 22
ISL, 21, 32
ISL, 22, 23
ISL, 22, 33
ISL, 23, 12
ISL, 23, 34
ISL, 24, 25
ISL, 24, 47
ISL, 25, 26
ISL, 25, 36
ISL, 26, 27
ISL, 26, 37
ISL, 27, 28
ISL, 27, 38
ISL, 28, 29
ISL, 28, 39
ISL, 29, 30
ISL, 29, 40
ISL, 30, 31
ISL, 30, 41
ISL, 31, 32
ISL, 31, 42
ISL, 32, 33
ISL, 32, 43
ISL, 33, 34
ISL, 33, 44
ISL, 34, 35
ISL, 34, 45
ISL, 35, 24
ISL, 35, 46
ISL, 36, 37
ISL, 36, 59
ISL, 37, 38
ISL, 37, 48
ISL, 38, 39
ISL, 38, 49
ISL, 39, 40
ISL, 39, 50
ISL, 40, 41
ISL, 40, 50
ISL, 41, 42
ISL, 41, 52
ISL, 42, 43
ISL, 42, 53
ISL, 43, 44
ISL, 43, 54
ISL, 44, 45
ISL, 44, 55
ISL, 45, 46
ISL, 45, 56
ISL, 46, 47
ISL, 46, 56
ISL, 47, 36
ISL, 47, 58
ISL, 48, 49
ISL, 48, 71
ISL, 49, 50
ISL, 49, 60
ISL, 50, 51
ISL, 50, 61
ISL, 51, 52
ISL, 51, 62
ISL, 52, 53
ISL, 52, 63
ISL, 53, 54
ISL, 53, 64
ISL, 54, 55
ISL, 54, 65
ISL, 55, 56
ISL, 55, 66
ISL, 56, 57
ISL, 56, 67
ISL, 57, 58
ISL, 57, 68
ISL, 58, 59
ISL, 58, 69
ISL, 59, 48
ISL, 59, 70
ISL, 60, 61
ISL, 60, 83
ISL, 61, 62
ISL, 61, 72
ISL, 62, 63
ISL, 62, 73
ISL, 63, 64
ISL, 63, 73
ISL, 64, 65
ISL, 64, 75
ISL, 65, 66
ISL, 65, 76
ISL, 66, 67
ISL, 66, 77
ISL, 67, 68
ISL, 67, 78
ISL, 68, 69
ISL, 68, 79
ISL, 69, 70
ISL, 69, 79
ISL, 70, 71
ISL, 70, 81
ISL, 71, 60
ISL, 71, 82
ISL, 72, 73
ISL, 72, 95
ISL, 73, 74
ISL, 73, 84
ISL, 74, 75
ISL, 74, 85
ISL, 75, 76
ISL, 75, 85
ISL, 76, 77
ISL, 76, 87
ISL, 77, 78
ISL, 77, 88
ISL, 78, 79
ISL, 78, 89
ISL, 79, 80
ISL, 79, 90
ISL, 80, 81
ISL, 80, 91
ISL, 81, 82
ISL, 81, 91
ISL, 82, 83
ISL, 82, 93
ISL, 83, 72
ISL, 83, 94
ISL, 84, 85
ISL, 84, 2
ISL, 85, 86
ISL, 85, 3
ISL, 86, 87
ISL, 86, 4
ISL, 87, 88
ISL, 87, 5
ISL, 88, 89
ISL, 88, 6
ISL, 89, 90
ISL, 89, 7
ISL, 90, 91
ISL, 90, 8
ISL, 91, 92
ISL, 91, 9
ISL, 92, 93
ISL, 92, 10
ISL, 93, 94
ISL, 93, 11
ISL, 94, 95
ISL, 94, 0
ISL, 95, 84
ISL, 95, 1
