[METADATA]
Time: 2026-04-12 02:47:13
Step: 6
Total_Sats: 96

[NODES]
ID, Name, Lat(deg), Lon(deg), Alt(km)
0, W-00-00, -12.35255, 108.43098, 493.834
1, W-00-01, 11.65033, 126.75254, 493.728
2, W-00-02, 34.24508, 148.52045, 499.598
3, W-00-03, 50.51122, -176.78628, 505.559
4, W-00-04, 50.79853, -128.78967, 505.664
5, W-00-05, 34.85241, -93.56270, 499.809
6, W-00-06, 12.35255, -71.56902, 493.834
7, W-00-07, -11.65033, -53.24746, 493.728
8, W-00-08, -34.24508, -31.47955, 499.598
9, W-00-09, -50.51122, 3.21372, 505.559
10, W-00-10, -50.79853, 51.21033, 505.664
11, W-00-11, -34.85241, 86.43730, 499.809
12, W-01-00, -3.36831, 160.34397, 492.936
13, W-01-01, 20.46223, 179.09630, 495.458
14, W-01-02, 41.52204, -155.59587, 502.219
15, W-01-03, 52.96853, -114.07502, 506.452
16, W-01-04, 46.14875, -68.34708, 503.942
17, W-01-05, 26.81122, -39.36865, 497.186
18, W-01-06, 3.36831, -19.65603, 492.936
19, W-01-07, -20.46223, -0.90370, 495.458
20, W-01-08, -41.52204, 24.40413, 502.219
21, W-01-09, -52.96853, 65.92498, 506.452
22, W-01-10, -46.14875, 111.65292, 503.942
23, W-01-11, -26.81122, 140.63135, 497.186
24, W-02-00, 5.66594, -147.86899, 493.070
25, W-02-01, 28.91904, -127.69078, 497.833
26, W-02-02, 47.52368, -97.25116, 504.454
27, W-02-03, 52.59991, -50.50581, 506.319
28, W-02-04, 39.76894, -10.68396, 501.573
29, W-02-05, 18.24455, 13.57822, 494.944
30, W-02-06, -5.66594, 32.13101, 493.070
31, W-02-07, -28.91904, 52.30922, 497.833
32, W-02-08, -47.52368, 82.74884, 504.454
33, W-02-09, -52.59991, 129.49419, 506.319
34, W-02-10, -39.76894, 169.31604, 501.573
35, W-02-11, -18.24455, -166.42178, 494.944
36, W-03-00, 14.61542, -95.86868, 494.215
37, W-03-01, 36.78050, -73.08559, 500.491
38, W-03-02, 51.62345, -36.10750, 505.965
39, W-03-03, 49.48313, 11.67067, 505.181
40, W-03-04, 32.24750, 44.67607, 498.917
41, W-03-05, 9.37178, 65.77045, 493.426
42, W-03-06, -14.61542, 84.13132, 494.215
43, W-03-07, -36.78050, 106.91441, 500.491
44, W-03-08, -51.62345, 143.89250, 505.965
45, W-03-09, -49.48313, -168.32933, 505.181
46, W-03-10, -32.24750, -135.32393, 498.917
47, W-03-11, -9.37178, -114.22955, 493.426
48, W-04-00, 23.33072, -43.28590, 496.195
49, W-04-01, 43.69214, -16.45006, 503.025
50, W-04-02, 53.16893, 27.13440, 506.524
51, W-04-03, 44.18187, 71.16861, 503.208
52, W-04-04, 24.00163, 98.39210, 496.378
53, W-04-05, 0.35584, 117.60365, 492.864
54, W-04-06, -23.33072, 136.71410, 496.195
55, W-04-07, -43.69214, 163.54994, 503.025
56, W-04-08, -53.16893, -152.86560, 506.524
57, W-04-09, -44.18187, -108.83139, 503.208
58, W-04-10, -24.00163, -81.60790, 496.378
59, W-04-11, -0.35584, -62.39635, 492.864
60, W-05-00, 31.62030, 10.32675, 498.708
61, W-05-01, 49.13600, 42.82462, 505.052
62, W-05-02, 51.84507, 90.46872, 506.046
63, W-05-03, 37.36464, 127.99240, 500.700
64, W-05-04, 15.31211, 151.03838, 494.343
65, W-05-05, -8.66536, 169.42359, 493.345
66, W-05-06, -31.62030, -169.67325, 498.708
67, W-05-07, -49.13600, -137.17538, 505.052
68, W-05-08, -51.84507, -89.53128, 506.046
69, W-05-09, -37.36464, -52.00760, 500.700
70, W-05-10, -15.31211, -28.96162, 494.343
71, W-05-11, 8.66536, -10.57641, 493.345
72, W-06-00, 39.21177, 65.53380, 501.369
73, W-06-01, 52.44901, 104.81746, 506.265
74, W-06-02, 47.92442, 151.82161, 504.603
75, W-06-03, 29.56323, -177.26689, 498.038
76, W-06-04, 6.37530, -156.92956, 493.125
77, W-06-05, -17.55482, -138.42583, 494.794
78, W-06-06, -39.21177, -114.46620, 501.369
79, W-06-07, -52.44901, -75.18254, 506.265
80, W-06-08, -47.92442, -28.17839, 504.603
81, W-06-09, -29.56323, 2.73311, 498.038
82, W-06-10, -6.37530, 23.07044, 493.125
83, W-06-11, 17.55482, 41.57417, 494.794
84, W-07-00, 45.70058, 122.99286, 503.775
85, W-07-01, 53.04497, 168.35482, 506.480
86, W-07-02, 42.04792, -149.61720, 502.414
87, W-07-03, 21.14343, -123.96498, 495.626
88, W-07-04, -2.65721, -105.13813, 492.909
89, W-07-05, -26.15256, -85.55469, 496.991
90, W-07-06, -45.70058, -57.00714, 503.775
91, W-07-07, -53.04497, -11.64518, 506.480
92, W-07-08, -42.04792, 30.38280, 502.414
93, W-07-09, -21.14343, 56.03502, 495.626
94, W-07-10, 2.65721, 74.86187, 492.909
95, W-07-11, 26.15256, 94.44531, 496.991

[LINKS]
Type, SourceID, TargetID
ISL, 0, 1
ISL, 0, 23
ISL, 1, 2
ISL, 1, 12
ISL, 2, 3
ISL, 2, 13
ISL, 3, 4
ISL, 3, 14
ISL, 4, 5
ISL, 4, 15
ISL, 5, 6
ISL, 5, 15
ISL, 6, 7
ISL, 6, 17
ISL, 7, 8
ISL, 7, 18
ISL, 8, 9
ISL, 8, 19
ISL, 9, 10
ISL, 9, 20
ISL, 10, 11
ISL, 10, 21
ISL, 11, 0
ISL, 11, 21
ISL, 12, 13
ISL, 12, 35
ISL, 13, 14
ISL, 13, 24
ISL, 14, 15
ISL, 14, 25
ISL, 15, 16
ISL, 15, 26
ISL, 16, 17
ISL, 16, 27
ISL, 17, 18
ISL, 17, 28
ISL, 18, 19
ISL, 18, 29
ISL, 19, 20
ISL, 19, 30
ISL, 20, 21
ISL, 20, 31
ISL, 21, 22
ISL, 21, 32
ISL, 22, 23
ISL, 22, 33
ISL, 23, 12
ISL, 23, 34
ISL, 24, 25
ISL, 24, 47
ISL, 25, 26
ISL, 25, 36
ISL, 26, 27
ISL, 26, 37
ISL, 27, 28
ISL, 27, 38
ISL, 28, 29
ISL, 28, 39
ISL, 29, 30
ISL, 29, 40
ISL, 30, 31
ISL, 30, 41
ISL, 31, 32
ISL, 31, 42
ISL, 32, 33
ISL, 32, 43
ISL, 33, 34
ISL, 33, 44
ISL, 34, 35
ISL, 34, 45
ISL, 35, 24
ISL, 35, 46
ISL, 36, 37
ISL, 36, 59
ISL, 37, 38
ISL, 37, 48
ISL, 38, 39
ISL, 38, 49
ISL, 39, 40
ISL, 39, 50
ISL, 40, 41
ISL, 40, 50
ISL, 41, 42
ISL, 41, 52
ISL, 42, 43
ISL, 42, 53
ISL, 43, 44
ISL, 43, 54
ISL, 44, 45
ISL, 44, 55
ISL, 45, 46
ISL, 45, 56
ISL, 46, 47
ISL, 46, 56
ISL, 47, 36
ISL, 47, 58
ISL, 48, 49
ISL, 48, 71
ISL, 49, 50
ISL, 49, 60
ISL, 50, 51
ISL, 50, 61
ISL, 51, 52
ISL, 51, 62
ISL, 52, 53
ISL, 52, 63
ISL, 53, 54
ISL, 53, 64
ISL, 54, 55
ISL, 54, 65
ISL, 55, 56
ISL, 55, 66
ISL, 56, 57
ISL, 56, 67
ISL, 57, 58
ISL, 57, 68
ISL, 58, 59
ISL, 58, 69
ISL, 59, 48
ISL, 59, 70
ISL, 60, 61
ISL, 60, 83
ISL, 61, 62
ISL, 61, 72
ISL, 62, 63
ISL, 62, 73
ISL, 63, 64
ISL, 63, 73
ISL, 64, 65
ISL, 64, 75
ISL, 65, 66
ISL, 65, 76
ISL, 66, 67
ISL, 66, 77
ISL, 67, 68
ISL, 67, 78
ISL, 68, 69
ISL, 68, 79
ISL, 69, 70
ISL, 69, 79
ISL, 70, 71
ISL, 70, 81
ISL, 71, 60
ISL, 71, 82
ISL, 72, 73
ISL, 72, 95
ISL, 73, 74
ISL, 73, 84
ISL, 74, 75
ISL, 74, 85
ISL, 75, 76
ISL, 75, 85
ISL, 76, 77
ISL, 76, 87
ISL, 77, 78
ISL, 77, 88
ISL, 78, 79
ISL, 78, 89
ISL, 79, 80
ISL, 79, 90
ISL, 80, 81
ISL, 80, 91
ISL, 81, 82
ISL, 81, 91
ISL, 82, 83
ISL, 82, 93
ISL, 83, 72
ISL, 83, 94
ISL, 84, 85
ISL, 84, 2
ISL, 85, 86
ISL, 85, 3
ISL, 86, 87
ISL, 86, 4
ISL, 87, 88
ISL, 87, 5
ISL, 88, 89
ISL, 88, 6
ISL, 89, 90
ISL, 89, 7
ISL, 90, 91
ISL, 90, 8
ISL, 91, 92
ISL, 91, 9
ISL, 92, 93
ISL, 92, 10
ISL, 93, 94
ISL, 93, 11
ISL, 94, 95
ISL, 94, 0
ISL, 95, 84
ISL, 95, 1
