[METADATA]
Time: 2026-04-12 03:48:13
Step: 128
Total_Sats: 96

[NODES]
ID, Name, Lat(deg), Lon(deg), Alt(km)
0, W-00-00, -28.88769, -53.01618, 497.824
1, W-00-01, -47.50393, -22.59922, 504.447
2, W-00-02, -52.60679, 24.13287, 506.322
3, W-00-03, -39.79580, 63.98072, 501.583
4, W-00-04, -18.27797, 88.25783, 494.951
5, W-00-05, 5.63150, 106.81314, 493.067
6, W-00-06, 28.88769, 126.98382, 497.824
7, W-00-07, 47.50393, 157.40078, 504.447
8, W-00-08, 52.60679, -155.86713, 506.322
9, W-00-09, 39.79580, -116.01928, 501.583
10, W-00-10, 18.27797, -91.74217, 494.951
11, W-00-11, -5.63150, -73.18686, 493.067
12, W-01-00, -36.75200, 1.58254, 500.480
13, W-01-01, -51.61228, 38.53417, 505.961
14, W-01-02, -49.49963, 86.31807, 505.187
15, W-01-03, -32.27783, 119.34828, 498.927
16, W-01-04, -9.40603, 140.45214, 493.430
17, W-01-05, 14.58157, 158.81197, 494.208
18, W-01-06, 36.75200, -178.41746, 500.480
19, W-01-07, 51.61228, -141.46583, 505.961
20, W-01-08, 49.49963, -93.68193, 505.187
21, W-01-09, 32.27783, -60.65172, 498.927
22, W-01-10, 9.40603, -39.54786, 493.430
23, W-01-11, -14.58157, -21.18803, 494.208
24, W-02-00, -43.66815, 58.20904, 503.016
25, W-02-01, -53.16847, 101.77125, 506.524
26, W-02-02, -44.20540, 145.82686, 503.217
27, W-02-03, -24.03411, 173.06941, 496.387
28, W-02-04, -0.39037, -167.71396, 492.864
29, W-02-05, 23.29810, -148.60826, 496.186
30, W-02-06, 43.66815, -121.79096, 503.016
31, W-02-07, 53.16847, -78.22875, 506.524
32, W-02-08, 44.20540, -34.17314, 503.217
33, W-02-09, 24.03411, -6.93059, 496.387
34, W-02-10, 0.39037, 12.28604, 492.864
35, W-02-11, -23.29810, 31.39174, 496.186
36, W-03-00, -49.11882, 117.47290, 505.046
37, W-03-01, -51.85541, 165.10971, 506.050
38, W-03-02, -37.39283, -157.34012, 500.710
39, W-03-03, -15.34588, -134.28115, 494.350
40, W-03-04, 8.63106, -115.89461, 493.341
41, W-03-05, 31.58975, -95.00054, 498.697
42, W-03-06, 49.11882, -62.52710, 505.046
43, W-03-07, 51.85541, -14.89029, 506.050
44, W-03-08, 37.39283, 22.65988, 500.710
45, W-03-09, 15.34588, 45.71885, 494.350
46, W-03-10, -8.63106, 64.10539, 493.341
47, W-03-11, -31.58975, 84.99946, 498.697
48, W-04-00, -52.44125, 179.45664, 506.262
49, W-04-01, -47.94356, -133.52737, 504.610
50, W-04-02, -29.59439, -102.59273, 498.047
51, W-04-03, -6.40970, -82.24749, 493.127
52, W-04-04, 17.52130, -63.74600, 494.787
53, W-04-05, 39.18457, -39.80080, 501.359
54, W-04-06, 52.44125, -0.54336, 506.262
55, W-04-07, 47.94356, 46.47263, 504.610
56, W-04-08, 29.59439, 77.40727, 498.047
57, W-04-09, 6.40970, 97.75251, 493.127
58, W-04-10, -17.52130, 116.25400, 494.787
59, W-04-11, -39.18457, 140.19920, 501.359
60, W-05-00, -53.04823, -117.00792, 506.481
61, W-05-01, -42.07324, -74.95561, 502.423
62, W-05-02, -21.17642, -49.28642, 495.634
63, W-05-03, 2.62270, -30.45580, 492.907
64, W-05-04, 26.12052, -10.87845, 496.982
65, W-05-05, 45.67857, 17.64845, 503.766
66, W-05-06, 53.04823, 62.99208, 506.481
67, W-05-07, 42.07324, 105.04439, 502.423
68, W-05-08, 21.17642, 130.71358, 495.634
69, W-05-09, -2.62270, 149.54420, 492.907
70, W-05-10, -26.12052, 169.12155, 496.982
71, W-05-11, -45.67857, -162.35155, 503.766
72, W-06-00, -50.81209, -54.14570, 505.669
73, W-06-01, -34.88175, -18.89271, 499.820
74, W-06-02, -12.38660, 3.11214, 493.840
75, W-06-03, 11.61623, 21.43384, 493.723
76, W-06-04, 34.21548, 43.19101, 499.588
77, W-06-05, 50.49690, 77.85850, 505.554
78, W-06-06, 50.81209, 125.85430, 505.669
79, W-06-07, 34.88175, 161.10729, 499.820
80, W-06-08, 12.38660, -176.88786, 493.840
81, W-06-09, -11.61623, -158.56616, 493.723
82, W-06-10, -34.21548, -136.80899, 499.588
83, W-06-11, -50.49690, -102.14150, 505.554
84, W-07-00, -46.17023, 6.30761, 503.950
85, W-07-01, -26.84309, 35.30720, 497.196
86, W-07-02, -3.40281, 55.02627, 492.938
87, W-07-03, 20.42912, 73.77514, 495.450
88, W-07-04, 41.49632, 99.06651, 502.209
89, W-07-05, 52.96437, 140.56249, 506.451
90, W-07-06, 46.17023, -173.69239, 503.950
91, W-07-07, 26.84309, -144.69280, 497.196
92, W-07-08, 3.40281, -124.97373, 492.938
93, W-07-09, -20.42912, -106.22486, 495.450
94, W-07-10, -41.49632, -80.93349, 502.209
95, W-07-11, -52.96437, -39.43751, 506.451

[LINKS]
Type, SourceID, TargetID
ISL, 0, 1
ISL, 0, 23
ISL, 1, 2
ISL, 1, 12
ISL, 2, 3
ISL, 2, 13
ISL, 3, 4
ISL, 3, 14
ISL, 4, 5
ISL, 4, 15
ISL, 5, 6
ISL, 5, 15
ISL, 6, 7
ISL, 6, 17
ISL, 7, 8
ISL, 7, 18
ISL, 8, 9
ISL, 8, 19
ISL, 9, 10
ISL, 9, 20
ISL, 10, 11
ISL, 10, 21
ISL, 11, 0
ISL, 11, 21
ISL, 12, 13
ISL, 12, 35
ISL, 13, 14
ISL, 13, 24
ISL, 14, 15
ISL, 14, 25
ISL, 15, 16
ISL, 15, 26
ISL, 16, 17
ISL, 16, 27
ISL, 17, 18
ISL, 17, 28
ISL, 18, 19
ISL, 18, 29
ISL, 19, 20
ISL, 19, 30
ISL, 20, 21
ISL, 20, 31
ISL, 21, 22
ISL, 21, 32
ISL, 22, 23
ISL, 22, 33
ISL, 23, 12
ISL, 23, 34
ISL, 24, 25
ISL, 24, 47
ISL, 25, 26
ISL, 25, 36
ISL, 26, 27
ISL, 26, 37
ISL, 27, 28
ISL, 27, 38
ISL, 28, 29
ISL, 28, 39
ISL, 29, 30
ISL, 29, 40
ISL, 30, 31
ISL, 30, 41
ISL, 31, 32
ISL, 31, 42
ISL, 32, 33
ISL, 32, 43
ISL, 33, 34
ISL, 33, 44
ISL, 34, 35
ISL, 34, 45
ISL, 35, 24
ISL, 35, 46
ISL, 36, 37
ISL, 36, 59
ISL, 37, 38
ISL, 37, 48
ISL, 38, 39
ISL, 38, 49
ISL, 39, 40
ISL, 39, 50
ISL, 40, 41
ISL, 40, 50
ISL, 41, 42
ISL, 41, 52
ISL, 42, 43
ISL, 42, 53
ISL, 43, 44
ISL, 43, 54
ISL, 44, 45
ISL, 44, 55
ISL, 45, 46
ISL, 45, 56
ISL, 46, 47
ISL, 46, 56
ISL, 47, 36
ISL, 47, 58
ISL, 48, 49
ISL, 48, 71
ISL, 49, 50
ISL, 49, 60
ISL, 50, 51
ISL, 50, 61
ISL, 51, 52
ISL, 51, 62
ISL, 52, 53
ISL, 52, 63
ISL, 53, 54
ISL, 53, 64
ISL, 54, 55
ISL, 54, 65
ISL, 55, 56
ISL, 55, 66
ISL, 56, 57
ISL, 56, 67
ISL, 57, 58
ISL, 57, 68
ISL, 58, 59
ISL, 58, 69
ISL, 59, 48
ISL, 59, 70
ISL, 60, 61
ISL, 60, 83
ISL, 61, 62
ISL, 61, 72
ISL, 62, 63
ISL, 62, 73
ISL, 63, 64
ISL, 63, 73
ISL, 64, 65
ISL, 64, 75
ISL, 65, 66
ISL, 65, 76
ISL, 66, 67
ISL, 66, 77
ISL, 67, 68
ISL, 67, 78
ISL, 68, 69
ISL, 68, 79
ISL, 69, 70
ISL, 69, 79
ISL, 70, 71
ISL, 70, 81
ISL, 71, 60
ISL, 71, 82
ISL, 72, 73
ISL, 72, 95
ISL, 73, 74
ISL, 73, 84
ISL, 74, 75
ISL, 74, 85
ISL, 75, 76
ISL, 75, 85
ISL, 76, 77
ISL, 76, 87
ISL, 77, 78
ISL, 77, 88
ISL, 78, 79
ISL, 78, 89
ISL, 79, 80
ISL, 79, 90
ISL, 80, 81
ISL, 80, 91
ISL, 81, 82
ISL, 81, 91
ISL, 82, 83
ISL, 82, 93
ISL, 83, 72
ISL, 83, 94
ISL, 84, 85
ISL, 84, 2
ISL, 85, 86
ISL, 85, 3
ISL, 86, 87
ISL, 86, 4
ISL, 87, 88
ISL, 87, 5
ISL, 88, 89
ISL, 88, 6
ISL, 89, 90
ISL, 89, 7
ISL, 90, 91
ISL, 90, 8
ISL, 91, 92
ISL, 91, 9
ISL, 92, 93
ISL, 92, 10
ISL, 93, 94
ISL, 93, 11
ISL, 94, 95
ISL, 94, 0
ISL, 95, 84
ISL, 95, 1
