[METADATA]
Time: 2026-04-12 03:26:43
Step: 85
Total_Sats: 96

[NODES]
ID, Name, Lat(deg), Lon(deg), Alt(km)
0, W-00-00, 34.49267, -102.99907, 499.684
1, W-00-01, 11.93603, -81.14037, 493.771
2, W-00-02, -12.06713, -62.81950, 493.791
3, W-00-03, -34.60605, -40.91865, 499.724
4, W-00-04, -50.68348, -5.90928, 505.622
5, W-00-05, -50.62985, 42.09120, 505.602
6, W-00-06, -34.49267, 77.00093, 499.684
7, W-00-07, -11.93603, 98.85963, 493.771
8, W-00-08, 12.06713, 117.18050, 493.791
9, W-00-09, 34.60605, 139.08135, 499.724
10, W-00-10, 50.68348, 174.09072, 505.622
11, W-00-11, 50.62985, -137.90880, 505.602
12, W-01-00, 26.42078, -48.87604, 497.070
13, W-01-01, 2.94642, -29.24089, 492.919
14, W-01-02, -20.86668, -10.44508, 495.557
15, W-01-03, -41.83503, 15.06588, 502.335
16, W-01-04, -53.01605, 56.88888, 506.469
17, W-01-05, -45.88410, 102.40241, 503.843
18, W-01-06, -26.42078, 131.12396, 497.070
19, W-01-07, -2.94642, 150.75911, 492.919
20, W-01-08, 20.86668, 169.55492, 495.557
21, W-01-09, 41.83503, -164.93412, 502.335
22, W-01-10, 53.01605, -123.11112, 506.469
23, W-01-11, 45.88410, -77.59759, 503.843
24, W-02-00, 17.83552, 4.02554, 494.855
25, W-02-01, -6.08690, 22.54850, 493.102
26, W-02-02, -29.30171, 42.82025, 497.954
27, W-02-03, -47.76289, 73.53875, 504.543
28, W-02-04, -52.51245, 120.44099, 506.288
29, W-02-05, -39.43918, 159.94404, 501.452
30, W-02-06, -17.83552, -175.97446, 494.855
31, W-02-07, 6.08690, -157.45150, 493.102
32, W-02-08, 29.30171, -137.17975, 497.954
33, W-02-09, 47.76289, -106.46125, 504.543
34, W-02-10, 52.51245, -59.55901, 506.288
35, W-02-11, 39.43918, -20.05596, 501.452
36, W-03-00, 8.95273, 56.19277, 493.377
37, W-03-01, -15.02897, 74.56738, 494.290
38, W-03-02, -37.12781, 97.50536, 500.615
39, W-03-03, -51.75690, 134.80709, 506.014
40, W-03-04, -49.27878, -177.49056, 505.105
41, W-03-05, -31.87588, -144.78720, 498.793
42, W-03-06, -8.95273, -123.80723, 493.377
43, W-03-07, 15.02897, -105.43262, 494.290
44, W-03-08, 37.12781, -82.49464, 500.615
45, W-03-09, 51.75690, -45.19291, 506.014
46, W-03-10, 49.27878, 2.50944, 505.105
47, W-03-11, 31.87588, 35.21280, 498.793
48, W-04-00, -0.06643, 108.01784, 492.863
49, W-04-01, -23.72912, 127.18751, 496.303
50, W-04-02, -43.98382, 154.25211, 503.134
51, W-04-03, -53.17112, -161.89455, 506.525
52, W-04-04, -43.89240, -118.12518, 503.100
53, W-04-05, -23.60387, -91.13294, 496.269
54, W-04-06, 0.06643, -71.98216, 492.863
55, W-04-07, 23.72912, -52.81249, 496.303
56, W-04-08, 43.98382, -25.74789, 503.134
57, W-04-09, 53.17112, 18.10545, 506.525
58, W-04-10, 43.89240, 61.87482, 503.100
59, W-04-11, 23.60387, 88.86706, 496.269
60, W-05-00, -9.08461, 159.84540, 493.392
61, W-05-01, -31.99297, -179.13894, 498.832
62, W-05-02, -49.34359, -146.34083, 505.129
63, W-05-03, -51.71552, -98.61344, 505.999
64, W-05-04, -37.01875, -61.41358, 500.576
65, W-05-05, -14.89891, -38.52467, 494.266
66, W-05-06, 9.08461, -20.15460, 493.392
67, W-05-07, 31.99297, 0.86106, 498.832
68, W-05-08, 49.34359, 33.65917, 505.129
69, W-05-09, 51.71552, 81.38656, 505.999
70, W-05-10, 37.01875, 118.58642, 500.576
71, W-05-11, 14.89891, 141.47533, 494.266
72, W-06-00, -17.96429, -147.97960, 494.883
73, W-06-01, -39.54319, -123.84162, 501.490
74, W-06-02, -52.54062, -84.23809, 506.298
75, W-06-03, -47.68808, -37.38417, 504.515
76, W-06-04, -29.18145, -6.75376, 497.916
77, W-06-05, -5.95447, 13.48828, 493.091
78, W-06-06, 17.96429, 32.02040, 494.883
79, W-06-07, 39.54319, 56.15838, 501.490
80, W-06-08, 52.54062, 95.76191, 506.298
81, W-06-09, 47.68808, 142.61583, 504.515
82, W-06-10, 29.18145, 173.24624, 497.916
83, W-06-11, 5.95447, -166.51172, 493.091
84, W-07-00, -26.54375, -95.06389, 497.107
85, W-07-01, -45.96777, -66.26189, 503.874
86, W-07-02, -53.00178, -20.68003, 506.464
87, W-07-03, -41.73685, 21.04829, 502.298
88, W-07-04, -20.73951, 46.49495, 495.526
89, W-07-05, 3.07917, 65.27685, 492.924
90, W-07-06, 26.54375, 84.93611, 497.107
91, W-07-07, 45.96777, 113.73811, 503.874
92, W-07-08, 53.00178, 159.31997, 506.464
93, W-07-09, 41.73685, -158.95171, 502.298
94, W-07-10, 20.73951, -133.50505, 495.526
95, W-07-11, -3.07917, -114.72315, 492.924

[LINKS]
Type, SourceID, TargetID
ISL, 0, 1
ISL, 0, 23
ISL, 1, 2
ISL, 1, 12
ISL, 2, 3
ISL, 2, 13
ISL, 3, 4
ISL, 3, 14
ISL, 4, 5
ISL, 4, 15
ISL, 5, 6
ISL, 5, 15
ISL, 6, 7
ISL, 6, 17
ISL, 7, 8
ISL, 7, 18
ISL, 8, 9
ISL, 8, 19
ISL, 9, 10
ISL, 9, 20
ISL, 10, 11
ISL, 10, 21
ISL, 11, 0
ISL, 11, 21
ISL, 12, 13
ISL, 12, 35
ISL, 13, 14
ISL, 13, 24
ISL, 14, 15
ISL, 14, 25
ISL, 15, 16
ISL, 15, 26
ISL, 16, 17
ISL, 16, 27
ISL, 17, 18
ISL, 17, 28
ISL, 18, 19
ISL, 18, 29
ISL, 19, 20
ISL, 19, 30
ISL, 20, 21
ISL, 20, 31
ISL, 21, 22
ISL, 21, 32
ISL, 22, 23
ISL, 22, 33
ISL, 23, 12
ISL, 23, 34
ISL, 24, 25
ISL, 24, 47
ISL, 25, 26
ISL, 25, 36
ISL, 26, 27
ISL, 26, 37
ISL, 27, 28
ISL, 27, 38
ISL, 28, 29
ISL, 28, 39
ISL, 29, 30
ISL, 29, 40
ISL, 30, 31
ISL, 30, 41
ISL, 31, 32
ISL, 31, 42
ISL, 32, 33
ISL, 32, 43
ISL, 33, 34
ISL, 33, 44
ISL, 34, 35
ISL, 34, 45
ISL, 35, 24
ISL, 35, 46
ISL, 36, 37
ISL, 36, 59
ISL, 37, 38
ISL, 37, 48
ISL, 38, 39
ISL, 38, 49
ISL, 39, 40
ISL, 39, 50
ISL, 40, 41
ISL, 40, 50
ISL, 41, 42
ISL, 41, 52
ISL, 42, 43
ISL, 42, 53
ISL, 43, 44
ISL, 43, 54
ISL, 44, 45
ISL, 44, 55
ISL, 45, 46
ISL, 45, 56
ISL, 46, 47
ISL, 46, 56
ISL, 47, 36
ISL, 47, 58
ISL, 48, 49
ISL, 48, 71
ISL, 49, 50
ISL, 49, 60
ISL, 50, 51
ISL, 50, 61
ISL, 51, 52
ISL, 51, 62
ISL, 52, 53
ISL, 52, 63
ISL, 53, 54
ISL, 53, 64
ISL, 54, 55
ISL, 54, 65
ISL, 55, 56
ISL, 55, 66
ISL, 56, 57
ISL, 56, 67
ISL, 57, 58
ISL, 57, 68
ISL, 58, 59
ISL, 58, 69
ISL, 59, 48
ISL, 59, 70
ISL, 60, 61
ISL, 60, 83
ISL, 61, 62
ISL, 61, 72
ISL, 62, 63
ISL, 62, 73
ISL, 63, 64
ISL, 63, 73
ISL, 64, 65
ISL, 64, 75
ISL, 65, 66
ISL, 65, 76
ISL, 66, 67
ISL, 66, 77
ISL, 67, 68
ISL, 67, 78
ISL, 68, 69
ISL, 68, 79
ISL, 69, 70
ISL, 69, 79
ISL, 70, 71
ISL, 70, 81
ISL, 71, 60
ISL, 71, 82
ISL, 72, 73
ISL, 72, 95
ISL, 73, 74
ISL, 73, 84
ISL, 74, 75
ISL, 74, 85
ISL, 75, 76
ISL, 75, 85
ISL, 76, 77
ISL, 76, 87
ISL, 77, 78
ISL, 77, 88
ISL, 78, 79
ISL, 78, 89
ISL, 79, 80
ISL, 79, 90
ISL, 80, 81
ISL, 80, 91
ISL, 81, 82
ISL, 81, 91
ISL, 82, 83
ISL, 82, 93
ISL, 83, 72
ISL, 83, 94
ISL, 84, 85
ISL, 84, 2
ISL, 85, 86
ISL, 85, 3
ISL, 86, 87
ISL, 86, 4
ISL, 87, 88
ISL, 87, 5
ISL, 88, 89
ISL, 88, 6
ISL, 89, 90
ISL, 89, 7
ISL, 90, 91
ISL, 90, 8
ISL, 91, 92
ISL, 91, 9
ISL, 92, 93
ISL, 92, 10
ISL, 93, 94
ISL, 93, 11
ISL, 94, 95
ISL, 94, 0
ISL, 95, 84
ISL, 95, 1
