[METADATA]
Time: 2026-04-12 04:00:13
Step: 152
Total_Sats: 96

[NODES]
ID, Name, Lat(deg), Lon(deg), Alt(km)
0, W-00-00, -52.56745, -2.37624, 506.308
1, W-00-01, -47.61490, 44.42975, 504.488
2, W-00-02, -29.06434, 74.97476, 497.879
3, W-00-03, -5.82563, 95.18815, 493.082
4, W-00-04, 18.08948, 113.72938, 494.910
5, W-00-05, 39.64415, 137.92263, 501.527
6, W-00-06, 52.56745, 177.62376, 506.308
7, W-00-07, 47.61490, -135.57025, 504.488
8, W-00-08, 29.06434, -105.02524, 497.879
9, W-00-09, 5.82563, -84.81185, 493.082
10, W-00-10, -18.08948, -66.27062, 494.910
11, W-00-11, -39.64415, -42.07737, 501.527
12, W-01-00, -52.98730, 61.18710, 506.459
13, W-01-01, -41.64108, 102.82297, 502.263
14, W-01-02, -20.61573, 128.20743, 495.496
15, W-01-03, 3.20830, 146.97599, 492.929
16, W-01-04, 26.66326, 166.65895, 497.142
17, W-01-05, 46.04881, -164.46047, 503.905
18, W-01-06, 52.98730, -118.81290, 506.459
19, W-01-07, 41.64108, -77.17703, 502.263
20, W-01-08, 20.61573, -51.79257, 495.496
21, W-01-09, -3.20830, -33.02401, 492.929
22, W-01-10, -26.66326, -13.34105, 497.142
23, W-01-11, -46.04881, 15.53953, 503.905
24, W-02-00, -50.57717, 123.93177, 505.583
25, W-02-01, -34.38220, 158.74473, 499.646
26, W-02-02, -11.80847, -179.43729, 493.752
27, W-02-03, 12.19462, -161.11623, 493.810
28, W-02-04, 34.71617, -139.17409, 499.762
29, W-02-05, 50.73517, -104.06764, 505.641
30, W-02-06, 50.57717, -56.06823, 505.583
31, W-02-07, 34.38220, -21.25527, 499.646
32, W-02-08, 11.80847, 0.56271, 493.752
33, W-02-09, -12.19462, 18.88377, 493.810
34, W-02-10, -34.71617, 40.82591, 499.762
35, W-02-11, -50.73517, 75.93236, 505.641
36, W-03-00, -45.80236, -175.79735, 503.813
37, W-03-01, -26.30106, -147.15370, 497.035
38, W-03-02, -2.81727, -127.54179, 492.914
39, W-03-03, 20.99032, -108.73224, 495.588
40, W-03-04, 41.93027, -83.15840, 502.370
41, W-03-05, 53.02933, -41.24364, 506.474
42, W-03-06, 45.80236, 4.20265, 503.813
43, W-03-07, 26.30106, 32.84630, 497.035
44, W-03-08, 2.81727, 52.45821, 492.914
45, W-03-09, -20.99032, 71.26776, 495.588
46, W-03-10, -41.93027, 96.84160, 502.370
47, W-03-11, -53.02933, 138.75636, 506.474
48, W-04-00, -39.33776, -118.29266, 501.415
49, W-04-01, -17.71020, -94.26578, 494.828
50, W-04-02, 6.21570, -75.75153, 493.112
51, W-04-03, 29.41858, -55.45064, 497.991
52, W-04-04, 47.83527, -24.64614, 504.570
53, W-04-05, 52.48447, 22.30218, 506.278
54, W-04-06, 39.33776, 61.70734, 501.415
55, W-04-07, 17.71020, 85.73422, 494.828
56, W-04-08, -6.21570, 104.24847, 493.112
57, W-04-09, -29.41858, 124.54936, 497.991
58, W-04-10, -47.83527, 155.35386, 504.570
59, W-04-11, -52.48447, -157.69782, 506.278
60, W-05-00, -31.76183, -63.05154, 498.755
61, W-05-01, -8.82442, -42.10604, 493.362
62, W-05-02, 15.15545, -23.72681, 494.314
63, W-05-03, 37.23369, -0.74078, 500.653
64, W-05-04, 51.79660, 36.66006, 506.028
65, W-05-05, 49.21529, 84.33702, 505.082
66, W-05-06, 31.76183, 116.94846, 498.755
67, W-05-07, 8.82442, 137.89396, 493.362
68, W-05-08, -15.15545, 156.27319, 494.314
69, W-05-09, -37.23369, 179.25922, 500.653
70, W-05-10, -51.79660, -143.33994, 506.028
71, W-05-11, -49.21529, -95.66298, 505.082
72, W-06-00, -23.48194, -9.41594, 496.236
73, W-06-01, 0.19567, 9.71670, 492.863
74, W-06-02, 23.85087, 28.90494, 496.336
75, W-06-03, 44.07246, 56.04029, 503.167
76, W-06-04, 53.17051, 99.97475, 506.525
77, W-06-05, 43.80315, 143.66188, 503.067
78, W-06-06, 23.48194, 170.58406, 496.236
79, W-06-07, -0.19567, -170.28330, 492.863
80, W-06-08, -23.85087, -151.09506, 496.336
81, W-06-09, -44.07246, -123.95971, 503.167
82, W-06-10, -53.17051, -80.02525, 506.525
83, W-06-11, -43.80315, -36.33812, 503.067
84, W-07-00, -14.77234, 43.18089, 494.243
85, W-07-01, 9.21287, 61.54673, 493.407
86, W-07-02, 32.10673, 82.59739, 498.870
87, W-07-03, 49.40618, 115.48792, 505.152
88, W-07-04, 51.67473, 163.23863, 505.984
89, W-07-05, 36.91247, -159.66057, 500.538
90, W-07-06, 14.77234, -136.81911, 494.243
91, W-07-07, -9.21287, -118.45327, 493.407
92, W-07-08, -32.10673, -97.40261, 498.870
93, W-07-09, -49.40618, -64.51208, 505.152
94, W-07-10, -51.67473, -16.76137, 505.984
95, W-07-11, -36.91247, 20.33943, 500.538

[LINKS]
Type, SourceID, TargetID
ISL, 0, 1
ISL, 0, 23
ISL, 1, 2
ISL, 1, 12
ISL, 2, 3
ISL, 2, 13
ISL, 3, 4
ISL, 3, 14
ISL, 4, 5
ISL, 4, 15
ISL, 5, 6
ISL, 5, 15
ISL, 6, 7
ISL, 6, 17
ISL, 7, 8
ISL, 7, 18
ISL, 8, 9
ISL, 8, 19
ISL, 9, 10
ISL, 9, 20
ISL, 10, 11
ISL, 10, 21
ISL, 11, 0
ISL, 11, 21
ISL, 12, 13
ISL, 12, 35
ISL, 13, 14
ISL, 13, 24
ISL, 14, 15
ISL, 14, 25
ISL, 15, 16
ISL, 15, 26
ISL, 16, 17
ISL, 16, 27
ISL, 17, 18
ISL, 17, 28
ISL, 18, 19
ISL, 18, 29
ISL, 19, 20
ISL, 19, 30
ISL, 20, 21
ISL, 20, 31
ISL, 21, 22
ISL, 21, 32
ISL, 22, 23
ISL, 22, 33
ISL, 23, 12
ISL, 23, 34
ISL, 24, 25
ISL, 24, 47
ISL, 25, 26
ISL, 25, 36
ISL, 26, 27
ISL, 26, 37
ISL, 27, 28
ISL, 27, 38
ISL, 28, 29
ISL, 28, 39
ISL, 29, 30
ISL, 29, 40
ISL, 30, 31
ISL, 30, 41
ISL, 31, 32
ISL, 31, 42
ISL, 32, 33
ISL, 32, 43
ISL, 33, 34
ISL, 33, 44
ISL, 34, 35
ISL, 34, 45
ISL, 35, 24
ISL, 35, 46
ISL, 36, 37
ISL, 36, 59
ISL, 37, 38
ISL, 37, 48
ISL, 38, 39
ISL, 38, 49
ISL, 39, 40
ISL, 39, 50
ISL, 40, 41
ISL, 40, 50
ISL, 41, 42
ISL, 41, 52
ISL, 42, 43
ISL, 42, 53
ISL, 43, 44
ISL, 43, 54
ISL, 44, 45
ISL, 44, 55
ISL, 45, 46
ISL, 45, 56
ISL, 46, 47
ISL, 46, 56
ISL, 47, 36
ISL, 47, 58
ISL, 48, 49
ISL, 48, 71
ISL, 49, 50
ISL, 49, 60
ISL, 50, 51
ISL, 50, 61
ISL, 51, 52
ISL, 51, 62
ISL, 52, 53
ISL, 52, 63
ISL, 53, 54
ISL, 53, 64
ISL, 54, 55
ISL, 54, 65
ISL, 55, 56
ISL, 55, 66
ISL, 56, 57
ISL, 56, 67
ISL, 57, 58
ISL, 57, 68
ISL, 58, 59
ISL, 58, 69
ISL, 59, 48
ISL, 59, 70
ISL, 60, 61
ISL, 60, 83
ISL, 61, 62
ISL, 61, 72
ISL, 62, 63
ISL, 62, 73
ISL, 63, 64
ISL, 63, 73
ISL, 64, 65
ISL, 64, 75
ISL, 65, 66
ISL, 65, 76
ISL, 66, 67
ISL, 66, 77
ISL, 67, 68
ISL, 67, 78
ISL, 68, 69
ISL, 68, 79
ISL, 69, 70
ISL, 69, 79
ISL, 70, 71
ISL, 70, 81
ISL, 71, 60
ISL, 71, 82
ISL, 72, 73
ISL, 72, 95
ISL, 73, 74
ISL, 73, 84
ISL, 74, 75
ISL, 74, 85
ISL, 75, 76
ISL, 75, 85
ISL, 76, 77
ISL, 76, 87
ISL, 77, 78
ISL, 77, 88
ISL, 78, 79
ISL, 78, 89
ISL, 79, 80
ISL, 79, 90
ISL, 80, 81
ISL, 80, 91
ISL, 81, 82
ISL, 81, 91
ISL, 82, 83
ISL, 82, 93
ISL, 83, 72
ISL, 83, 94
ISL, 84, 85
ISL, 84, 2
ISL, 85, 86
ISL, 85, 3
ISL, 86, 87
ISL, 86, 4
ISL, 87, 88
ISL, 87, 5
ISL, 88, 89
ISL, 88, 6
ISL, 89, 90
ISL, 89, 7
ISL, 90, 91
ISL, 90, 8
ISL, 91, 92
ISL, 91, 9
ISL, 92, 93
ISL, 92, 10
ISL, 93, 94
ISL, 93, 11
ISL, 94, 95
ISL, 94, 0
ISL, 95, 84
ISL, 95, 1
