[METADATA]
Time: 2026-04-12 03:51:13
Step: 134
Total_Sats: 96

[NODES]
ID, Name, Lat(deg), Lon(deg), Alt(km)
0, W-00-00, -36.87280, -43.99910, 500.524
1, W-00-01, -51.65939, -6.93522, 505.978
2, W-00-02, -49.42940, 40.82391, 505.161
3, W-00-03, -32.14910, 73.74896, 498.884
4, W-00-04, -9.26068, 94.81273, 493.413
5, W-00-05, 14.72513, 113.17705, 494.234
6, W-00-06, 36.87280, 136.00090, 500.524
7, W-00-07, 51.65939, 173.06478, 505.978
8, W-00-08, 49.42940, -139.17609, 505.161
9, W-00-09, 32.14910, -106.25104, 498.884
10, W-00-10, 9.26068, -85.18727, 493.413
11, W-00-11, -14.72513, -66.82295, 494.234
12, W-01-00, -43.76980, 12.66579, 503.054
13, W-01-01, -53.17013, 56.32211, 506.525
14, W-01-02, -44.10542, 100.28668, 503.179
15, W-01-03, -23.89624, 127.44849, 496.349
16, W-01-04, -0.24386, 146.64371, 492.863
17, W-01-05, 23.43646, 165.76964, 496.223
18, W-01-06, 43.76980, -167.33421, 503.054
19, W-01-07, 53.17013, -123.67789, 506.525
20, W-01-08, 44.10542, -79.71332, 503.179
21, W-01-09, 23.89624, -52.55151, 496.349
22, W-01-10, 0.24386, -33.35629, 492.863
23, W-01-11, -23.43646, -14.23036, 496.223
24, W-02-00, -49.19151, 71.97555, 505.073
25, W-02-01, -51.81127, 119.64278, 506.034
26, W-02-02, -37.27312, 157.08058, 500.667
27, W-02-03, -15.20259, -179.91540, 494.323
28, W-02-04, 8.77657, -161.53441, 493.357
29, W-02-05, 31.71927, -140.60169, 498.740
30, W-02-06, 49.19151, -108.02445, 505.073
31, W-02-07, 51.81127, -60.35722, 506.034
32, W-02-08, 37.27312, -22.91942, 500.667
33, W-02-09, 15.20259, 0.08460, 494.323
34, W-02-10, -8.77657, 18.46559, 493.357
35, W-02-11, -31.71927, 39.39831, 498.740
36, W-03-00, -52.47389, 133.99779, 506.274
37, W-03-01, -47.86216, -179.03695, 504.580
38, W-03-02, -29.46212, -148.20030, 498.005
39, W-03-03, -6.26372, -127.88849, 493.116
40, W-03-04, 17.66346, -109.37744, 494.818
41, W-03-05, 39.29990, -85.37084, 501.401
42, W-03-06, 52.47389, -46.00221, 506.274
43, W-03-07, 47.86216, 0.96305, 504.580
44, W-03-08, 29.46212, 31.79970, 498.005
45, W-03-09, 6.26372, 52.11151, 493.116
46, W-03-10, -17.66346, 70.62256, 494.818
47, W-03-11, -39.29990, 94.62916, 501.401
48, W-04-00, -53.03413, -162.45886, 506.476
49, W-04-01, -41.96571, -120.50997, 502.383
50, W-04-02, -21.03639, -94.91261, 495.600
51, W-04-03, 2.76912, -76.09789, 492.913
52, W-04-04, 26.25640, -56.49457, 497.022
53, W-04-05, 45.77179, -27.87990, 503.801
54, W-04-06, 53.03413, 17.54114, 506.476
55, W-04-07, 41.96571, 59.49003, 502.383
56, W-04-08, 21.03639, 85.08739, 495.600
57, W-04-09, -2.76912, 103.90211, 492.913
58, W-04-10, -26.25640, 123.50543, 497.022
59, W-04-11, -45.77179, 152.12010, 503.801
60, W-05-00, -50.75431, -99.62532, 505.648
61, W-05-01, -34.75719, -64.48263, 499.776
62, W-05-02, -12.24214, -42.52504, 493.817
63, W-05-03, 11.76090, -24.20385, 493.745
64, W-05-04, 34.34098, -2.40098, 499.632
65, W-05-05, 50.55741, 32.37594, 505.576
66, W-05-06, 50.75431, 80.37468, 505.648
67, W-05-07, 34.75719, 115.51737, 499.776
68, W-05-08, 12.24214, 137.47496, 493.817
69, W-05-09, -11.76090, 155.79615, 493.745
70, W-05-10, -34.34098, 177.59902, 499.632
71, W-05-11, -50.55741, -147.62406, 505.576
72, W-06-00, -46.07893, -39.21751, 503.916
73, W-06-01, -26.70779, -10.30754, 497.155
74, W-06-02, -3.25644, 9.38430, 492.931
75, W-06-03, 20.56956, 28.14795, 495.485
76, W-06-04, 41.60531, 53.50930, 502.250
77, W-06-05, 52.98175, 95.11062, 506.457
78, W-06-06, 46.07893, 140.78249, 503.916
79, W-06-07, 26.70779, 169.69246, 497.155
80, W-06-08, 3.25644, -170.61570, 492.931
81, W-06-09, -20.56956, -151.85205, 495.485
82, W-06-10, -41.60531, -126.49070, 502.250
83, W-06-11, -52.98175, -84.88938, 506.457
84, W-07-00, -39.68173, 18.41328, 501.541
85, W-07-01, -18.13615, 42.62722, 494.920
86, W-07-02, 5.77759, 61.17189, 493.078
87, W-07-03, 29.02064, 81.37466, 497.865
88, W-07-04, 47.58752, 111.88791, 504.478
89, W-07-05, 52.57731, 158.67581, 506.311
90, W-07-06, 39.68173, -161.58672, 501.541
91, W-07-07, 18.13615, -137.37278, 494.920
92, W-07-08, -5.77759, -118.82811, 493.078
93, W-07-09, -29.02064, -98.62534, 497.865
94, W-07-10, -47.58752, -68.11209, 504.478
95, W-07-11, -52.57731, -21.32419, 506.311

[LINKS]
Type, SourceID, TargetID
ISL, 0, 1
ISL, 0, 23
ISL, 1, 2
ISL, 1, 12
ISL, 2, 3
ISL, 2, 13
ISL, 3, 4
ISL, 3, 14
ISL, 4, 5
ISL, 4, 15
ISL, 5, 6
ISL, 5, 15
ISL, 6, 7
ISL, 6, 17
ISL, 7, 8
ISL, 7, 18
ISL, 8, 9
ISL, 8, 19
ISL, 9, 10
ISL, 9, 20
ISL, 10, 11
ISL, 10, 21
ISL, 11, 0
ISL, 11, 21
ISL, 12, 13
ISL, 12, 35
ISL, 13, 14
ISL, 13, 24
ISL, 14, 15
ISL, 14, 25
ISL, 15, 16
ISL, 15, 26
ISL, 16, 17
ISL, 16, 27
ISL, 17, 18
ISL, 17, 28
ISL, 18, 19
ISL, 18, 29
ISL, 19, 20
ISL, 19, 30
ISL, 20, 21
ISL, 20, 31
ISL, 21, 22
ISL, 21, 32
ISL, 22, 23
ISL, 22, 33
ISL, 23, 12
ISL, 23, 34
ISL, 24, 25
ISL, 24, 47
ISL, 25, 26
ISL, 25, 36
ISL, 26, 27
ISL, 26, 37
ISL, 27, 28
ISL, 27, 38
ISL, 28, 29
ISL, 28, 39
ISL, 29, 30
ISL, 29, 40
ISL, 30, 31
ISL, 30, 41
ISL, 31, 32
ISL, 31, 42
ISL, 32, 33
ISL, 32, 43
ISL, 33, 34
ISL, 33, 44
ISL, 34, 35
ISL, 34, 45
ISL, 35, 24
ISL, 35, 46
ISL, 36, 37
ISL, 36, 59
ISL, 37, 38
ISL, 37, 48
ISL, 38, 39
ISL, 38, 49
ISL, 39, 40
ISL, 39, 50
ISL, 40, 41
ISL, 40, 50
ISL, 41, 42
ISL, 41, 52
ISL, 42, 43
ISL, 42, 53
ISL, 43, 44
ISL, 43, 54
ISL, 44, 45
ISL, 44, 55
ISL, 45, 46
ISL, 45, 56
ISL, 46, 47
ISL, 46, 56
ISL, 47, 36
ISL, 47, 58
ISL, 48, 49
ISL, 48, 71
ISL, 49, 50
ISL, 49, 60
ISL, 50, 51
ISL, 50, 61
ISL, 51, 52
ISL, 51, 62
ISL, 52, 53
ISL, 52, 63
ISL, 53, 54
ISL, 53, 64
ISL, 54, 55
ISL, 54, 65
ISL, 55, 56
ISL, 55, 66
ISL, 56, 57
ISL, 56, 67
ISL, 57, 58
ISL, 57, 68
ISL, 58, 59
ISL, 58, 69
ISL, 59, 48
ISL, 59, 70
ISL, 60, 61
ISL, 60, 83
ISL, 61, 62
ISL, 61, 72
ISL, 62, 63
ISL, 62, 73
ISL, 63, 64
ISL, 63, 73
ISL, 64, 65
ISL, 64, 75
ISL, 65, 66
ISL, 65, 76
ISL, 66, 67
ISL, 66, 77
ISL, 67, 68
ISL, 67, 78
ISL, 68, 69
ISL, 68, 79
ISL, 69, 70
ISL, 69, 79
ISL, 70, 71
ISL, 70, 81
ISL, 71, 60
ISL, 71, 82
ISL, 72, 73
ISL, 72, 95
ISL, 73, 74
ISL, 73, 84
ISL, 74, 75
ISL, 74, 85
ISL, 75, 76
ISL, 75, 85
ISL, 76, 77
ISL, 76, 87
ISL, 77, 78
ISL, 77, 88
ISL, 78, 79
ISL, 78, 89
ISL, 79, 80
ISL, 79, 90
ISL, 80, 81
ISL, 80, 91
ISL, 81, 82
ISL, 81, 91
ISL, 82, 83
ISL, 82, 93
ISL, 83, 72
ISL, 83, 94
ISL, 84, 85
ISL, 84, 2
ISL, 85, 86
ISL, 85, 3
ISL, 86, 87
ISL, 86, 4
ISL, 87, 88
ISL, 87, 5
ISL, 88, 89
ISL, 88, 6
ISL, 89, 90
ISL, 89, 7
ISL, 90, 91
ISL, 90, 8
ISL, 91, 92
ISL, 91, 9
ISL, 92, 93
ISL, 92, 10
ISL, 93, 94
ISL, 93, 11
ISL, 94, 95
ISL, 94, 0
ISL, 95, 84
ISL, 95, 1
