[METADATA]
Time: 2026-04-12 04:03:13
Step: 158
Total_Sats: 96

[NODES]
ID, Name, Lat(deg), Lon(deg), Alt(km)
0, W-00-00, -52.97017, 15.73530, 506.453
1, W-00-01, -41.53220, 57.26597, 502.223
2, W-00-02, -20.47532, 82.58032, 495.462
3, W-00-03, 3.35467, 101.33402, 492.936
4, W-00-04, 26.79861, 121.04410, 497.183
5, W-00-05, 46.14025, 150.01416, 503.939
6, W-00-06, 52.97017, -164.26470, 506.453
7, W-00-07, 41.53220, -122.73403, 502.223
8, W-00-08, 20.47532, -97.41968, 495.462
9, W-00-09, -3.35467, -78.66598, 492.936
10, W-00-10, -26.79861, -58.95590, 497.183
11, W-00-11, -46.14025, -29.98584, 503.939
12, W-01-00, -50.51687, 78.44943, 505.561
13, W-01-01, -34.25678, 113.15289, 499.602
14, W-01-02, -11.66381, 134.92506, 493.730
15, W-01-03, 12.33909, 153.24656, 493.832
16, W-01-04, 34.84081, 175.23583, 499.805
17, W-01-05, 50.79316, -149.54748, 505.662
18, W-01-06, 50.51687, -101.55057, 505.561
19, W-01-07, 34.25678, -66.84711, 499.602
20, W-01-08, 11.66381, -45.07494, 493.730
21, W-01-09, -12.33909, -26.75344, 493.832
22, W-01-10, -34.84081, -4.76417, 499.805
23, W-01-11, -50.79316, 30.45252, 505.662
24, W-02-00, -45.70928, 138.67455, 503.778
25, W-02-01, -26.16522, 167.23027, 496.995
26, W-02-02, -2.67086, -173.18387, 492.909
27, W-02-03, 21.13038, -154.35851, 495.623
28, W-02-04, 42.03791, -128.71299, 502.410
29, W-02-05, 53.04367, -86.69464, 506.479
30, W-02-06, 45.70928, -41.32545, 503.778
31, W-02-07, 26.16522, -12.76973, 496.995
32, W-02-08, 2.67086, 6.81613, 492.909
33, W-02-09, -21.13038, 25.64149, 495.623
34, W-02-10, -42.03791, 51.28701, 502.410
35, W-02-11, -53.04367, 93.30536, 506.479
36, W-03-00, -39.22253, -163.86250, 501.373
37, W-03-01, -17.56807, -139.89716, 494.797
38, W-03-02, 6.36169, -121.39255, 493.124
39, W-03-03, 29.55091, -101.05833, 498.034
40, W-03-04, 47.91684, -70.15597, 504.600
41, W-03-05, 52.45207, -23.15653, 506.266
42, W-03-06, 39.22253, 16.13750, 501.373
43, W-03-07, 17.56807, 40.10284, 494.797
44, W-03-08, -6.36169, 58.60745, 493.124
45, W-03-09, -29.55091, 78.94167, 498.034
46, W-03-10, -47.91684, 109.84403, 504.600
47, W-03-11, -52.45207, 156.84347, 506.266
48, W-04-00, -31.63237, -108.65255, 498.712
49, W-04-01, -8.67892, -87.74580, 493.346
50, W-04-02, 15.29876, -69.36112, 494.341
51, W-04-03, 37.35349, -46.32026, 500.696
52, W-04-04, 51.84097, -8.80705, 506.045
53, W-04-05, 49.14279, 38.83991, 505.055
54, W-04-06, 31.63237, 71.34745, 498.712
55, W-04-07, 8.67892, 92.25420, 493.346
56, W-04-08, -15.29876, 110.63888, 494.341
57, W-04-09, -37.35349, 133.67974, 500.696
58, W-04-10, -51.84097, 171.19295, 506.045
59, W-04-11, -49.14279, -141.16009, 505.055
60, W-05-00, -23.34362, -55.03796, 496.198
61, W-05-01, 0.34219, -35.92563, 492.864
62, W-05-02, 23.98878, -16.71608, 496.374
63, W-05-03, 44.17256, 10.49988, 503.204
64, W-05-04, 53.16910, 54.52562, 506.524
65, W-05-05, 43.70162, 98.11886, 503.029
66, W-05-06, 23.34362, 124.96204, 496.198
67, W-05-07, -0.34219, 144.07437, 492.864
68, W-05-08, -23.98878, 163.28392, 496.374
69, W-05-09, -44.17256, -169.50012, 503.204
70, W-05-10, -53.16910, -125.47438, 506.524
71, W-05-11, -43.70162, -81.88114, 503.029
72, W-06-00, -14.62880, -2.45398, 494.217
73, W-06-01, 9.35823, 15.90730, 493.424
74, W-06-02, 32.23551, 36.99793, 498.913
75, W-06-03, 49.47660, 69.99353, 505.178
76, W-06-04, 51.62785, 117.76942, 505.967
77, W-06-05, 36.79176, 154.75797, 500.495
78, W-06-06, 14.62880, 177.54602, 494.217
79, W-06-07, -9.35823, -164.09270, 493.424
80, W-06-08, -32.23551, -143.00207, 498.913
81, W-06-09, -49.47660, -110.00647, 505.178
82, W-06-10, -51.62785, -62.23058, 505.967
83, W-06-11, -36.79176, -25.24203, 500.495
84, W-07-00, -5.67955, 49.54692, 493.071
85, W-07-01, 18.23134, 68.09870, 494.941
86, W-07-02, 39.75832, 92.35499, 501.569
87, W-07-03, 52.59717, 132.16656, 506.318
88, W-07-04, 47.53148, 178.91713, 504.457
89, W-07-05, 28.93143, -150.63428, 497.837
90, W-07-06, 5.67955, -130.45308, 493.071
91, W-07-07, -18.23134, -111.90130, 494.941
92, W-07-08, -39.75832, -87.64501, 501.569
93, W-07-09, -52.59717, -47.83344, 506.318
94, W-07-10, -47.53148, -1.08287, 504.457
95, W-07-11, -28.93143, 29.36572, 497.837

[LINKS]
Type, SourceID, TargetID
ISL, 0, 1
ISL, 0, 23
ISL, 1, 2
ISL, 1, 12
ISL, 2, 3
ISL, 2, 13
ISL, 3, 4
ISL, 3, 14
ISL, 4, 5
ISL, 4, 15
ISL, 5, 6
ISL, 5, 15
ISL, 6, 7
ISL, 6, 17
ISL, 7, 8
ISL, 7, 18
ISL, 8, 9
ISL, 8, 19
ISL, 9, 10
ISL, 9, 20
ISL, 10, 11
ISL, 10, 21
ISL, 11, 0
ISL, 11, 21
ISL, 12, 13
ISL, 12, 35
ISL, 13, 14
ISL, 13, 24
ISL, 14, 15
ISL, 14, 25
ISL, 15, 16
ISL, 15, 26
ISL, 16, 17
ISL, 16, 27
ISL, 17, 18
ISL, 17, 28
ISL, 18, 19
ISL, 18, 29
ISL, 19, 20
ISL, 19, 30
ISL, 20, 21
ISL, 20, 31
ISL, 21, 22
ISL, 21, 32
ISL, 22, 23
ISL, 22, 33
ISL, 23, 12
ISL, 23, 34
ISL, 24, 25
ISL, 24, 47
ISL, 25, 26
ISL, 25, 36
ISL, 26, 27
ISL, 26, 37
ISL, 27, 28
ISL, 27, 38
ISL, 28, 29
ISL, 28, 39
ISL, 29, 30
ISL, 29, 40
ISL, 30, 31
ISL, 30, 41
ISL, 31, 32
ISL, 31, 42
ISL, 32, 33
ISL, 32, 43
ISL, 33, 34
ISL, 33, 44
ISL, 34, 35
ISL, 34, 45
ISL, 35, 24
ISL, 35, 46
ISL, 36, 37
ISL, 36, 59
ISL, 37, 38
ISL, 37, 48
ISL, 38, 39
ISL, 38, 49
ISL, 39, 40
ISL, 39, 50
ISL, 40, 41
ISL, 40, 50
ISL, 41, 42
ISL, 41, 52
ISL, 42, 43
ISL, 42, 53
ISL, 43, 44
ISL, 43, 54
ISL, 44, 45
ISL, 44, 55
ISL, 45, 46
ISL, 45, 56
ISL, 46, 47
ISL, 46, 56
ISL, 47, 36
ISL, 47, 58
ISL, 48, 49
ISL, 48, 71
ISL, 49, 50
ISL, 49, 60
ISL, 50, 51
ISL, 50, 61
ISL, 51, 52
ISL, 51, 62
ISL, 52, 53
ISL, 52, 63
ISL, 53, 54
ISL, 53, 64
ISL, 54, 55
ISL, 54, 65
ISL, 55, 56
ISL, 55, 66
ISL, 56, 57
ISL, 56, 67
ISL, 57, 58
ISL, 57, 68
ISL, 58, 59
ISL, 58, 69
ISL, 59, 48
ISL, 59, 70
ISL, 60, 61
ISL, 60, 83
ISL, 61, 62
ISL, 61, 72
ISL, 62, 63
ISL, 62, 73
ISL, 63, 64
ISL, 63, 73
ISL, 64, 65
ISL, 64, 75
ISL, 65, 66
ISL, 65, 76
ISL, 66, 67
ISL, 66, 77
ISL, 67, 68
ISL, 67, 78
ISL, 68, 69
ISL, 68, 79
ISL, 69, 70
ISL, 69, 79
ISL, 70, 71
ISL, 70, 81
ISL, 71, 60
ISL, 71, 82
ISL, 72, 73
ISL, 72, 95
ISL, 73, 74
ISL, 73, 84
ISL, 74, 75
ISL, 74, 85
ISL, 75, 76
ISL, 75, 85
ISL, 76, 77
ISL, 76, 87
ISL, 77, 78
ISL, 77, 88
ISL, 78, 79
ISL, 78, 89
ISL, 79, 80
ISL, 79, 90
ISL, 80, 81
ISL, 80, 91
ISL, 81, 82
ISL, 81, 91
ISL, 82, 83
ISL, 82, 93
ISL, 83, 72
ISL, 83, 94
ISL, 84, 85
ISL, 84, 2
ISL, 85, 86
ISL, 85, 3
ISL, 86, 87
ISL, 86, 4
ISL, 87, 88
ISL, 87, 5
ISL, 88, 89
ISL, 88, 6
ISL, 89, 90
ISL, 89, 7
ISL, 90, 91
ISL, 90, 8
ISL, 91, 92
ISL, 91, 9
ISL, 92, 93
ISL, 92, 10
ISL, 93, 94
ISL, 93, 11
ISL, 94, 95
ISL, 94, 0
ISL, 95, 84
ISL, 95, 1
