[METADATA]
Time: 2026-04-12 03:18:43
Step: 69
Total_Sats: 96

[NODES]
ID, Name, Lat(deg), Lon(deg), Alt(km)
0, W-00-00, 50.78610, -136.62751, 505.660
1, W-00-01, 34.82558, -101.42431, 499.800
2, W-00-02, 12.32143, -79.44082, 493.829
3, W-00-03, -11.68150, -61.11938, 493.733
4, W-00-04, -34.27213, -39.34164, 499.608
5, W-00-05, -50.52428, -4.62480, 505.564
6, W-00-06, -50.78610, 43.37249, 505.660
7, W-00-07, -34.82558, 78.57569, 499.800
8, W-00-08, -12.32143, 100.55918, 493.829
9, W-00-09, 11.68150, 118.88062, 493.733
10, W-00-10, 34.27213, 140.65836, 499.608
11, W-00-11, 50.52428, 175.37520, 505.564
12, W-01-00, 46.12910, -76.19471, 503.934
13, W-01-01, 26.78206, -47.23562, 497.178
14, W-01-02, 3.33677, -27.52886, 492.935
15, W-01-03, -20.49250, -8.77336, 495.466
16, W-01-04, -41.54554, 16.54953, 502.228
17, W-01-05, -52.97230, 58.09309, 506.454
18, W-01-06, -46.12910, 103.80529, 503.934
19, W-01-07, -26.78206, 132.76438, 497.178
20, W-01-08, -3.33677, 152.47114, 492.935
21, W-01-09, 20.49250, 171.22664, 495.466
22, W-01-10, 41.54554, -163.45047, 502.228
23, W-01-11, 52.97230, -121.90691, 506.454
24, W-02-00, 39.74437, -18.54072, 501.564
25, W-02-01, 18.21399, 5.70784, 494.937
26, W-02-02, -5.69742, 24.25832, 493.072
27, W-02-03, -28.94769, 44.44344, 497.842
28, W-02-04, -47.54171, 74.90379, 504.461
29, W-02-05, -52.59358, 121.66121, 506.317
30, W-02-06, -39.74437, 161.45928, 501.564
31, W-02-07, -18.21399, -174.29216, 494.937
32, W-02-08, 5.69742, -155.74168, 493.072
33, W-02-09, 28.94769, -135.55656, 497.842
34, W-02-10, 47.54171, -105.09621, 504.461
35, W-02-11, 52.59358, -58.33879, 506.317
36, W-03-00, 32.21977, 36.81244, 498.908
37, W-03-01, 9.34046, 57.89817, 493.422
38, W-03-02, -14.64635, 76.25999, 494.220
39, W-03-03, -36.80653, 99.05456, 500.500
40, W-03-04, -51.63362, 136.05682, 505.969
41, W-03-05, -49.46802, -176.17029, 505.175
42, W-03-06, -32.21977, -143.18756, 498.908
43, W-03-07, -9.34046, -122.10183, 493.422
44, W-03-08, 14.64635, -103.74001, 494.220
45, W-03-09, 36.80653, -80.94544, 500.500
46, W-03-10, 51.63362, -43.94318, 505.969
47, W-03-11, 49.46802, 3.82971, 505.175
48, W-04-00, 23.97192, 90.52380, 496.370
49, W-04-01, 0.32427, 109.73073, 492.864
50, W-04-02, -23.36054, 128.84553, 496.203
51, W-04-03, -43.71406, 155.69835, 503.033
52, W-04-04, -53.16932, -160.69689, 506.524
53, W-04-05, -44.16034, -116.68227, 503.200
54, W-04-06, -23.97192, -89.47620, 496.370
55, W-04-07, -0.32427, -70.26927, 492.864
56, W-04-08, 23.36054, -51.15447, 496.203
57, W-04-09, 43.71406, -24.30165, 503.033
58, W-04-10, 53.16932, 19.30311, 506.524
59, W-04-11, 44.16034, 63.31773, 503.200
60, W-05-00, 15.28124, 143.16721, 494.338
61, W-05-01, -8.69672, 161.55122, 493.348
62, W-05-02, -31.64821, -177.53731, 498.717
63, W-05-03, -49.15168, -145.01708, 505.058
64, W-05-04, -51.83558, -97.36638, 506.043
65, W-05-05, -37.33885, -59.86692, 500.691
66, W-05-06, -15.28124, -36.83279, 494.338
67, W-05-07, 8.69672, -18.44878, 493.348
68, W-05-08, 31.64821, 2.46269, 498.717
69, W-05-09, 49.15168, 34.98292, 505.058
70, W-05-10, 51.83558, 82.63362, 506.043
71, W-05-11, 37.33885, 120.13308, 500.691
72, W-06-00, 6.34384, -164.80218, 493.122
73, W-06-01, -17.58545, -146.29641, 494.801
74, W-06-02, -39.23664, -122.32356, 501.378
75, W-06-03, -52.45607, -83.01593, 506.267
76, W-06-04, -47.90690, -36.02268, 504.597
77, W-06-05, -29.53473, -5.13231, 498.028
78, W-06-06, -6.34384, 15.19782, 493.122
79, W-06-07, 17.58545, 33.70359, 494.801
80, W-06-08, 39.23664, 57.67644, 501.378
81, W-06-09, 52.45607, 96.98407, 506.267
82, W-06-10, 47.90690, 143.97732, 504.597
83, W-06-11, 29.53473, 174.86769, 498.028
84, W-07-00, -2.68876, -113.01099, 492.910
85, W-07-01, -26.18184, -93.42197, 497.000
86, W-07-02, -45.72068, -64.85552, 503.782
87, W-07-03, -53.04196, -19.47685, 506.479
88, W-07-04, -42.02477, 22.52886, 502.405
89, W-07-05, -21.11326, 48.16559, 495.619
90, W-07-06, 2.68876, 66.98901, 492.910
91, W-07-07, 26.18184, 86.57803, 497.000
92, W-07-08, 45.72068, 115.14448, 503.782
93, W-07-09, 53.04196, 160.52315, 506.479
94, W-07-10, 42.02477, -157.47114, 502.405
95, W-07-11, 21.11326, -131.83441, 495.619

[LINKS]
Type, SourceID, TargetID
ISL, 0, 1
ISL, 0, 23
ISL, 1, 2
ISL, 1, 12
ISL, 2, 3
ISL, 2, 13
ISL, 3, 4
ISL, 3, 14
ISL, 4, 5
ISL, 4, 15
ISL, 5, 6
ISL, 5, 15
ISL, 6, 7
ISL, 6, 17
ISL, 7, 8
ISL, 7, 18
ISL, 8, 9
ISL, 8, 19
ISL, 9, 10
ISL, 9, 20
ISL, 10, 11
ISL, 10, 21
ISL, 11, 0
ISL, 11, 21
ISL, 12, 13
ISL, 12, 35
ISL, 13, 14
ISL, 13, 24
ISL, 14, 15
ISL, 14, 25
ISL, 15, 16
ISL, 15, 26
ISL, 16, 17
ISL, 16, 27
ISL, 17, 18
ISL, 17, 28
ISL, 18, 19
ISL, 18, 29
ISL, 19, 20
ISL, 19, 30
ISL, 20, 21
ISL, 20, 31
ISL, 21, 22
ISL, 21, 32
ISL, 22, 23
ISL, 22, 33
ISL, 23, 12
ISL, 23, 34
ISL, 24, 25
ISL, 24, 47
ISL, 25, 26
ISL, 25, 36
ISL, 26, 27
ISL, 26, 37
ISL, 27, 28
ISL, 27, 38
ISL, 28, 29
ISL, 28, 39
ISL, 29, 30
ISL, 29, 40
ISL, 30, 31
ISL, 30, 41
ISL, 31, 32
ISL, 31, 42
ISL, 32, 33
ISL, 32, 43
ISL, 33, 34
ISL, 33, 44
ISL, 34, 35
ISL, 34, 45
ISL, 35, 24
ISL, 35, 46
ISL, 36, 37
ISL, 36, 59
ISL, 37, 38
ISL, 37, 48
ISL, 38, 39
ISL, 38, 49
ISL, 39, 40
ISL, 39, 50
ISL, 40, 41
ISL, 40, 50
ISL, 41, 42
ISL, 41, 52
ISL, 42, 43
ISL, 42, 53
ISL, 43, 44
ISL, 43, 54
ISL, 44, 45
ISL, 44, 55
ISL, 45, 46
ISL, 45, 56
ISL, 46, 47
ISL, 46, 56
ISL, 47, 36
ISL, 47, 58
ISL, 48, 49
ISL, 48, 71
ISL, 49, 50
ISL, 49, 60
ISL, 50, 51
ISL, 50, 61
ISL, 51, 52
ISL, 51, 62
ISL, 52, 53
ISL, 52, 63
ISL, 53, 54
ISL, 53, 64
ISL, 54, 55
ISL, 54, 65
ISL, 55, 56
ISL, 55, 66
ISL, 56, 57
ISL, 56, 67
ISL, 57, 58
ISL, 57, 68
ISL, 58, 59
ISL, 58, 69
ISL, 59, 48
ISL, 59, 70
ISL, 60, 61
ISL, 60, 83
ISL, 61, 62
ISL, 61, 72
ISL, 62, 63
ISL, 62, 73
ISL, 63, 64
ISL, 63, 73
ISL, 64, 65
ISL, 64, 75
ISL, 65, 66
ISL, 65, 76
ISL, 66, 67
ISL, 66, 77
ISL, 67, 68
ISL, 67, 78
ISL, 68, 69
ISL, 68, 79
ISL, 69, 70
ISL, 69, 79
ISL, 70, 71
ISL, 70, 81
ISL, 71, 60
ISL, 71, 82
ISL, 72, 73
ISL, 72, 95
ISL, 73, 74
ISL, 73, 84
ISL, 74, 75
ISL, 74, 85
ISL, 75, 76
ISL, 75, 85
ISL, 76, 77
ISL, 76, 87
ISL, 77, 78
ISL, 77, 88
ISL, 78, 79
ISL, 78, 89
ISL, 79, 80
ISL, 79, 90
ISL, 80, 81
ISL, 80, 91
ISL, 81, 82
ISL, 81, 91
ISL, 82, 83
ISL, 82, 93
ISL, 83, 72
ISL, 83, 94
ISL, 84, 85
ISL, 84, 2
ISL, 85, 86
ISL, 85, 3
ISL, 86, 87
ISL, 86, 4
ISL, 87, 88
ISL, 87, 5
ISL, 88, 89
ISL, 88, 6
ISL, 89, 90
ISL, 89, 7
ISL, 90, 91
ISL, 90, 8
ISL, 91, 92
ISL, 91, 9
ISL, 92, 93
ISL, 92, 10
ISL, 93, 94
ISL, 93, 11
ISL, 94, 95
ISL, 94, 0
ISL, 95, 84
ISL, 95, 1
