[METADATA]
Time: 2026-04-12 03:16:13
Step: 64
Total_Sats: 96

[NODES]
ID, Name, Lat(deg), Lon(deg), Alt(km)
0, W-00-00, 52.87529, -151.01426, 506.419
1, W-00-01, 40.99370, -110.00500, 502.024
2, W-00-02, 19.78568, -85.02825, 495.296
3, W-00-03, -4.07204, -66.34369, 492.970
4, W-00-04, -27.46016, -46.49637, 497.382
5, W-00-05, -46.58197, -17.08152, 504.103
6, W-00-06, -52.87529, 28.98574, 506.419
7, W-00-07, -40.99370, 69.99500, 502.024
8, W-00-08, -19.78568, 94.97175, 495.296
9, W-00-09, 4.07204, 113.65631, 492.970
10, W-00-10, 27.46016, 133.50363, 497.382
11, W-00-11, 46.58197, 162.91848, 504.103
12, W-01-00, 50.21231, -88.45616, 505.449
13, W-01-01, 33.63889, -54.28629, 499.389
14, W-01-02, 10.95400, -32.73364, 493.629
15, W-01-03, -13.04663, -14.40643, 493.945
16, W-01-04, -35.44862, 7.81918, 500.018
17, W-01-05, -51.06820, 43.57877, 505.763
18, W-01-06, -50.21231, 91.54384, 505.449
19, W-01-07, -33.63889, 125.71371, 499.389
20, W-01-08, -10.95400, 147.26636, 493.629
21, W-01-09, 13.04663, 165.59357, 493.945
22, W-01-10, 35.44862, -172.18082, 500.018
23, W-01-11, 51.06820, -136.42123, 505.763
24, W-02-00, 45.24669, -28.45608, 503.605
25, W-02-01, 25.49741, -0.32517, 496.800
26, W-02-02, 1.95295, 19.13705, 492.888
27, W-02-03, -21.81561, 38.04375, 495.796
28, W-02-04, -42.56062, 64.04693, 502.604
29, W-02-05, -53.10297, 106.56603, 506.500
30, W-02-06, -45.24669, 151.54392, 503.605
31, W-02-07, -25.49741, 179.67483, 496.800
32, W-02-08, -1.95295, -160.86295, 492.888
33, W-02-09, 21.81561, -141.95625, 495.796
34, W-02-10, 42.56062, -115.95307, 502.604
35, W-02-11, 53.10297, -73.43397, 506.500
36, W-03-00, 38.65351, 28.80439, 501.166
37, W-03-01, 16.87019, 52.47393, 494.651
38, W-03-02, -7.07702, 70.93489, 493.185
39, W-03-03, -30.19730, 91.43702, 498.241
40, W-03-04, -48.30926, 122.82462, 504.746
41, W-03-05, -52.28278, 170.05726, 506.205
42, W-03-06, -38.65351, -151.19561, 501.166
43, W-03-07, -16.87019, -127.52607, 494.651
44, W-03-08, 7.07702, -109.06511, 493.185
45, W-03-09, 30.19730, -88.56298, 498.241
46, W-03-10, 48.30926, -57.17538, 504.746
47, W-03-11, 52.28278, -9.94274, 506.205
48, W-04-00, 30.99514, 83.86411, 498.501
49, W-04-01, 7.96518, 104.58562, 493.270
50, W-04-02, -16.00039, 123.00063, 494.476
51, W-04-03, -37.93705, 146.31590, 500.906
52, W-04-04, -52.04844, -175.62007, 506.120
53, W-04-05, -48.77929, -128.13889, 504.920
54, W-04-06, -30.99514, -96.13589, 498.501
55, W-04-07, -7.96518, -75.41438, 493.270
56, W-04-08, 16.00039, -56.99937, 494.476
57, W-04-09, 37.93705, -33.68410, 500.906
58, W-04-10, 52.04844, 4.37993, 506.120
59, W-04-11, 48.77929, 51.86111, 504.920
60, W-05-00, 22.66393, 137.37786, 496.017
61, W-05-01, -1.06041, 156.39451, 492.870
62, W-05-02, -24.66319, 175.71255, 496.562
63, W-05-03, -44.65756, -156.67005, 503.385
64, W-05-04, -53.15107, -112.20775, 506.518
65, W-05-05, -43.19841, -69.08432, 502.841
66, W-05-06, -22.66393, -42.62214, 496.017
67, W-05-07, 1.06041, -23.60549, 492.870
68, W-05-08, 24.66319, -4.28745, 496.562
69, W-05-09, 44.65756, 23.32995, 503.385
70, W-05-10, 53.15107, 67.79225, 506.518
71, W-05-11, 43.19841, 110.91568, 502.841
72, W-06-00, 13.92424, -170.09952, 494.092
73, W-06-01, -10.07031, -151.75708, 493.512
74, W-06-02, -32.86412, -130.46556, 499.125
75, W-06-03, -49.81344, -96.95058, 505.302
76, W-06-04, -51.38826, -49.07035, 505.880
77, W-06-05, -36.19645, -12.63121, 500.283
78, W-06-06, -13.92424, 9.90048, 494.092
79, W-06-07, 10.07031, 28.24292, 493.512
80, W-06-08, 32.86412, 49.53444, 499.125
81, W-06-09, 49.81344, 83.04942, 505.302
82, W-06-10, 51.38826, 130.92965, 505.880
83, W-06-11, 36.19645, 167.36879, 500.283
84, W-07-00, 4.96313, -118.12841, 493.022
85, W-07-01, -18.92558, -99.52122, 495.097
86, W-07-02, -40.31370, -74.94993, 501.773
87, W-07-03, -52.73225, -34.60024, 506.367
88, W-07-04, -47.11535, 11.86214, 504.302
89, W-07-05, -28.27767, 41.84376, 497.633
90, W-07-06, -4.96313, 61.87159, 493.022
91, W-07-07, 18.92558, 80.47878, 495.097
92, W-07-08, 40.31370, 105.05007, 501.773
93, W-07-09, 52.73225, 145.39976, 506.367
94, W-07-10, 47.11535, -168.13786, 504.302
95, W-07-11, 28.27767, -138.15624, 497.633

[LINKS]
Type, SourceID, TargetID
ISL, 0, 1
ISL, 0, 23
ISL, 1, 2
ISL, 1, 12
ISL, 2, 3
ISL, 2, 13
ISL, 3, 4
ISL, 3, 14
ISL, 4, 5
ISL, 4, 15
ISL, 5, 6
ISL, 5, 15
ISL, 6, 7
ISL, 6, 17
ISL, 7, 8
ISL, 7, 18
ISL, 8, 9
ISL, 8, 19
ISL, 9, 10
ISL, 9, 20
ISL, 10, 11
ISL, 10, 21
ISL, 11, 0
ISL, 11, 21
ISL, 12, 13
ISL, 12, 35
ISL, 13, 14
ISL, 13, 24
ISL, 14, 15
ISL, 14, 25
ISL, 15, 16
ISL, 15, 26
ISL, 16, 17
ISL, 16, 27
ISL, 17, 18
ISL, 17, 28
ISL, 18, 19
ISL, 18, 29
ISL, 19, 20
ISL, 19, 30
ISL, 20, 21
ISL, 20, 31
ISL, 21, 22
ISL, 21, 32
ISL, 22, 23
ISL, 22, 33
ISL, 23, 12
ISL, 23, 34
ISL, 24, 25
ISL, 24, 47
ISL, 25, 26
ISL, 25, 36
ISL, 26, 27
ISL, 26, 37
ISL, 27, 28
ISL, 27, 38
ISL, 28, 29
ISL, 28, 39
ISL, 29, 30
ISL, 29, 40
ISL, 30, 31
ISL, 30, 41
ISL, 31, 32
ISL, 31, 42
ISL, 32, 33
ISL, 32, 43
ISL, 33, 34
ISL, 33, 44
ISL, 34, 35
ISL, 34, 45
ISL, 35, 24
ISL, 35, 46
ISL, 36, 37
ISL, 36, 59
ISL, 37, 38
ISL, 37, 48
ISL, 38, 39
ISL, 38, 49
ISL, 39, 40
ISL, 39, 50
ISL, 40, 41
ISL, 40, 50
ISL, 41, 42
ISL, 41, 52
ISL, 42, 43
ISL, 42, 53
ISL, 43, 44
ISL, 43, 54
ISL, 44, 45
ISL, 44, 55
ISL, 45, 46
ISL, 45, 56
ISL, 46, 47
ISL, 46, 56
ISL, 47, 36
ISL, 47, 58
ISL, 48, 49
ISL, 48, 71
ISL, 49, 50
ISL, 49, 60
ISL, 50, 51
ISL, 50, 61
ISL, 51, 52
ISL, 51, 62
ISL, 52, 53
ISL, 52, 63
ISL, 53, 54
ISL, 53, 64
ISL, 54, 55
ISL, 54, 65
ISL, 55, 56
ISL, 55, 66
ISL, 56, 57
ISL, 56, 67
ISL, 57, 58
ISL, 57, 68
ISL, 58, 59
ISL, 58, 69
ISL, 59, 48
ISL, 59, 70
ISL, 60, 61
ISL, 60, 83
ISL, 61, 62
ISL, 61, 72
ISL, 62, 63
ISL, 62, 73
ISL, 63, 64
ISL, 63, 73
ISL, 64, 65
ISL, 64, 75
ISL, 65, 66
ISL, 65, 76
ISL, 66, 67
ISL, 66, 77
ISL, 67, 68
ISL, 67, 78
ISL, 68, 69
ISL, 68, 79
ISL, 69, 70
ISL, 69, 79
ISL, 70, 71
ISL, 70, 81
ISL, 71, 60
ISL, 71, 82
ISL, 72, 73
ISL, 72, 95
ISL, 73, 74
ISL, 73, 84
ISL, 74, 75
ISL, 74, 85
ISL, 75, 76
ISL, 75, 85
ISL, 76, 77
ISL, 76, 87
ISL, 77, 78
ISL, 77, 88
ISL, 78, 79
ISL, 78, 89
ISL, 79, 80
ISL, 79, 90
ISL, 80, 81
ISL, 80, 91
ISL, 81, 82
ISL, 81, 91
ISL, 82, 83
ISL, 82, 93
ISL, 83, 72
ISL, 83, 94
ISL, 84, 85
ISL, 84, 2
ISL, 85, 86
ISL, 85, 3
ISL, 86, 87
ISL, 86, 4
ISL, 87, 88
ISL, 87, 5
ISL, 88, 89
ISL, 88, 6
ISL, 89, 90
ISL, 89, 7
ISL, 90, 91
ISL, 90, 8
ISL, 91, 92
ISL, 91, 9
ISL, 92, 93
ISL, 92, 10
ISL, 93, 94
ISL, 93, 11
ISL, 94, 95
ISL, 94, 0
ISL, 95, 84
ISL, 95, 1
