[METADATA]
Time: 2026-04-12 02:58:43
Step: 29
Total_Sats: 96

[NODES]
ID, Name, Lat(deg), Lon(deg), Alt(km)
0, W-00-00, 22.43570, 132.99885, 495.957
1, W-00-01, 43.02786, 159.33575, 502.778
2, W-00-02, 53.14091, -157.70155, 506.514
3, W-00-03, 44.81784, -113.09726, 503.445
4, W-00-04, 24.88845, -85.34307, 496.626
5, W-00-05, 1.30095, -65.98720, 492.874
6, W-00-06, -22.43570, -47.00115, 495.957
7, W-00-07, -43.02786, -20.66425, 502.778
8, W-00-08, -53.14091, 22.29845, 506.514
9, W-00-09, -44.81784, 66.90274, 503.445
10, W-00-10, -24.88845, 94.65693, 496.626
11, W-00-11, -1.30095, 114.01280, 492.874
12, W-01-00, 30.78076, -173.52040, 498.431
13, W-01-01, 48.65459, -141.68453, 504.874
14, W-01-02, 52.11418, -94.26575, 506.144
15, W-01-03, 38.13111, -56.01739, 500.976
16, W-01-04, 16.23504, -32.60810, 494.522
17, W-01-05, -7.72594, -14.18161, 493.246
18, W-01-06, -30.78076, 6.47960, 498.431
19, W-01-07, -48.65459, 38.31547, 504.874
20, W-01-08, -52.11418, 85.73425, 506.144
21, W-01-09, -38.13111, 123.98261, 500.976
22, W-01-10, -16.23504, 147.39190, 494.522
23, W-01-11, 7.72594, 165.81839, 493.246
24, W-02-00, 38.46142, -118.51005, 501.096
25, W-02-01, 52.22222, -79.94672, 506.183
26, W-02-02, 48.43788, -32.64254, 504.794
27, W-02-03, 30.41292, -1.09042, 498.311
28, W-02-04, 7.31647, 19.46966, 493.207
29, W-02-05, -16.63605, 37.91734, 494.603
30, W-02-06, -38.46142, 61.48995, 501.096
31, W-02-07, -52.22222, 100.05328, 506.183
32, W-02-08, -48.43788, 147.35746, 504.794
33, W-02-09, -30.41292, 178.90958, 498.311
34, W-02-10, -7.31647, -160.53034, 493.207
35, W-02-11, 16.63605, -142.08266, 494.603
36, W-03-00, 45.08946, -61.31656, 503.546
37, W-03-01, 53.11873, -16.47453, 506.506
38, W-03-02, 42.73381, 26.20951, 502.668
39, W-03-03, 22.04460, 52.33479, 495.855
40, W-03-04, -1.71244, 71.27015, 492.882
41, W-03-05, -25.27306, 90.69249, 496.736
42, W-03-06, -45.08946, 118.68344, 503.546
43, W-03-07, -53.11873, 163.52547, 506.506
44, W-03-08, -42.73381, -153.79049, 502.668
45, W-03-09, -22.04460, -127.66521, 495.855
46, W-03-10, 1.71244, -108.72985, 492.882
47, W-03-11, 25.27306, -89.30751, 496.736
48, W-04-00, 50.10701, -1.39204, 505.410
49, W-04-01, 51.15685, 46.55509, 505.795
50, W-04-02, 35.65099, 82.49735, 500.090
51, W-04-03, 13.28333, 104.80408, 493.984
52, W-04-04, -10.71601, 123.13451, 493.597
53, W-04-05, -33.43083, 144.61553, 499.318
54, W-04-06, -50.10701, 178.60796, 505.410
55, W-04-07, -51.15685, -133.44491, 505.795
56, W-04-08, -35.65099, -97.50265, 500.090
57, W-04-09, -13.28333, -75.19592, 493.984
58, W-04-10, 10.71601, -56.86549, 493.597
59, W-04-11, 33.43083, -35.38447, 499.318
60, W-05-00, 52.83947, 61.11152, 506.406
61, W-05-01, 46.72744, 107.28918, 504.158
62, W-05-02, 27.68100, 136.85525, 497.449
63, W-05-03, 4.31223, 156.75012, 492.983
64, W-05-04, -19.55421, 175.41290, 495.242
65, W-05-05, -40.81160, -159.72115, 501.956
66, W-05-06, -52.83947, -118.88848, 506.406
67, W-05-07, -46.72744, -72.71082, 504.158
68, W-05-08, -27.68100, -43.14475, 497.449
69, W-05-09, -4.31223, -23.24988, 492.983
70, W-05-10, 19.55421, -4.58710, 495.242
71, W-05-11, 40.81160, 20.27885, 501.956
72, W-06-00, 52.77352, 124.69984, 506.382
73, W-06-01, 40.49809, 165.22839, 501.841
74, W-06-02, 19.15768, -170.09259, 495.150
75, W-06-03, -4.72306, -151.46548, 493.007
76, W-06-04, -28.05790, -131.48739, 497.565
77, W-06-05, -46.97335, -101.66001, 504.249
78, W-06-06, -52.77352, -55.30016, 506.382
79, W-06-07, -40.49809, -14.77161, 501.841
80, W-06-08, -19.15768, 9.90741, 495.150
81, W-06-09, 4.72306, 28.53452, 493.007
82, W-06-10, 28.05790, 48.51261, 497.565
83, W-06-11, 46.97335, 78.33999, 504.249
84, W-07-00, 49.92311, -172.89240, 505.343
85, W-07-01, 33.07363, -139.20191, 499.196
86, W-07-02, 10.30860, -117.84128, 493.543
87, W-07-03, -13.68794, -99.50383, 494.052
88, W-07-04, -35.99577, -77.05599, 500.212
89, W-07-05, -51.30442, -40.80040, 505.849
90, W-07-06, -49.92311, 7.10760, 505.343
91, W-07-07, -33.07363, 40.79809, 499.196
92, W-07-08, -10.30860, 62.15872, 493.543
93, W-07-09, 13.68794, 80.49617, 494.052
94, W-07-10, 35.99577, 102.94401, 500.212
95, W-07-11, 51.30442, 139.19960, 505.849

[LINKS]
Type, SourceID, TargetID
ISL, 0, 1
ISL, 0, 23
ISL, 1, 2
ISL, 1, 12
ISL, 2, 3
ISL, 2, 13
ISL, 3, 4
ISL, 3, 14
ISL, 4, 5
ISL, 4, 15
ISL, 5, 6
ISL, 5, 15
ISL, 6, 7
ISL, 6, 17
ISL, 7, 8
ISL, 7, 18
ISL, 8, 9
ISL, 8, 19
ISL, 9, 10
ISL, 9, 20
ISL, 10, 11
ISL, 10, 21
ISL, 11, 0
ISL, 11, 21
ISL, 12, 13
ISL, 12, 35
ISL, 13, 14
ISL, 13, 24
ISL, 14, 15
ISL, 14, 25
ISL, 15, 16
ISL, 15, 26
ISL, 16, 17
ISL, 16, 27
ISL, 17, 18
ISL, 17, 28
ISL, 18, 19
ISL, 18, 29
ISL, 19, 20
ISL, 19, 30
ISL, 20, 21
ISL, 20, 31
ISL, 21, 22
ISL, 21, 32
ISL, 22, 23
ISL, 22, 33
ISL, 23, 12
ISL, 23, 34
ISL, 24, 25
ISL, 24, 47
ISL, 25, 26
ISL, 25, 36
ISL, 26, 27
ISL, 26, 37
ISL, 27, 28
ISL, 27, 38
ISL, 28, 29
ISL, 28, 39
ISL, 29, 30
ISL, 29, 40
ISL, 30, 31
ISL, 30, 41
ISL, 31, 32
ISL, 31, 42
ISL, 32, 33
ISL, 32, 43
ISL, 33, 34
ISL, 33, 44
ISL, 34, 35
ISL, 34, 45
ISL, 35, 24
ISL, 35, 46
ISL, 36, 37
ISL, 36, 59
ISL, 37, 38
ISL, 37, 48
ISL, 38, 39
ISL, 38, 49
ISL, 39, 40
ISL, 39, 50
ISL, 40, 41
ISL, 40, 50
ISL, 41, 42
ISL, 41, 52
ISL, 42, 43
ISL, 42, 53
ISL, 43, 44
ISL, 43, 54
ISL, 44, 45
ISL, 44, 55
ISL, 45, 46
ISL, 45, 56
ISL, 46, 47
ISL, 46, 56
ISL, 47, 36
ISL, 47, 58
ISL, 48, 49
ISL, 48, 71
ISL, 49, 50
ISL, 49, 60
ISL, 50, 51
ISL, 50, 61
ISL, 51, 52
ISL, 51, 62
ISL, 52, 53
ISL, 52, 63
ISL, 53, 54
ISL, 53, 64
ISL, 54, 55
ISL, 54, 65
ISL, 55, 56
ISL, 55, 66
ISL, 56, 57
ISL, 56, 67
ISL, 57, 58
ISL, 57, 68
ISL, 58, 59
ISL, 58, 69
ISL, 59, 48
ISL, 59, 70
ISL, 60, 61
ISL, 60, 83
ISL, 61, 62
ISL, 61, 72
ISL, 62, 63
ISL, 62, 73
ISL, 63, 64
ISL, 63, 73
ISL, 64, 65
ISL, 64, 75
ISL, 65, 66
ISL, 65, 76
ISL, 66, 67
ISL, 66, 77
ISL, 67, 68
ISL, 67, 78
ISL, 68, 69
ISL, 68, 79
ISL, 69, 70
ISL, 69, 79
ISL, 70, 71
ISL, 70, 81
ISL, 71, 60
ISL, 71, 82
ISL, 72, 73
ISL, 72, 95
ISL, 73, 74
ISL, 73, 84
ISL, 74, 75
ISL, 74, 85
ISL, 75, 76
ISL, 75, 85
ISL, 76, 77
ISL, 76, 87
ISL, 77, 78
ISL, 77, 88
ISL, 78, 79
ISL, 78, 89
ISL, 79, 80
ISL, 79, 90
ISL, 80, 81
ISL, 80, 91
ISL, 81, 82
ISL, 81, 91
ISL, 82, 83
ISL, 82, 93
ISL, 83, 72
ISL, 83, 94
ISL, 84, 85
ISL, 84, 2
ISL, 85, 86
ISL, 85, 3
ISL, 86, 87
ISL, 86, 4
ISL, 87, 88
ISL, 87, 5
ISL, 88, 89
ISL, 88, 6
ISL, 89, 90
ISL, 89, 7
ISL, 90, 91
ISL, 90, 8
ISL, 91, 92
ISL, 91, 9
ISL, 92, 93
ISL, 92, 10
ISL, 93, 94
ISL, 93, 11
ISL, 94, 95
ISL, 94, 0
ISL, 95, 84
ISL, 95, 1
