[METADATA]
Time: 2026-04-12 03:56:43
Step: 145
Total_Sats: 96

[NODES]
ID, Name, Lat(deg), Lon(deg), Alt(km)
0, W-00-00, -48.55979, -21.53218, 504.839
1, W-00-01, -52.16239, 25.83741, 506.161
2, W-00-02, -38.27667, 64.22439, 501.029
3, W-00-03, -16.41151, 87.70513, 494.558
4, W-00-04, 7.54585, 106.14070, 493.229
5, W-00-05, 30.61912, 126.75712, 498.378
6, W-00-06, 48.55979, 158.46782, 504.839
7, W-00-07, 52.16239, -154.16259, 506.161
8, W-00-08, 38.27667, -115.77561, 501.029
9, W-00-09, 16.41151, -92.29487, 494.558
10, W-00-10, -7.54585, -73.85930, 493.229
11, W-00-11, -30.61912, -53.24288, 498.378
12, W-01-00, -52.17538, 40.15547, 506.166
13, W-01-01, -48.53373, 87.51128, 504.829
14, W-01-02, -30.57489, 119.18787, 498.364
15, W-01-03, -7.49662, 139.79212, 493.224
16, W-01-04, 16.45972, 158.23024, 494.567
17, W-01-05, 38.31639, -178.26938, 501.043
18, W-01-06, 52.17538, -139.84453, 506.166
19, W-01-07, 48.53373, -92.48872, 504.829
20, W-01-08, 30.57489, -60.81213, 498.364
21, W-01-09, 7.49662, -40.20788, 493.224
22, W-01-10, -16.45972, -21.76976, 494.567
23, W-01-11, -38.31639, 1.73062, 501.043
24, W-02-00, -53.12923, 103.61225, 506.510
25, W-02-01, -42.86351, 146.41942, 502.717
26, W-02-02, -22.21674, 172.63737, 495.900
27, W-02-03, 1.53144, -168.40523, 492.878
28, W-02-04, 25.10399, -149.01240, 496.687
29, W-02-05, 44.97038, -121.12602, 503.502
30, W-02-06, 53.12923, -76.38775, 506.510
31, W-02-07, 42.86351, -33.58058, 502.717
32, W-02-08, 22.21674, -7.36263, 495.900
33, W-02-09, -1.53144, 11.59477, 492.878
34, W-02-10, -25.10399, 30.98760, 496.687
35, W-02-11, -44.97038, 58.87398, 503.502
36, W-03-00, -51.22240, 166.67283, 505.819
37, W-03-01, -35.80288, -157.24721, 500.143
38, W-03-02, -13.46136, -134.87876, 494.013
39, W-03-03, 10.53684, -116.54548, 493.573
40, W-03-04, 33.27390, -95.11776, 499.264
41, W-03-05, 50.02670, -61.25840, 505.381
42, W-03-06, 51.22240, -13.32717, 505.819
43, W-03-07, 35.80288, 22.75279, 500.143
44, W-03-08, 13.46136, 45.12124, 494.013
45, W-03-09, -10.53684, 63.45452, 493.573
46, W-03-10, -33.27390, 84.88224, 499.264
47, W-03-11, -50.02670, 118.74160, 505.381
48, W-04-00, -46.83607, -132.53775, 504.198
49, W-04-01, -27.84693, -102.85714, 497.500
50, W-04-02, -4.49296, -82.92595, 492.993
51, W-04-03, 19.37987, -64.27911, 495.201
52, W-04-04, 40.67399, -39.49579, 501.906
53, W-04-05, 52.81119, 1.20340, 506.396
54, W-04-06, 46.83607, 47.46225, 504.198
55, W-04-07, 27.84693, 77.14286, 497.500
56, W-04-08, 4.49296, 97.07405, 492.993
57, W-04-09, -19.37987, 115.72089, 495.201
58, W-04-10, -40.67399, 140.50421, 501.906
59, W-04-11, -52.81119, -178.79660, 506.396
60, W-05-00, -40.63630, -74.54503, 501.892
61, W-05-01, -19.33219, -49.78419, 495.190
62, W-05-02, 4.54236, -31.14163, 492.996
63, W-05-03, 27.89225, -11.20044, 497.514
64, W-05-04, 46.86564, 18.51160, 504.209
65, W-05-05, 52.80326, 64.79235, 506.393
66, W-05-06, 40.63630, 105.45497, 501.892
67, W-05-07, 19.33219, 130.21581, 495.190
68, W-05-08, -4.54236, 148.85837, 492.996
69, W-05-09, -27.89225, 168.79956, 497.514
70, W-05-10, -46.86564, -161.48840, 504.209
71, W-05-11, -52.80326, -115.20765, 506.393
72, W-06-00, -33.23095, -18.93432, 499.250
73, W-06-01, -10.48785, 2.47893, 493.566
74, W-06-02, 13.51001, 20.81305, 494.021
75, W-06-03, 35.84433, 43.19846, 500.158
76, W-06-04, 51.24015, 79.31611, 505.826
77, W-06-05, 50.00459, 127.24263, 505.373
78, W-06-06, 33.23095, 161.06568, 499.250
79, W-06-07, 10.48785, -177.52107, 493.566
80, W-06-08, -13.51001, -159.18695, 494.021
81, W-06-09, -35.84433, -136.80154, 500.158
82, W-06-10, -51.24015, -100.68389, 505.826
83, W-06-11, -50.00459, -52.75737, 505.373
84, W-07-00, -25.05775, 34.95261, 496.674
85, W-07-01, -1.48196, 54.33745, 492.877
86, W-07-02, 22.26376, 73.30094, 495.912
87, W-07-03, 42.89887, 99.54433, 502.730
88, W-07-04, 53.13190, 142.38501, 506.511
89, W-07-05, 44.93772, -172.90531, 503.490
90, W-07-06, 25.05775, -145.04739, 496.674
91, W-07-07, 1.48196, -125.66255, 492.877
92, W-07-08, -22.26376, -106.69906, 495.912
93, W-07-09, -42.89887, -80.45567, 502.730
94, W-07-10, -53.13190, -37.61499, 506.511
95, W-07-11, -44.93772, 7.09469, 503.490

[LINKS]
Type, SourceID, TargetID
ISL, 0, 1
ISL, 0, 23
ISL, 1, 2
ISL, 1, 12
ISL, 2, 3
ISL, 2, 13
ISL, 3, 4
ISL, 3, 14
ISL, 4, 5
ISL, 4, 15
ISL, 5, 6
ISL, 5, 15
ISL, 6, 7
ISL, 6, 17
ISL, 7, 8
ISL, 7, 18
ISL, 8, 9
ISL, 8, 19
ISL, 9, 10
ISL, 9, 20
ISL, 10, 11
ISL, 10, 21
ISL, 11, 0
ISL, 11, 21
ISL, 12, 13
ISL, 12, 35
ISL, 13, 14
ISL, 13, 24
ISL, 14, 15
ISL, 14, 25
ISL, 15, 16
ISL, 15, 26
ISL, 16, 17
ISL, 16, 27
ISL, 17, 18
ISL, 17, 28
ISL, 18, 19
ISL, 18, 29
ISL, 19, 20
ISL, 19, 30
ISL, 20, 21
ISL, 20, 31
ISL, 21, 22
ISL, 21, 32
ISL, 22, 23
ISL, 22, 33
ISL, 23, 12
ISL, 23, 34
ISL, 24, 25
ISL, 24, 47
ISL, 25, 26
ISL, 25, 36
ISL, 26, 27
ISL, 26, 37
ISL, 27, 28
ISL, 27, 38
ISL, 28, 29
ISL, 28, 39
ISL, 29, 30
ISL, 29, 40
ISL, 30, 31
ISL, 30, 41
ISL, 31, 32
ISL, 31, 42
ISL, 32, 33
ISL, 32, 43
ISL, 33, 34
ISL, 33, 44
ISL, 34, 35
ISL, 34, 45
ISL, 35, 24
ISL, 35, 46
ISL, 36, 37
ISL, 36, 59
ISL, 37, 38
ISL, 37, 48
ISL, 38, 39
ISL, 38, 49
ISL, 39, 40
ISL, 39, 50
ISL, 40, 41
ISL, 40, 50
ISL, 41, 42
ISL, 41, 52
ISL, 42, 43
ISL, 42, 53
ISL, 43, 44
ISL, 43, 54
ISL, 44, 45
ISL, 44, 55
ISL, 45, 46
ISL, 45, 56
ISL, 46, 47
ISL, 46, 56
ISL, 47, 36
ISL, 47, 58
ISL, 48, 49
ISL, 48, 71
ISL, 49, 50
ISL, 49, 60
ISL, 50, 51
ISL, 50, 61
ISL, 51, 52
ISL, 51, 62
ISL, 52, 53
ISL, 52, 63
ISL, 53, 54
ISL, 53, 64
ISL, 54, 55
ISL, 54, 65
ISL, 55, 56
ISL, 55, 66
ISL, 56, 57
ISL, 56, 67
ISL, 57, 58
ISL, 57, 68
ISL, 58, 59
ISL, 58, 69
ISL, 59, 48
ISL, 59, 70
ISL, 60, 61
ISL, 60, 83
ISL, 61, 62
ISL, 61, 72
ISL, 62, 63
ISL, 62, 73
ISL, 63, 64
ISL, 63, 73
ISL, 64, 65
ISL, 64, 75
ISL, 65, 66
ISL, 65, 76
ISL, 66, 67
ISL, 66, 77
ISL, 67, 68
ISL, 67, 78
ISL, 68, 69
ISL, 68, 79
ISL, 69, 70
ISL, 69, 79
ISL, 70, 71
ISL, 70, 81
ISL, 71, 60
ISL, 71, 82
ISL, 72, 73
ISL, 72, 95
ISL, 73, 74
ISL, 73, 84
ISL, 74, 75
ISL, 74, 85
ISL, 75, 76
ISL, 75, 85
ISL, 76, 77
ISL, 76, 87
ISL, 77, 78
ISL, 77, 88
ISL, 78, 79
ISL, 78, 89
ISL, 79, 80
ISL, 79, 90
ISL, 80, 81
ISL, 80, 91
ISL, 81, 82
ISL, 81, 91
ISL, 82, 83
ISL, 82, 93
ISL, 83, 72
ISL, 83, 94
ISL, 84, 85
ISL, 84, 2
ISL, 85, 86
ISL, 85, 3
ISL, 86, 87
ISL, 86, 4
ISL, 87, 88
ISL, 87, 5
ISL, 88, 89
ISL, 88, 6
ISL, 89, 90
ISL, 89, 7
ISL, 90, 91
ISL, 90, 8
ISL, 91, 92
ISL, 91, 9
ISL, 92, 93
ISL, 92, 10
ISL, 93, 94
ISL, 93, 11
ISL, 94, 95
ISL, 94, 0
ISL, 95, 84
ISL, 95, 1
