[METADATA]
Time: 2026-04-12 04:07:13
Step: 166
Total_Sats: 96

[NODES]
ID, Name, Lat(deg), Lon(deg), Alt(km)
0, W-00-00, -49.04524, 38.17593, 505.019
1, W-00-01, -31.45948, 70.54545, 498.654
2, W-00-02, -8.48488, 91.40104, 493.325
3, W-00-03, 15.48974, 109.79339, 494.377
4, W-00-04, 37.51282, 132.90795, 500.753
5, W-00-05, 51.89905, 170.57100, 506.066
6, W-00-06, 49.04524, -141.82407, 505.019
7, W-00-07, 31.45948, -109.45455, 498.654
8, W-00-08, 8.48488, -88.59896, 493.325
9, W-00-09, -15.48974, -70.20661, 494.377
10, W-00-10, -37.51282, -47.09205, 500.753
11, W-00-11, -51.89905, -9.42900, 506.066
12, W-01-00, -43.56565, 97.39375, 502.978
13, W-01-01, -23.15902, 124.13227, 496.149
14, W-01-02, 0.53753, 143.21793, 492.865
15, W-01-03, 24.17249, 162.45634, 496.425
16, W-01-04, 44.30542, -170.21956, 503.254
17, W-01-05, 53.16603, -126.07327, 506.523
18, W-01-06, 43.56565, -82.60625, 502.978
19, W-01-07, 23.15902, -55.86773, 496.149
20, W-01-08, -0.53753, -36.78207, 492.865
21, W-01-09, -24.17249, -17.54366, 496.425
22, W-01-10, -44.30542, 9.78044, 503.254
23, W-01-11, -53.16603, 53.92673, 506.523
24, W-02-00, -36.63042, 153.98186, 500.437
25, W-02-01, -14.43731, 176.69928, 494.182
26, W-02-02, 9.55199, -164.94514, 493.447
27, W-02-03, 32.40693, -143.80068, 498.971
28, W-02-04, 49.56960, -110.66452, 505.212
29, W-02-05, 51.56429, -62.85709, 505.944
30, W-02-06, 36.63042, -26.01814, 500.437
31, W-02-07, 14.43731, -3.30072, 494.182
32, W-02-08, -9.55199, 15.05486, 493.447
33, W-02-09, -32.40693, 36.19932, 498.971
34, W-02-10, -49.56960, 69.33548, 505.212
35, W-02-11, -51.56429, 117.14291, 505.944
36, W-03-00, -28.75398, -151.44691, 497.782
37, W-03-01, -5.48475, -131.30815, 493.057
38, W-03-02, 18.42035, -112.74189, 494.983
39, W-03-03, 39.91008, -88.40091, 501.625
40, W-03-04, 52.63567, -48.44242, 506.332
41, W-03-05, 47.41947, -1.76753, 504.415
42, W-03-06, 28.75398, 28.55309, 497.782
43, W-03-07, 5.48475, 48.69185, 493.057
44, W-03-08, -18.42035, 67.25811, 494.983
45, W-03-09, -39.91008, 91.59909, 501.625
46, W-03-10, -52.63567, 131.55758, 506.332
47, W-03-11, -47.41947, 178.23247, 504.415
48, W-04-00, -20.28797, -98.25619, 495.416
49, W-04-01, 3.54981, -79.52191, 492.944
50, W-04-02, 26.97887, -59.77520, 497.237
51, W-04-03, 46.26148, -30.68516, 503.984
52, W-04-04, 52.94616, 15.13253, 506.444
53, W-04-05, 41.38652, 56.52230, 502.169
54, W-04-06, 20.28797, 81.74381, 495.416
55, W-04-07, -3.54981, 100.47809, 492.944
56, W-04-08, -26.97887, 120.22480, 497.237
57, W-04-09, -46.26148, 149.31484, 503.984
58, W-04-10, -52.94616, -164.86747, 506.444
59, W-04-11, -41.38652, -123.47770, 502.169
60, W-05-00, -11.47087, -45.92534, 493.702
61, W-05-01, 12.53165, -27.60286, 493.862
62, W-05-02, 35.00664, -5.55018, 499.863
63, W-05-03, 50.86949, 29.81377, 505.690
64, W-05-04, 50.43550, 77.80525, 505.531
65, W-05-05, 34.08922, 112.36304, 499.544
66, W-05-06, 11.47087, 134.07466, 493.702
67, W-05-07, -12.53165, 152.39714, 493.862
68, W-05-08, -35.00664, 174.44982, 499.863
69, W-05-09, -50.86949, -150.18623, 505.690
70, W-05-10, -50.43550, -102.19475, 505.531
71, W-05-11, -34.08922, -67.63696, 499.544
72, W-06-00, -2.47562, 5.95997, 492.903
73, W-06-01, 21.31698, 24.80683, 495.670
74, W-06-02, 42.18090, 50.54861, 502.463
75, W-06-03, 53.06162, 92.70433, 506.486
76, W-06-04, 45.58449, 137.96927, 503.731
77, W-06-05, 25.98390, 166.40843, 496.942
78, W-06-06, 2.47562, -174.04003, 492.903
79, W-06-07, -21.31698, -155.19317, 495.670
80, W-06-08, -42.18090, -129.45139, 502.463
81, W-06-09, -53.06162, -87.29567, 506.486
82, W-06-10, -45.58449, -42.03073, 503.731
83, W-06-11, -25.98390, -13.59157, 496.942
84, W-07-00, 6.55631, 57.75286, 493.140
85, W-07-01, 29.72710, 78.13200, 498.090
86, W-07-02, 48.02481, 109.16543, 504.640
87, W-07-03, 52.40774, 156.23117, 506.250
88, W-07-04, 39.06844, -164.62322, 501.317
89, W-07-05, 17.37844, -140.73929, 494.757
90, W-07-06, -6.55631, -122.24714, 493.140
91, W-07-07, -29.72710, -101.86800, 498.090
92, W-07-08, -48.02481, -70.83457, 504.640
93, W-07-09, -52.40774, -23.76883, 506.250
94, W-07-10, -39.06844, 15.37678, 501.317
95, W-07-11, -17.37844, 39.26071, 494.757

[LINKS]
Type, SourceID, TargetID
ISL, 0, 1
ISL, 0, 23
ISL, 1, 2
ISL, 1, 12
ISL, 2, 3
ISL, 2, 13
ISL, 3, 4
ISL, 3, 14
ISL, 4, 5
ISL, 4, 15
ISL, 5, 6
ISL, 5, 15
ISL, 6, 7
ISL, 6, 17
ISL, 7, 8
ISL, 7, 18
ISL, 8, 9
ISL, 8, 19
ISL, 9, 10
ISL, 9, 20
ISL, 10, 11
ISL, 10, 21
ISL, 11, 0
ISL, 11, 21
ISL, 12, 13
ISL, 12, 35
ISL, 13, 14
ISL, 13, 24
ISL, 14, 15
ISL, 14, 25
ISL, 15, 16
ISL, 15, 26
ISL, 16, 17
ISL, 16, 27
ISL, 17, 18
ISL, 17, 28
ISL, 18, 19
ISL, 18, 29
ISL, 19, 20
ISL, 19, 30
ISL, 20, 21
ISL, 20, 31
ISL, 21, 22
ISL, 21, 32
ISL, 22, 23
ISL, 22, 33
ISL, 23, 12
ISL, 23, 34
ISL, 24, 25
ISL, 24, 47
ISL, 25, 26
ISL, 25, 36
ISL, 26, 27
ISL, 26, 37
ISL, 27, 28
ISL, 27, 38
ISL, 28, 29
ISL, 28, 39
ISL, 29, 30
ISL, 29, 40
ISL, 30, 31
ISL, 30, 41
ISL, 31, 32
ISL, 31, 42
ISL, 32, 33
ISL, 32, 43
ISL, 33, 34
ISL, 33, 44
ISL, 34, 35
ISL, 34, 45
ISL, 35, 24
ISL, 35, 46
ISL, 36, 37
ISL, 36, 59
ISL, 37, 38
ISL, 37, 48
ISL, 38, 39
ISL, 38, 49
ISL, 39, 40
ISL, 39, 50
ISL, 40, 41
ISL, 40, 50
ISL, 41, 42
ISL, 41, 52
ISL, 42, 43
ISL, 42, 53
ISL, 43, 44
ISL, 43, 54
ISL, 44, 45
ISL, 44, 55
ISL, 45, 46
ISL, 45, 56
ISL, 46, 47
ISL, 46, 56
ISL, 47, 36
ISL, 47, 58
ISL, 48, 49
ISL, 48, 71
ISL, 49, 50
ISL, 49, 60
ISL, 50, 51
ISL, 50, 61
ISL, 51, 52
ISL, 51, 62
ISL, 52, 53
ISL, 52, 63
ISL, 53, 54
ISL, 53, 64
ISL, 54, 55
ISL, 54, 65
ISL, 55, 56
ISL, 55, 66
ISL, 56, 57
ISL, 56, 67
ISL, 57, 58
ISL, 57, 68
ISL, 58, 59
ISL, 58, 69
ISL, 59, 48
ISL, 59, 70
ISL, 60, 61
ISL, 60, 83
ISL, 61, 62
ISL, 61, 72
ISL, 62, 63
ISL, 62, 73
ISL, 63, 64
ISL, 63, 73
ISL, 64, 65
ISL, 64, 75
ISL, 65, 66
ISL, 65, 76
ISL, 66, 67
ISL, 66, 77
ISL, 67, 68
ISL, 67, 78
ISL, 68, 69
ISL, 68, 79
ISL, 69, 70
ISL, 69, 79
ISL, 70, 71
ISL, 70, 81
ISL, 71, 60
ISL, 71, 82
ISL, 72, 73
ISL, 72, 95
ISL, 73, 74
ISL, 73, 84
ISL, 74, 75
ISL, 74, 85
ISL, 75, 76
ISL, 75, 85
ISL, 76, 77
ISL, 76, 87
ISL, 77, 78
ISL, 77, 88
ISL, 78, 79
ISL, 78, 89
ISL, 79, 80
ISL, 79, 90
ISL, 80, 81
ISL, 80, 91
ISL, 81, 82
ISL, 81, 91
ISL, 82, 83
ISL, 82, 93
ISL, 83, 72
ISL, 83, 94
ISL, 84, 85
ISL, 84, 2
ISL, 85, 86
ISL, 85, 3
ISL, 86, 87
ISL, 86, 4
ISL, 87, 88
ISL, 87, 5
ISL, 88, 89
ISL, 88, 6
ISL, 89, 90
ISL, 89, 7
ISL, 90, 91
ISL, 90, 8
ISL, 91, 92
ISL, 91, 9
ISL, 92, 93
ISL, 92, 10
ISL, 93, 94
ISL, 93, 11
ISL, 94, 95
ISL, 94, 0
ISL, 95, 84
ISL, 95, 1
