[METADATA]
Time: 2026-04-12 03:29:13
Step: 90
Total_Sats: 96

[NODES]
ID, Name, Lat(deg), Lon(deg), Alt(km)
0, W-00-00, 27.69683, -95.80707, 497.454
1, W-00-01, 4.32947, -75.90876, 492.984
2, W-00-02, -19.53759, -57.24752, 495.238
3, W-00-03, -40.79849, -32.38947, 501.951
4, W-00-04, -52.83682, 8.43049, 506.405
5, W-00-05, -46.73783, 54.61596, 504.161
6, W-00-06, -27.69683, 84.19293, 497.454
7, W-00-07, -4.32947, 104.09124, 492.984
8, W-00-08, 19.53759, 122.75248, 495.238
9, W-00-09, 40.79849, 147.61053, 501.951
10, W-00-10, 52.83682, -171.56951, 506.405
11, W-00-11, 46.73783, -125.38404, 504.161
12, W-01-00, 19.17432, -42.75294, 495.154
13, W-01-01, -4.70583, -24.12437, 493.006
14, W-01-02, -28.04211, -4.14982, 497.560
15, W-01-03, -46.96311, 25.66653, 504.245
16, W-01-04, -52.77641, 72.01891, 506.383
17, W-01-05, -40.51129, 112.56026, 501.846
18, W-01-06, -19.17432, 137.24706, 495.154
19, W-01-07, 4.70583, 155.87563, 493.006
20, W-01-08, 28.04211, 175.85018, 497.560
21, W-01-09, 46.96311, -154.33347, 504.245
22, W-01-10, 52.77641, -107.98109, 506.383
23, W-01-11, 40.51129, -67.43974, 501.846
24, W-02-00, 10.32570, 9.49949, 493.545
25, W-02-01, -13.67098, 27.83661, 494.049
26, W-02-02, -35.98134, 50.27847, 500.206
27, W-02-03, -51.29833, 86.52089, 505.847
28, W-02-04, -49.93092, 134.43075, 505.346
29, W-02-05, -33.08865, 168.13387, 499.201
30, W-02-06, -10.32570, -170.50051, 493.545
31, W-02-07, 13.67098, -152.16339, 494.049
32, W-02-08, 35.98134, -129.72153, 500.206
33, W-02-09, 51.29833, -93.47911, 505.847
34, W-02-10, 49.93092, -45.56925, 505.346
35, W-02-11, 33.08865, -11.86613, 499.201
36, W-03-00, 1.31821, 61.35399, 492.874
37, W-03-01, -22.41931, 80.33787, 495.952
38, W-03-02, -43.01558, 106.66582, 502.773
39, W-03-03, -53.14010, 149.61692, 506.514
40, W-03-04, -44.82930, -165.76868, 503.449
41, W-03-05, -24.90460, -138.00463, 496.631
42, W-03-06, -1.31821, -118.64601, 492.874
43, W-03-07, 22.41931, -99.66213, 495.952
44, W-03-08, 43.01558, -73.33418, 502.773
45, W-03-09, 53.14010, -30.38308, 506.514
46, W-03-10, 44.82930, 14.23132, 503.449
47, W-03-11, 24.90460, 41.99537, 496.631
48, W-04-00, -7.70877, 113.15935, 493.245
49, W-04-01, -30.76535, 133.81627, 498.426
50, W-04-02, -48.64559, 165.64017, 504.871
51, W-04-03, -52.11882, -146.94565, 506.145
52, W-04-04, -38.14501, -108.68407, 500.981
53, W-04-05, -16.25188, -85.26799, 494.526
54, W-04-06, 7.70877, -66.84065, 493.245
55, W-04-07, 30.76535, -46.18373, 498.426
56, W-04-08, 48.64559, -14.35983, 504.871
57, W-04-09, 52.11882, 33.05435, 506.145
58, W-04-10, 38.14501, 71.31593, 500.981
59, W-04-11, 16.25188, 94.73201, 494.526
60, W-05-00, -16.61924, 165.25739, 494.600
61, W-05-01, -38.44761, -171.17691, 501.091
62, W-05-02, -52.21780, -132.62678, 506.181
63, W-05-03, -48.44706, -85.31760, 504.797
64, W-05-04, -30.42838, -53.75363, 498.316
65, W-05-05, -7.33365, -33.18935, 493.209
66, W-05-06, 16.61924, -14.74261, 494.600
67, W-05-07, 38.44761, 8.82309, 501.091
68, W-05-08, 52.21780, 47.37322, 506.181
69, W-05-09, 48.44706, 94.68240, 504.797
70, W-05-10, 30.42838, 126.24637, 498.316
71, W-05-11, 7.33365, 146.81065, 493.209
72, W-06-00, -25.25694, -141.96916, 496.731
73, W-06-01, -45.07813, -113.98821, 503.542
74, W-06-02, -53.11979, -69.15602, 506.507
75, W-06-03, -42.74620, -26.46020, 502.673
76, W-06-04, -22.06102, -0.32611, 495.859
77, W-06-05, 1.69518, 18.61133, 492.882
78, W-06-06, 25.25694, 38.03084, 496.731
79, W-06-07, 45.07813, 66.01179, 503.542
80, W-06-08, 53.11979, 110.84398, 506.507
81, W-06-09, 42.74620, 153.53980, 502.673
82, W-06-10, 22.06102, 179.67389, 495.859
83, W-06-11, -1.69518, -161.38867, 492.882
84, W-07-00, -33.41588, -88.04884, 499.313
85, W-07-01, -50.09939, -54.06912, 505.408
86, W-07-02, -51.16314, -6.12342, 505.798
87, W-07-03, -35.66549, 29.83197, 500.095
88, W-07-04, -13.30031, 52.14456, 493.986
89, W-07-05, 10.69893, 70.47525, 493.594
90, W-07-06, 33.41588, 91.95116, 499.313
91, W-07-07, 50.09939, 125.93088, 505.408
92, W-07-08, 51.16314, 173.87658, 505.798
93, W-07-09, 35.66549, -150.16803, 500.095
94, W-07-10, 13.30031, -127.85544, 493.986
95, W-07-11, -10.69893, -109.52475, 493.594

[LINKS]
Type, SourceID, TargetID
ISL, 0, 1
ISL, 0, 23
ISL, 1, 2
ISL, 1, 12
ISL, 2, 3
ISL, 2, 13
ISL, 3, 4
ISL, 3, 14
ISL, 4, 5
ISL, 4, 15
ISL, 5, 6
ISL, 5, 15
ISL, 6, 7
ISL, 6, 17
ISL, 7, 8
ISL, 7, 18
ISL, 8, 9
ISL, 8, 19
ISL, 9, 10
ISL, 9, 20
ISL, 10, 11
ISL, 10, 21
ISL, 11, 0
ISL, 11, 21
ISL, 12, 13
ISL, 12, 35
ISL, 13, 14
ISL, 13, 24
ISL, 14, 15
ISL, 14, 25
ISL, 15, 16
ISL, 15, 26
ISL, 16, 17
ISL, 16, 27
ISL, 17, 18
ISL, 17, 28
ISL, 18, 19
ISL, 18, 29
ISL, 19, 20
ISL, 19, 30
ISL, 20, 21
ISL, 20, 31
ISL, 21, 22
ISL, 21, 32
ISL, 22, 23
ISL, 22, 33
ISL, 23, 12
ISL, 23, 34
ISL, 24, 25
ISL, 24, 47
ISL, 25, 26
ISL, 25, 36
ISL, 26, 27
ISL, 26, 37
ISL, 27, 28
ISL, 27, 38
ISL, 28, 29
ISL, 28, 39
ISL, 29, 30
ISL, 29, 40
ISL, 30, 31
ISL, 30, 41
ISL, 31, 32
ISL, 31, 42
ISL, 32, 33
ISL, 32, 43
ISL, 33, 34
ISL, 33, 44
ISL, 34, 35
ISL, 34, 45
ISL, 35, 24
ISL, 35, 46
ISL, 36, 37
ISL, 36, 59
ISL, 37, 38
ISL, 37, 48
ISL, 38, 39
ISL, 38, 49
ISL, 39, 40
ISL, 39, 50
ISL, 40, 41
ISL, 40, 50
ISL, 41, 42
ISL, 41, 52
ISL, 42, 43
ISL, 42, 53
ISL, 43, 44
ISL, 43, 54
ISL, 44, 45
ISL, 44, 55
ISL, 45, 46
ISL, 45, 56
ISL, 46, 47
ISL, 46, 56
ISL, 47, 36
ISL, 47, 58
ISL, 48, 49
ISL, 48, 71
ISL, 49, 50
ISL, 49, 60
ISL, 50, 51
ISL, 50, 61
ISL, 51, 52
ISL, 51, 62
ISL, 52, 53
ISL, 52, 63
ISL, 53, 54
ISL, 53, 64
ISL, 54, 55
ISL, 54, 65
ISL, 55, 56
ISL, 55, 66
ISL, 56, 57
ISL, 56, 67
ISL, 57, 58
ISL, 57, 68
ISL, 58, 59
ISL, 58, 69
ISL, 59, 48
ISL, 59, 70
ISL, 60, 61
ISL, 60, 83
ISL, 61, 62
ISL, 61, 72
ISL, 62, 63
ISL, 62, 73
ISL, 63, 64
ISL, 63, 73
ISL, 64, 65
ISL, 64, 75
ISL, 65, 66
ISL, 65, 76
ISL, 66, 67
ISL, 66, 77
ISL, 67, 68
ISL, 67, 78
ISL, 68, 69
ISL, 68, 79
ISL, 69, 70
ISL, 69, 79
ISL, 70, 71
ISL, 70, 81
ISL, 71, 60
ISL, 71, 82
ISL, 72, 73
ISL, 72, 95
ISL, 73, 74
ISL, 73, 84
ISL, 74, 75
ISL, 74, 85
ISL, 75, 76
ISL, 75, 85
ISL, 76, 77
ISL, 76, 87
ISL, 77, 78
ISL, 77, 88
ISL, 78, 79
ISL, 78, 89
ISL, 79, 80
ISL, 79, 90
ISL, 80, 81
ISL, 80, 91
ISL, 81, 82
ISL, 81, 91
ISL, 82, 83
ISL, 82, 93
ISL, 83, 72
ISL, 83, 94
ISL, 84, 85
ISL, 84, 2
ISL, 85, 86
ISL, 85, 3
ISL, 86, 87
ISL, 86, 4
ISL, 87, 88
ISL, 87, 5
ISL, 88, 89
ISL, 88, 6
ISL, 89, 90
ISL, 89, 7
ISL, 90, 91
ISL, 90, 8
ISL, 91, 92
ISL, 91, 9
ISL, 92, 93
ISL, 92, 10
ISL, 93, 94
ISL, 93, 11
ISL, 94, 95
ISL, 94, 0
ISL, 95, 84
ISL, 95, 1
