[METADATA]
Time: 2026-04-12 03:45:13
Step: 122
Total_Sats: 96

[NODES]
ID, Name, Lat(deg), Lon(deg), Alt(km)
0, W-00-00, -20.28859, -60.59745, 495.416
1, W-00-01, -41.38701, -35.37562, 502.169
2, W-00-02, -52.94624, 6.01462, 506.444
3, W-00-03, -46.26108, 51.83199, 503.984
4, W-00-04, -26.97827, 80.92162, 497.236
5, W-00-05, -3.54916, 100.66821, 492.944
6, W-00-06, 20.28859, 119.40255, 495.416
7, W-00-07, 41.38701, 144.62438, 502.169
8, W-00-08, 52.94624, -173.98538, 506.444
9, W-00-09, 46.26108, -128.16801, 503.984
10, W-00-10, 26.97827, -99.07838, 497.236
11, W-00-11, 3.54916, -79.33179, 492.944
12, W-01-00, -28.75458, -7.40665, 497.782
13, W-01-01, -47.41985, 22.91440, 504.415
14, W-01-02, -52.63554, 69.58954, 506.332
15, W-01-03, -39.90958, 109.54755, 501.624
16, W-01-04, -18.41972, 133.88824, 494.983
17, W-01-05, 5.48540, 152.45445, 493.057
18, W-01-06, 28.75458, 172.59335, 497.782
19, W-01-07, 47.41985, -157.08560, 504.415
20, W-01-08, 52.63554, -110.41046, 506.332
21, W-01-09, 39.90958, -70.45245, 501.624
22, W-01-10, 18.41972, -46.11176, 494.983
23, W-01-11, -5.48540, -27.54555, 493.057
24, W-02-00, -36.63096, 47.16471, 500.437
25, W-02-01, -51.56450, 84.00415, 505.944
26, W-02-02, -49.56929, 131.81149, 505.212
27, W-02-03, -32.40636, 164.94717, 498.970
28, W-02-04, -9.55135, -173.90855, 493.447
29, W-02-05, 14.43795, -155.55295, 494.183
30, W-02-06, 36.63096, -132.83529, 500.437
31, W-02-07, 51.56450, -95.99585, 505.944
32, W-02-08, 49.56929, -48.18851, 505.212
33, W-02-09, 32.40636, -15.05283, 498.970
34, W-02-10, 9.55135, 6.09145, 493.447
35, W-02-11, -14.43795, 24.44705, 494.183
36, W-03-00, -43.56611, 103.75299, 502.978
37, W-03-01, -53.16604, 147.22042, 506.523
38, W-03-02, -44.30498, -168.63368, 503.254
39, W-03-03, -24.17187, -141.30994, 496.425
40, W-03-04, -0.53688, -122.07164, 492.865
41, W-03-05, 23.15963, -102.98588, 496.149
42, W-03-06, 43.56611, -76.24701, 502.978
43, W-03-07, 53.16604, -32.77958, 506.523
44, W-03-08, 44.30498, 11.36632, 503.254
45, W-03-09, 24.17187, 38.69006, 496.425
46, W-03-10, 0.53688, 57.92836, 492.865
47, W-03-11, -23.15963, 77.01412, 496.149
48, W-04-00, -49.04557, 162.97100, 505.019
49, W-04-01, -51.89886, -149.42392, 506.066
50, W-04-02, -37.51229, -111.76137, 500.753
51, W-04-03, -15.48911, -88.64705, 494.377
52, W-04-04, 8.48552, -70.25473, 493.325
53, W-04-05, 31.46006, -49.39898, 498.654
54, W-04-06, 49.04557, -17.02900, 505.019
55, W-04-07, 51.89886, 30.57608, 506.066
56, W-04-08, 37.51229, 68.23863, 500.753
57, W-04-09, 15.48911, 91.35295, 494.377
58, W-04-10, -8.48552, 109.74527, 493.325
59, W-04-11, -31.46006, 130.60102, 498.654
60, W-05-00, -52.40789, -135.08406, 506.250
61, W-05-01, -48.02445, -88.01854, 504.640
62, W-05-02, -29.72651, -56.98554, 498.090
63, W-05-03, -6.55566, -36.60655, 493.140
64, W-05-04, 17.37907, -18.11437, 494.757
65, W-05-05, 39.06895, 5.76983, 501.317
66, W-05-06, 52.40789, 44.91594, 506.250
67, W-05-07, 48.02445, 91.98146, 504.640
68, W-05-08, 29.72651, 123.01446, 498.090
69, W-05-09, 6.55566, 143.39345, 493.140
70, W-05-10, -17.37907, 161.88563, 494.757
71, W-05-11, -39.06895, -174.23017, 501.317
72, W-06-00, -53.06156, -71.55718, 506.486
73, W-06-01, -42.18043, -29.40191, 502.463
74, W-06-02, -21.31636, -3.66046, 495.670
75, W-06-03, 2.47627, 15.18632, 492.903
76, W-06-04, 25.98450, 34.73799, 496.942
77, W-06-05, 45.58491, 63.17753, 503.731
78, W-06-06, 53.06156, 108.44282, 506.486
79, W-06-07, 42.18043, 150.59809, 502.463
80, W-06-08, 21.31636, 176.33954, 495.670
81, W-06-09, -2.47627, -164.81368, 492.903
82, W-06-10, -25.98450, -145.26201, 496.942
83, W-06-11, -45.58491, -116.82247, 503.731
84, W-07-00, -50.86924, -8.66675, 505.690
85, W-07-01, -35.00609, 26.69671, 499.863
86, W-07-02, -12.53101, 48.74918, 493.862
87, W-07-03, 11.47151, 67.07166, 493.702
88, W-07-04, 34.08978, 88.78348, 499.545
89, W-07-05, 50.43578, 123.34175, 505.531
90, W-07-06, 50.86924, 171.33325, 505.690
91, W-07-07, 35.00609, -153.30329, 499.863
92, W-07-08, 12.53101, -131.25082, 493.862
93, W-07-09, -11.47151, -112.92834, 493.702
94, W-07-10, -34.08978, -91.21652, 499.545
95, W-07-11, -50.43578, -56.65825, 505.531

[LINKS]
Type, SourceID, TargetID
ISL, 0, 1
ISL, 0, 23
ISL, 1, 2
ISL, 1, 12
ISL, 2, 3
ISL, 2, 13
ISL, 3, 4
ISL, 3, 14
ISL, 4, 5
ISL, 4, 15
ISL, 5, 6
ISL, 5, 15
ISL, 6, 7
ISL, 6, 17
ISL, 7, 8
ISL, 7, 18
ISL, 8, 9
ISL, 8, 19
ISL, 9, 10
ISL, 9, 20
ISL, 10, 11
ISL, 10, 21
ISL, 11, 0
ISL, 11, 21
ISL, 12, 13
ISL, 12, 35
ISL, 13, 14
ISL, 13, 24
ISL, 14, 15
ISL, 14, 25
ISL, 15, 16
ISL, 15, 26
ISL, 16, 17
ISL, 16, 27
ISL, 17, 18
ISL, 17, 28
ISL, 18, 19
ISL, 18, 29
ISL, 19, 20
ISL, 19, 30
ISL, 20, 21
ISL, 20, 31
ISL, 21, 22
ISL, 21, 32
ISL, 22, 23
ISL, 22, 33
ISL, 23, 12
ISL, 23, 34
ISL, 24, 25
ISL, 24, 47
ISL, 25, 26
ISL, 25, 36
ISL, 26, 27
ISL, 26, 37
ISL, 27, 28
ISL, 27, 38
ISL, 28, 29
ISL, 28, 39
ISL, 29, 30
ISL, 29, 40
ISL, 30, 31
ISL, 30, 41
ISL, 31, 32
ISL, 31, 42
ISL, 32, 33
ISL, 32, 43
ISL, 33, 34
ISL, 33, 44
ISL, 34, 35
ISL, 34, 45
ISL, 35, 24
ISL, 35, 46
ISL, 36, 37
ISL, 36, 59
ISL, 37, 38
ISL, 37, 48
ISL, 38, 39
ISL, 38, 49
ISL, 39, 40
ISL, 39, 50
ISL, 40, 41
ISL, 40, 50
ISL, 41, 42
ISL, 41, 52
ISL, 42, 43
ISL, 42, 53
ISL, 43, 44
ISL, 43, 54
ISL, 44, 45
ISL, 44, 55
ISL, 45, 46
ISL, 45, 56
ISL, 46, 47
ISL, 46, 56
ISL, 47, 36
ISL, 47, 58
ISL, 48, 49
ISL, 48, 71
ISL, 49, 50
ISL, 49, 60
ISL, 50, 51
ISL, 50, 61
ISL, 51, 52
ISL, 51, 62
ISL, 52, 53
ISL, 52, 63
ISL, 53, 54
ISL, 53, 64
ISL, 54, 55
ISL, 54, 65
ISL, 55, 56
ISL, 55, 66
ISL, 56, 57
ISL, 56, 67
ISL, 57, 58
ISL, 57, 68
ISL, 58, 59
ISL, 58, 69
ISL, 59, 48
ISL, 59, 70
ISL, 60, 61
ISL, 60, 83
ISL, 61, 62
ISL, 61, 72
ISL, 62, 63
ISL, 62, 73
ISL, 63, 64
ISL, 63, 73
ISL, 64, 65
ISL, 64, 75
ISL, 65, 66
ISL, 65, 76
ISL, 66, 67
ISL, 66, 77
ISL, 67, 68
ISL, 67, 78
ISL, 68, 69
ISL, 68, 79
ISL, 69, 70
ISL, 69, 79
ISL, 70, 71
ISL, 70, 81
ISL, 71, 60
ISL, 71, 82
ISL, 72, 73
ISL, 72, 95
ISL, 73, 74
ISL, 73, 84
ISL, 74, 75
ISL, 74, 85
ISL, 75, 76
ISL, 75, 85
ISL, 76, 77
ISL, 76, 87
ISL, 77, 78
ISL, 77, 88
ISL, 78, 79
ISL, 78, 89
ISL, 79, 80
ISL, 79, 90
ISL, 80, 81
ISL, 80, 91
ISL, 81, 82
ISL, 81, 91
ISL, 82, 83
ISL, 82, 93
ISL, 83, 72
ISL, 83, 94
ISL, 84, 85
ISL, 84, 2
ISL, 85, 86
ISL, 85, 3
ISL, 86, 87
ISL, 86, 4
ISL, 87, 88
ISL, 87, 5
ISL, 88, 89
ISL, 88, 6
ISL, 89, 90
ISL, 89, 7
ISL, 90, 91
ISL, 90, 8
ISL, 91, 92
ISL, 91, 9
ISL, 92, 93
ISL, 92, 10
ISL, 93, 94
ISL, 93, 11
ISL, 94, 95
ISL, 94, 0
ISL, 95, 84
ISL, 95, 1
