[METADATA]
Time: 2026-04-12 03:55:43
Step: 143
Total_Sats: 96

[NODES]
ID, Name, Lat(deg), Lon(deg), Alt(km)
0, W-00-00, -46.83646, -26.31540, 504.198
1, W-00-01, -52.81108, 19.94373, 506.395
2, W-00-02, -40.67350, 60.64244, 501.905
3, W-00-03, -19.37924, 85.42547, 495.201
4, W-00-04, 4.49361, 104.07225, 492.993
5, W-00-05, 27.84752, 124.00357, 497.500
6, W-00-06, 46.83646, 153.68460, 504.198
7, W-00-07, 52.81108, -160.05627, 506.395
8, W-00-08, 40.67350, -119.35756, 501.905
9, W-00-09, 19.37924, -94.57453, 495.201
10, W-00-10, -4.49361, -75.92775, 492.993
11, W-00-11, -27.84752, -55.99643, 497.500
12, W-01-00, -51.22264, 34.47422, 505.819
13, W-01-01, -50.02641, 82.40539, 505.381
14, W-01-02, -33.27333, 116.26427, 499.264
15, W-01-03, -10.53620, 137.69180, 493.573
16, W-01-04, 13.46200, 156.02509, 494.013
17, W-01-05, 35.80342, 178.39375, 500.144
18, W-01-06, 51.22264, -145.52578, 505.819
19, W-01-07, 50.02641, -97.59461, 505.381
20, W-01-08, 33.27333, -63.73573, 499.264
21, W-01-09, 10.53620, -42.30820, 493.573
22, W-01-10, -13.46200, -23.97491, 494.013
23, W-01-11, -35.80342, -1.60625, 500.144
24, W-02-00, -53.12927, 97.53491, 506.510
25, W-02-01, -44.96995, 142.27280, 503.502
26, W-02-02, -25.10339, 170.15881, 496.687
27, W-02-03, -1.53079, -170.44847, 492.878
28, W-02-04, 22.21735, -151.49099, 495.900
29, W-02-05, 42.86397, -125.27271, 502.717
30, W-02-06, 53.12927, -82.46509, 506.510
31, W-02-07, 44.96995, -37.72720, 503.502
32, W-02-08, 25.10339, -9.84119, 496.687
33, W-02-09, 1.53079, 9.55153, 492.878
34, W-02-10, -22.21735, 28.50901, 495.900
35, W-02-11, -42.86397, 54.72729, 502.717
36, W-03-00, -52.17521, 160.99162, 506.166
37, W-03-01, -38.31586, -160.58402, 501.043
38, W-03-02, -16.45909, -137.08390, 494.567
39, W-03-03, 7.49727, -118.64582, 493.224
40, W-03-04, 30.57547, -98.04140, 498.364
41, W-03-05, 48.53407, -66.36437, 504.829
42, W-03-06, 52.17521, -19.00838, 506.166
43, W-03-07, 38.31586, 19.41598, 501.043
44, W-03-08, 16.45909, 42.91610, 494.567
45, W-03-09, -7.49727, 61.35418, 493.224
46, W-03-10, -30.57547, 81.95860, 498.364
47, W-03-11, -48.53407, 113.63563, 504.829
48, W-04-00, -48.55944, -137.32091, 504.839
49, W-04-01, -30.61854, -105.61065, 498.378
50, W-04-02, -7.54521, -84.99439, 493.229
51, W-04-03, 16.41214, -66.55880, 494.558
52, W-04-04, 38.27719, -43.07779, 501.029
53, W-04-05, 52.16256, -4.69032, 506.161
54, W-04-06, 48.55944, 42.67909, 504.839
55, W-04-07, 30.61854, 74.38935, 498.378
56, W-04-08, 7.54521, 95.00561, 493.229
57, W-04-09, -16.41214, 113.44120, 494.558
58, W-04-10, -38.27719, 136.92221, 501.029
59, W-04-11, -52.16256, 175.30968, 506.161
60, W-05-00, -42.89840, -78.39762, 502.730
61, W-05-01, -22.26314, -52.15456, 495.912
62, W-05-02, 1.48262, -33.19115, 492.877
63, W-05-03, 25.05836, -13.80621, 496.674
64, W-05-04, 44.93815, 14.05209, 503.490
65, W-05-05, 53.13187, 58.76214, 506.511
66, W-05-06, 42.89840, 101.60238, 502.730
67, W-05-07, 22.26314, 127.84544, 495.912
68, W-05-08, -1.48262, 146.80885, 492.877
69, W-05-09, -25.05836, 166.19379, 496.674
70, W-05-10, -44.93815, -165.94791, 503.490
71, W-05-11, -53.13187, -121.23786, 506.511
72, W-06-00, -35.84379, -22.05191, 500.158
73, W-06-01, -13.50937, 0.33327, 494.021
74, W-06-02, 10.48850, 18.66739, 493.566
75, W-06-03, 33.23151, 40.08082, 499.250
76, W-06-04, 50.00488, 73.90435, 505.373
77, W-06-05, 51.23991, 121.83094, 505.826
78, W-06-06, 35.84379, 157.94809, 500.158
79, W-06-07, 13.50937, -179.66673, 494.021
80, W-06-08, -10.48850, -161.33261, 493.566
81, W-06-09, -33.23151, -139.91918, 499.250
82, W-06-10, -50.00488, -106.09565, 505.373
83, W-06-11, -51.23991, -58.16906, 505.826
84, W-07-00, -27.89165, 32.34688, 497.514
85, W-07-01, -4.54171, 52.28793, 492.996
86, W-07-02, 19.33281, 70.93054, 495.190
87, W-07-03, 40.63679, 95.69168, 501.892
88, W-07-04, 52.80336, 136.35479, 506.393
89, W-07-05, 46.86525, -177.36475, 504.209
90, W-07-06, 27.89165, -147.65312, 497.514
91, W-07-07, 4.54171, -127.71207, 492.996
92, W-07-08, -19.33281, -109.06946, 495.190
93, W-07-09, -40.63679, -84.30832, 501.892
94, W-07-10, -52.80336, -43.64521, 506.393
95, W-07-11, -46.86525, 2.63525, 504.209

[LINKS]
Type, SourceID, TargetID
ISL, 0, 1
ISL, 0, 23
ISL, 1, 2
ISL, 1, 12
ISL, 2, 3
ISL, 2, 13
ISL, 3, 4
ISL, 3, 14
ISL, 4, 5
ISL, 4, 15
ISL, 5, 6
ISL, 5, 15
ISL, 6, 7
ISL, 6, 17
ISL, 7, 8
ISL, 7, 18
ISL, 8, 9
ISL, 8, 19
ISL, 9, 10
ISL, 9, 20
ISL, 10, 11
ISL, 10, 21
ISL, 11, 0
ISL, 11, 21
ISL, 12, 13
ISL, 12, 35
ISL, 13, 14
ISL, 13, 24
ISL, 14, 15
ISL, 14, 25
ISL, 15, 16
ISL, 15, 26
ISL, 16, 17
ISL, 16, 27
ISL, 17, 18
ISL, 17, 28
ISL, 18, 19
ISL, 18, 29
ISL, 19, 20
ISL, 19, 30
ISL, 20, 21
ISL, 20, 31
ISL, 21, 22
ISL, 21, 32
ISL, 22, 23
ISL, 22, 33
ISL, 23, 12
ISL, 23, 34
ISL, 24, 25
ISL, 24, 47
ISL, 25, 26
ISL, 25, 36
ISL, 26, 27
ISL, 26, 37
ISL, 27, 28
ISL, 27, 38
ISL, 28, 29
ISL, 28, 39
ISL, 29, 30
ISL, 29, 40
ISL, 30, 31
ISL, 30, 41
ISL, 31, 32
ISL, 31, 42
ISL, 32, 33
ISL, 32, 43
ISL, 33, 34
ISL, 33, 44
ISL, 34, 35
ISL, 34, 45
ISL, 35, 24
ISL, 35, 46
ISL, 36, 37
ISL, 36, 59
ISL, 37, 38
ISL, 37, 48
ISL, 38, 39
ISL, 38, 49
ISL, 39, 40
ISL, 39, 50
ISL, 40, 41
ISL, 40, 50
ISL, 41, 42
ISL, 41, 52
ISL, 42, 43
ISL, 42, 53
ISL, 43, 44
ISL, 43, 54
ISL, 44, 45
ISL, 44, 55
ISL, 45, 46
ISL, 45, 56
ISL, 46, 47
ISL, 46, 56
ISL, 47, 36
ISL, 47, 58
ISL, 48, 49
ISL, 48, 71
ISL, 49, 50
ISL, 49, 60
ISL, 50, 51
ISL, 50, 61
ISL, 51, 52
ISL, 51, 62
ISL, 52, 53
ISL, 52, 63
ISL, 53, 54
ISL, 53, 64
ISL, 54, 55
ISL, 54, 65
ISL, 55, 56
ISL, 55, 66
ISL, 56, 57
ISL, 56, 67
ISL, 57, 58
ISL, 57, 68
ISL, 58, 59
ISL, 58, 69
ISL, 59, 48
ISL, 59, 70
ISL, 60, 61
ISL, 60, 83
ISL, 61, 62
ISL, 61, 72
ISL, 62, 63
ISL, 62, 73
ISL, 63, 64
ISL, 63, 73
ISL, 64, 65
ISL, 64, 75
ISL, 65, 66
ISL, 65, 76
ISL, 66, 67
ISL, 66, 77
ISL, 67, 68
ISL, 67, 78
ISL, 68, 69
ISL, 68, 79
ISL, 69, 70
ISL, 69, 79
ISL, 70, 71
ISL, 70, 81
ISL, 71, 60
ISL, 71, 82
ISL, 72, 73
ISL, 72, 95
ISL, 73, 74
ISL, 73, 84
ISL, 74, 75
ISL, 74, 85
ISL, 75, 76
ISL, 75, 85
ISL, 76, 77
ISL, 76, 87
ISL, 77, 78
ISL, 77, 88
ISL, 78, 79
ISL, 78, 89
ISL, 79, 80
ISL, 79, 90
ISL, 80, 81
ISL, 80, 91
ISL, 81, 82
ISL, 81, 91
ISL, 82, 83
ISL, 82, 93
ISL, 83, 72
ISL, 83, 94
ISL, 84, 85
ISL, 84, 2
ISL, 85, 86
ISL, 85, 3
ISL, 86, 87
ISL, 86, 4
ISL, 87, 88
ISL, 87, 5
ISL, 88, 89
ISL, 88, 6
ISL, 89, 90
ISL, 89, 7
ISL, 90, 91
ISL, 90, 8
ISL, 91, 92
ISL, 91, 9
ISL, 92, 93
ISL, 92, 10
ISL, 93, 94
ISL, 93, 11
ISL, 94, 95
ISL, 94, 0
ISL, 95, 84
ISL, 95, 1
