[METADATA]
Time: 2026-04-12 03:02:13
Step: 36
Total_Sats: 96

[NODES]
ID, Name, Lat(deg), Lon(deg), Alt(km)
0, W-00-00, 32.26584, 142.32571, 498.923
1, W-00-01, 49.49311, 175.34612, 505.184
2, W-00-02, 51.61670, -136.87224, 505.963
3, W-00-03, 36.76327, -99.91015, 500.484
4, W-00-04, 14.59495, -77.13463, 494.211
5, W-00-05, -9.39249, -58.77439, 493.428
6, W-00-06, -32.26584, -37.67429, 498.923
7, W-00-07, -49.49311, -4.65388, 505.184
8, W-00-08, -51.61670, 43.12776, 505.963
9, W-00-09, -36.76327, 80.08985, 500.484
10, W-00-10, -14.59495, 102.86537, 494.211
11, W-00-11, 9.39249, 121.22561, 493.428
12, W-01-00, 39.78519, -162.30970, 501.579
13, W-01-01, 52.60407, -122.47213, 506.321
14, W-01-02, 47.51174, -75.73479, 504.450
15, W-01-03, 28.90008, -45.30888, 497.827
16, W-01-04, 5.64512, -25.13522, 493.068
17, W-01-05, -18.26476, -6.58091, 494.949
18, W-01-06, -39.78519, 17.69030, 501.579
19, W-01-07, -52.60407, 57.52787, 506.321
20, W-01-08, -47.51174, 104.26521, 504.450
21, W-01-09, -28.90008, 134.69112, 497.827
22, W-01-10, -5.64512, 154.86478, 493.068
23, W-01-11, 18.26476, 173.41909, 494.949
24, W-02-00, 46.16174, -104.64054, 503.947
25, W-02-01, 52.96602, -58.90221, 506.451
26, W-02-02, 41.50649, -17.39639, 502.213
27, W-02-03, 20.44222, 7.90148, 495.454
28, W-02-04, -3.38917, 26.65172, 492.937
29, W-02-05, -26.83049, 46.36824, 497.192
30, W-02-06, -46.16174, 75.35946, 503.947
31, W-02-07, -52.96602, 121.09779, 506.451
32, W-02-08, -41.50649, 162.60361, 502.213
33, W-02-09, -20.44222, -172.09852, 495.454
34, W-02-10, 3.38917, -153.34828, 492.937
35, W-02-11, 26.83049, -133.63176, 497.192
36, W-03-00, 50.80673, -44.19147, 505.667
37, W-03-01, 50.50257, 3.80466, 505.556
38, W-03-02, 34.22719, 38.48234, 499.592
39, W-03-03, 11.62971, 60.24375, 493.725
40, W-03-04, -12.37314, 78.56540, 493.837
41, W-03-05, -34.87015, 100.56583, 499.816
42, W-03-06, -50.80673, 135.80853, 505.667
43, W-03-07, -50.50257, -176.19534, 505.556
44, W-03-08, -34.22719, -141.51766, 499.592
45, W-03-09, -11.62971, -119.75625, 493.725
46, W-03-10, 12.37314, -101.43460, 493.837
47, W-03-11, 34.87015, -79.43417, 499.816
48, W-04-00, 53.04694, 18.66810, 506.480
49, W-04-01, 45.68728, 64.01898, 503.770
50, W-04-02, 26.13319, 92.55404, 496.985
51, W-04-03, 2.63635, 112.13380, 492.908
52, W-04-04, -21.16338, 130.96292, 495.631
53, W-04-05, -42.06323, 156.62541, 502.419
54, W-04-06, -53.04694, -161.33190, 506.480
55, W-04-07, -45.68728, -115.98102, 503.770
56, W-04-08, -26.13319, -87.44596, 496.985
57, W-04-09, -2.63635, -67.86620, 492.908
58, W-04-10, 21.16338, -49.03708, 495.631
59, W-04-11, 42.06323, -23.37459, 502.419
60, W-05-00, 52.44433, 82.20430, 506.263
61, W-05-01, 39.19533, 121.47211, 501.363
62, W-05-02, 17.53456, 145.42301, 494.790
63, W-05-03, -6.39610, 163.92539, 493.126
64, W-05-04, -29.58207, -175.73250, 498.044
65, W-05-05, -47.93600, -144.80701, 504.607
66, W-05-06, -52.44433, -97.79570, 506.263
67, W-05-07, -39.19533, -58.52789, 501.363
68, W-05-08, -17.53456, -34.57699, 494.790
69, W-05-09, 6.39610, -16.07461, 493.126
70, W-05-10, 29.58207, 4.26750, 498.044
71, W-05-11, 47.93600, 35.19299, 504.607
72, W-06-00, 49.12561, 144.19164, 505.048
73, W-06-01, 31.60183, 176.67474, 498.701
74, W-06-02, 8.64462, -162.42760, 493.342
75, W-06-03, -15.33253, -144.04159, 494.347
76, W-06-04, -37.38169, -120.98775, 500.706
77, W-06-05, -51.85133, -83.44806, 506.048
78, W-06-06, -49.12561, -35.80836, 505.048
79, W-06-07, -31.60183, -3.32526, 498.701
80, W-06-08, -8.64462, 17.57240, 493.342
81, W-06-09, 15.33253, 35.95841, 494.347
82, W-06-10, 37.38169, 59.01225, 500.706
83, W-06-11, 51.85133, 96.55194, 506.048
84, W-07-00, 43.67764, -156.54022, 503.020
85, W-07-01, 23.31100, -129.71559, 496.189
86, W-07-02, -0.37672, -110.60801, 492.864
87, W-07-03, -24.02127, -91.39340, 496.383
88, W-07-04, -44.19610, -64.15838, 503.213
89, W-07-05, -53.16866, -20.11123, 506.524
90, W-07-06, -43.67764, 23.45978, 503.020
91, W-07-07, -23.31100, 50.28441, 496.189
92, W-07-08, 0.37672, 69.39199, 492.864
93, W-07-09, 24.02127, 88.60660, 496.383
94, W-07-10, 44.19610, 115.84162, 503.213
95, W-07-11, 53.16866, 159.88877, 506.524

[LINKS]
Type, SourceID, TargetID
ISL, 0, 1
ISL, 0, 23
ISL, 1, 2
ISL, 1, 12
ISL, 2, 3
ISL, 2, 13
ISL, 3, 4
ISL, 3, 14
ISL, 4, 5
ISL, 4, 15
ISL, 5, 6
ISL, 5, 15
ISL, 6, 7
ISL, 6, 17
ISL, 7, 8
ISL, 7, 18
ISL, 8, 9
ISL, 8, 19
ISL, 9, 10
ISL, 9, 20
ISL, 10, 11
ISL, 10, 21
ISL, 11, 0
ISL, 11, 21
ISL, 12, 13
ISL, 12, 35
ISL, 13, 14
ISL, 13, 24
ISL, 14, 15
ISL, 14, 25
ISL, 15, 16
ISL, 15, 26
ISL, 16, 17
ISL, 16, 27
ISL, 17, 18
ISL, 17, 28
ISL, 18, 19
ISL, 18, 29
ISL, 19, 20
ISL, 19, 30
ISL, 20, 21
ISL, 20, 31
ISL, 21, 22
ISL, 21, 32
ISL, 22, 23
ISL, 22, 33
ISL, 23, 12
ISL, 23, 34
ISL, 24, 25
ISL, 24, 47
ISL, 25, 26
ISL, 25, 36
ISL, 26, 27
ISL, 26, 37
ISL, 27, 28
ISL, 27, 38
ISL, 28, 29
ISL, 28, 39
ISL, 29, 30
ISL, 29, 40
ISL, 30, 31
ISL, 30, 41
ISL, 31, 32
ISL, 31, 42
ISL, 32, 33
ISL, 32, 43
ISL, 33, 34
ISL, 33, 44
ISL, 34, 35
ISL, 34, 45
ISL, 35, 24
ISL, 35, 46
ISL, 36, 37
ISL, 36, 59
ISL, 37, 38
ISL, 37, 48
ISL, 38, 39
ISL, 38, 49
ISL, 39, 40
ISL, 39, 50
ISL, 40, 41
ISL, 40, 50
ISL, 41, 42
ISL, 41, 52
ISL, 42, 43
ISL, 42, 53
ISL, 43, 44
ISL, 43, 54
ISL, 44, 45
ISL, 44, 55
ISL, 45, 46
ISL, 45, 56
ISL, 46, 47
ISL, 46, 56
ISL, 47, 36
ISL, 47, 58
ISL, 48, 49
ISL, 48, 71
ISL, 49, 50
ISL, 49, 60
ISL, 50, 51
ISL, 50, 61
ISL, 51, 52
ISL, 51, 62
ISL, 52, 53
ISL, 52, 63
ISL, 53, 54
ISL, 53, 64
ISL, 54, 55
ISL, 54, 65
ISL, 55, 56
ISL, 55, 66
ISL, 56, 57
ISL, 56, 67
ISL, 57, 58
ISL, 57, 68
ISL, 58, 59
ISL, 58, 69
ISL, 59, 48
ISL, 59, 70
ISL, 60, 61
ISL, 60, 83
ISL, 61, 62
ISL, 61, 72
ISL, 62, 63
ISL, 62, 73
ISL, 63, 64
ISL, 63, 73
ISL, 64, 65
ISL, 64, 75
ISL, 65, 66
ISL, 65, 76
ISL, 66, 67
ISL, 66, 77
ISL, 67, 68
ISL, 67, 78
ISL, 68, 69
ISL, 68, 79
ISL, 69, 70
ISL, 69, 79
ISL, 70, 71
ISL, 70, 81
ISL, 71, 60
ISL, 71, 82
ISL, 72, 73
ISL, 72, 95
ISL, 73, 74
ISL, 73, 84
ISL, 74, 75
ISL, 74, 85
ISL, 75, 76
ISL, 75, 85
ISL, 76, 77
ISL, 76, 87
ISL, 77, 78
ISL, 77, 88
ISL, 78, 79
ISL, 78, 89
ISL, 79, 80
ISL, 79, 90
ISL, 80, 81
ISL, 80, 91
ISL, 81, 82
ISL, 81, 91
ISL, 82, 83
ISL, 82, 93
ISL, 83, 72
ISL, 83, 94
ISL, 84, 85
ISL, 84, 2
ISL, 85, 86
ISL, 85, 3
ISL, 86, 87
ISL, 86, 4
ISL, 87, 88
ISL, 87, 5
ISL, 88, 89
ISL, 88, 6
ISL, 89, 90
ISL, 89, 7
ISL, 90, 91
ISL, 90, 8
ISL, 91, 92
ISL, 91, 9
ISL, 92, 93
ISL, 92, 10
ISL, 93, 94
ISL, 93, 11
ISL, 94, 95
ISL, 94, 0
ISL, 95, 84
ISL, 95, 1
