[METADATA]
Time: 2026-04-12 04:13:13
Step: 178
Total_Sats: 96

[NODES]
ID, Name, Lat(deg), Lon(deg), Alt(km)
0, W-00-00, -36.38761, 62.81593, 500.351
1, W-00-01, -14.14989, 85.42868, 494.131
2, W-00-02, 9.84251, 103.77652, 493.483
3, W-00-03, 32.66343, 125.00285, 499.057
4, W-00-04, 49.70716, 158.35084, 505.263
5, W-00-05, 51.46670, -153.79885, 505.908
6, W-00-06, 36.38761, -117.18407, 500.351
7, W-00-07, 14.14989, -94.57132, 494.131
8, W-00-08, -9.84251, -76.22348, 493.483
9, W-00-09, -32.66343, -54.99715, 499.057
10, W-00-10, -49.70716, -21.64916, 505.263
11, W-00-11, -51.46670, 26.20115, 505.908
12, W-01-00, -28.48731, 117.33296, 497.698
13, W-01-01, -5.19248, 137.40908, 493.037
14, W-01-02, 18.70360, 155.99788, 495.046
15, W-01-03, 40.13673, -179.53274, 501.708
16, W-01-04, 52.69095, -139.35463, 506.352
17, W-01-05, 47.24981, -92.79707, 504.352
18, W-01-06, 28.48731, -62.66704, 497.698
19, W-01-07, 5.19248, -42.59092, 493.037
20, W-01-08, -18.70360, -24.00212, 495.046
21, W-01-09, -40.13673, 0.46726, 501.708
22, W-01-10, -52.69095, 40.64537, 506.352
23, W-01-11, -47.24981, 87.20293, 504.352
24, W-02-00, -20.00664, 170.48832, 495.349
25, W-02-01, 3.84248, -170.80567, 492.958
26, W-02-02, 27.24879, -151.00305, 497.318
27, W-02-03, 46.44180, -121.73165, 504.051
28, W-02-04, 52.90762, -75.77250, 506.430
29, W-02-05, 41.16690, -34.59538, 502.087
30, W-02-06, 20.00664, -9.51168, 495.349
31, W-02-07, -3.84248, 9.19433, 492.958
32, W-02-08, -27.24879, 28.99695, 497.318
33, W-02-09, -46.44180, 58.26835, 504.051
34, W-02-10, -52.90762, 104.22750, 506.430
35, W-02-11, -41.16690, 145.40462, 502.087
36, W-03-00, -11.18130, -137.20131, 493.661
37, W-03-01, 12.82031, -118.87656, 493.908
38, W-03-02, 35.25467, -96.72755, 499.950
39, W-03-03, 50.98185, -61.14214, 505.731
40, W-03-04, 50.31139, -13.16334, 505.486
41, W-03-05, 33.83719, 21.17670, 499.458
42, W-03-06, 11.18130, 42.79869, 493.661
43, W-03-07, -12.82031, 61.12344, 493.908
44, W-03-08, -35.25467, 83.27245, 499.950
45, W-03-09, -50.98185, 118.85786, 505.731
46, W-03-10, -50.31139, 166.83666, 505.486
47, W-03-11, -33.83719, -158.82330, 499.458
48, W-04-00, -2.18274, -85.32434, 492.894
49, W-04-01, 21.59656, -66.44436, 495.740
50, W-04-02, 42.39424, -40.55678, 502.542
51, W-04-03, 53.08599, 1.80338, 506.494
52, W-04-04, 45.39587, 46.90887, 503.661
53, W-04-05, 25.71148, 75.17462, 496.862
54, W-04-06, 2.18274, 94.67566, 492.894
55, W-04-07, -21.59656, 113.55564, 495.740
56, W-04-08, -42.39424, 139.44322, 502.542
57, W-04-09, -53.08599, -178.19662, 506.494
58, W-04-10, -45.39587, -133.09113, 503.661
59, W-04-11, -25.71148, -104.82538, 496.862
60, W-05-00, 6.84815, -33.52882, 493.165
61, W-05-01, 29.99085, -13.08125, 498.175
62, W-05-02, 48.18503, 18.15006, 504.700
63, W-05-03, 52.33884, 65.31124, 506.225
64, W-05-04, 38.83636, 104.23375, 501.232
65, W-05-05, 17.09374, 127.99690, 494.697
66, W-05-06, -6.84815, 146.47118, 493.165
67, W-05-07, -29.99085, 166.91875, 498.175
68, W-05-08, -48.18503, -161.84994, 504.700
69, W-05-09, -52.33884, -114.68876, 506.225
70, W-05-10, -38.83636, -75.76625, 501.232
71, W-05-11, -17.09374, -52.00310, 494.697
72, W-06-00, 15.77600, 18.52569, 494.432
73, W-06-01, 37.75096, 41.75211, 500.839
74, W-06-02, 51.98386, 79.63989, 506.096
75, W-06-03, 48.89707, 127.17749, 504.964
76, W-06-04, 31.19955, 159.34109, 498.568
77, W-06-05, 8.19370, -179.87897, 493.294
78, W-06-06, -15.77600, -161.47431, 494.432
79, W-06-07, -37.75096, -138.24789, 500.839
80, W-06-08, -51.98386, -100.36011, 506.096
81, W-06-09, -48.89707, -52.82251, 504.964
82, W-06-10, -31.19955, -20.65891, 498.568
83, W-06-11, -8.19370, 0.12103, 493.294
84, W-07-00, 24.44765, 71.21589, 496.502
85, W-07-01, 44.50339, 98.70367, 503.328
86, W-07-02, 53.15885, 143.02827, 506.521
87, W-07-03, 43.36044, -173.69626, 502.902
88, W-07-04, 22.88175, -147.11327, 496.074
89, W-07-05, -0.83054, -128.06671, 492.867
90, W-07-06, -24.44765, -108.78411, 496.502
91, W-07-07, -44.50339, -81.29633, 503.328
92, W-07-08, -53.15885, -36.97173, 506.521
93, W-07-09, -43.36044, 6.30374, 502.902
94, W-07-10, -22.88175, 32.88673, 496.074
95, W-07-11, 0.83054, 51.93329, 492.867

[LINKS]
Type, SourceID, TargetID
ISL, 0, 1
ISL, 0, 23
ISL, 1, 2
ISL, 1, 12
ISL, 2, 3
ISL, 2, 13
ISL, 3, 4
ISL, 3, 14
ISL, 4, 5
ISL, 4, 15
ISL, 5, 6
ISL, 5, 15
ISL, 6, 7
ISL, 6, 17
ISL, 7, 8
ISL, 7, 18
ISL, 8, 9
ISL, 8, 19
ISL, 9, 10
ISL, 9, 20
ISL, 10, 11
ISL, 10, 21
ISL, 11, 0
ISL, 11, 21
ISL, 12, 13
ISL, 12, 35
ISL, 13, 14
ISL, 13, 24
ISL, 14, 15
ISL, 14, 25
ISL, 15, 16
ISL, 15, 26
ISL, 16, 17
ISL, 16, 27
ISL, 17, 18
ISL, 17, 28
ISL, 18, 19
ISL, 18, 29
ISL, 19, 20
ISL, 19, 30
ISL, 20, 21
ISL, 20, 31
ISL, 21, 22
ISL, 21, 32
ISL, 22, 23
ISL, 22, 33
ISL, 23, 12
ISL, 23, 34
ISL, 24, 25
ISL, 24, 47
ISL, 25, 26
ISL, 25, 36
ISL, 26, 27
ISL, 26, 37
ISL, 27, 28
ISL, 27, 38
ISL, 28, 29
ISL, 28, 39
ISL, 29, 30
ISL, 29, 40
ISL, 30, 31
ISL, 30, 41
ISL, 31, 32
ISL, 31, 42
ISL, 32, 33
ISL, 32, 43
ISL, 33, 34
ISL, 33, 44
ISL, 34, 35
ISL, 34, 45
ISL, 35, 24
ISL, 35, 46
ISL, 36, 37
ISL, 36, 59
ISL, 37, 38
ISL, 37, 48
ISL, 38, 39
ISL, 38, 49
ISL, 39, 40
ISL, 39, 50
ISL, 40, 41
ISL, 40, 50
ISL, 41, 42
ISL, 41, 52
ISL, 42, 43
ISL, 42, 53
ISL, 43, 44
ISL, 43, 54
ISL, 44, 45
ISL, 44, 55
ISL, 45, 46
ISL, 45, 56
ISL, 46, 47
ISL, 46, 56
ISL, 47, 36
ISL, 47, 58
ISL, 48, 49
ISL, 48, 71
ISL, 49, 50
ISL, 49, 60
ISL, 50, 51
ISL, 50, 61
ISL, 51, 52
ISL, 51, 62
ISL, 52, 53
ISL, 52, 63
ISL, 53, 54
ISL, 53, 64
ISL, 54, 55
ISL, 54, 65
ISL, 55, 56
ISL, 55, 66
ISL, 56, 57
ISL, 56, 67
ISL, 57, 58
ISL, 57, 68
ISL, 58, 59
ISL, 58, 69
ISL, 59, 48
ISL, 59, 70
ISL, 60, 61
ISL, 60, 83
ISL, 61, 62
ISL, 61, 72
ISL, 62, 63
ISL, 62, 73
ISL, 63, 64
ISL, 63, 73
ISL, 64, 65
ISL, 64, 75
ISL, 65, 66
ISL, 65, 76
ISL, 66, 67
ISL, 66, 77
ISL, 67, 68
ISL, 67, 78
ISL, 68, 69
ISL, 68, 79
ISL, 69, 70
ISL, 69, 79
ISL, 70, 71
ISL, 70, 81
ISL, 71, 60
ISL, 71, 82
ISL, 72, 73
ISL, 72, 95
ISL, 73, 74
ISL, 73, 84
ISL, 74, 75
ISL, 74, 85
ISL, 75, 76
ISL, 75, 85
ISL, 76, 77
ISL, 76, 87
ISL, 77, 78
ISL, 77, 88
ISL, 78, 79
ISL, 78, 89
ISL, 79, 80
ISL, 79, 90
ISL, 80, 81
ISL, 80, 91
ISL, 81, 82
ISL, 81, 91
ISL, 82, 83
ISL, 82, 93
ISL, 83, 72
ISL, 83, 94
ISL, 84, 85
ISL, 84, 2
ISL, 85, 86
ISL, 85, 3
ISL, 86, 87
ISL, 86, 4
ISL, 87, 88
ISL, 87, 5
ISL, 88, 89
ISL, 88, 6
ISL, 89, 90
ISL, 89, 7
ISL, 90, 91
ISL, 90, 8
ISL, 91, 92
ISL, 91, 9
ISL, 92, 93
ISL, 92, 10
ISL, 93, 94
ISL, 93, 11
ISL, 94, 95
ISL, 94, 0
ISL, 95, 84
ISL, 95, 1
