[METADATA]
Time: 2026-04-12 04:02:43
Step: 157
Total_Sats: 96

[NODES]
ID, Name, Lat(deg), Lon(deg), Alt(km)
0, W-00-00, -53.11166, 12.71260, 506.504
1, W-00-01, -42.65332, 55.32005, 502.639
2, W-00-02, -21.93805, 81.38835, 495.828
3, W-00-03, 1.82439, 100.31028, 492.885
4, W-00-04, 25.37753, 119.75109, 496.766
5, W-00-05, 45.16278, 147.80705, 503.574
6, W-00-06, 53.11166, -167.28740, 506.504
7, W-00-07, 42.65332, -124.67995, 502.639
8, W-00-08, 21.93805, -98.61165, 495.828
9, W-00-09, -1.82439, -79.68972, 492.885
10, W-00-10, -25.37753, -60.24891, 496.766
11, W-00-11, -45.16278, -32.19295, 503.574
12, W-01-00, -51.11580, 75.72267, 505.780
13, W-01-01, -35.55687, 111.57986, 500.057
14, W-01-02, -13.17317, 133.84871, 493.965
15, W-01-03, 10.82680, 152.17756, 493.612
16, W-01-04, 33.52774, 173.69180, 499.351
17, W-01-05, 50.15623, -152.23326, 505.429
18, W-01-06, 51.11580, -104.27733, 505.780
19, W-01-07, 35.55687, -68.42014, 500.057
20, W-01-08, 13.17317, -46.15129, 493.965
21, W-01-09, -10.82680, -27.82244, 493.612
22, W-01-10, -33.52774, -6.30820, 499.351
23, W-01-11, -50.15623, 27.76674, 505.429
24, W-02-00, -46.65988, 136.42245, 504.132
25, W-02-01, -27.57825, 165.91800, 497.418
26, W-02-02, -4.20044, -174.20937, 492.977
27, W-02-03, 19.66198, -155.53654, 495.267
28, W-02-04, 40.89646, -130.61915, 501.988
29, W-02-05, 52.85639, -89.70417, 506.412
30, W-02-06, 46.65988, -43.57755, 504.132
31, W-02-07, 27.57825, -14.08200, 497.418
32, W-02-08, 4.20044, 5.79063, 492.977
33, W-02-09, -19.66198, 24.46346, 495.267
34, W-02-10, -40.89646, 49.38085, 501.988
35, W-02-11, -52.85639, 90.29583, 506.412
36, W-03-00, -40.41236, -165.67134, 501.809
37, W-03-01, -19.04967, -141.04260, 495.125
38, W-03-02, 4.83481, -122.42484, 493.014
39, W-03-03, 28.16025, -102.42371, 497.597
40, W-03-04, 47.03961, -72.52467, 504.274
41, W-03-05, 52.75456, -26.11673, 506.375
42, W-03-06, 40.41236, 14.32866, 501.809
43, W-03-07, 19.04967, 38.95740, 495.125
44, W-03-08, -4.83481, 57.57516, 493.014
45, W-03-09, -28.16025, 77.57629, 497.597
46, W-03-10, -47.03961, 107.47533, 504.274
47, W-03-11, -52.75456, 153.88327, 506.375
48, W-04-00, -32.97617, -110.12686, 499.163
49, W-04-01, -10.19770, -88.79852, 493.528
50, W-04-02, 13.79795, -70.45883, 494.070
51, W-04-03, 36.08926, -47.97208, 500.245
52, W-04-04, 51.34367, -11.63109, 505.863
53, W-04-05, 49.87226, 36.26443, 505.324
54, W-04-06, 32.97617, 69.87314, 499.163
55, W-04-07, 10.19770, 91.20148, 493.528
56, W-04-08, -13.79795, 109.54117, 494.070
57, W-04-09, -36.08926, 132.02792, 500.245
58, W-04-10, -51.34367, 168.36891, 505.863
59, W-04-11, -49.87226, -143.73557, 505.324
60, W-05-00, -24.78364, -56.28528, 496.596
61, W-05-01, -1.18899, -36.94711, 492.872
62, W-05-02, 22.54197, -17.94690, 495.985
63, W-05-03, 43.10737, 8.44816, 502.807
64, W-05-04, 53.14590, 51.48588, 506.516
65, W-05-05, 44.74337, 96.02435, 503.417
66, W-05-06, 24.78364, 123.71472, 496.596
67, W-05-07, 1.18899, 143.05289, 492.872
68, W-05-08, -22.54197, 162.05310, 495.985
69, W-05-09, -43.10737, -171.55184, 502.807
70, W-05-10, -53.14590, -128.51412, 506.516
71, W-05-11, -44.74337, -83.97565, 503.417
72, W-06-00, -16.12584, -3.56108, 494.501
73, W-06-01, 7.83731, 14.85999, 493.258
74, W-06-02, 30.88060, 35.54916, 498.464
75, W-06-03, 48.71282, 67.46270, 504.896
76, W-06-04, 52.08382, 114.91096, 506.133
77, W-06-05, 38.04087, 153.07353, 500.944
78, W-06-06, 16.12584, 176.43892, 494.501
79, W-06-07, -7.83731, -165.14001, 493.258
80, W-06-08, -30.88060, -144.45084, 498.464
81, W-06-09, -48.71282, -112.53730, 504.896
82, W-06-10, -52.08382, -65.08904, 506.133
83, W-06-11, -38.04087, -26.92647, 500.944
84, W-07-00, -7.20502, 48.51106, 493.197
85, W-07-01, 16.74506, 66.96483, 494.625
86, W-07-02, 38.55092, 90.58243, 501.128
87, W-07-03, 52.25065, 129.23135, 506.193
88, W-07-04, 48.37819, 176.50264, 504.772
89, W-07-05, 30.31262, -152.02194, 498.278
90, W-07-06, 7.20502, -131.48894, 493.197
91, W-07-07, -16.74506, -113.03517, 494.625
92, W-07-08, -38.55092, -89.41757, 501.128
93, W-07-09, -52.25065, -50.76865, 506.193
94, W-07-10, -48.37819, -3.49736, 504.772
95, W-07-11, -30.31262, 27.97806, 498.278

[LINKS]
Type, SourceID, TargetID
ISL, 0, 1
ISL, 0, 23
ISL, 1, 2
ISL, 1, 12
ISL, 2, 3
ISL, 2, 13
ISL, 3, 4
ISL, 3, 14
ISL, 4, 5
ISL, 4, 15
ISL, 5, 6
ISL, 5, 15
ISL, 6, 7
ISL, 6, 17
ISL, 7, 8
ISL, 7, 18
ISL, 8, 9
ISL, 8, 19
ISL, 9, 10
ISL, 9, 20
ISL, 10, 11
ISL, 10, 21
ISL, 11, 0
ISL, 11, 21
ISL, 12, 13
ISL, 12, 35
ISL, 13, 14
ISL, 13, 24
ISL, 14, 15
ISL, 14, 25
ISL, 15, 16
ISL, 15, 26
ISL, 16, 17
ISL, 16, 27
ISL, 17, 18
ISL, 17, 28
ISL, 18, 19
ISL, 18, 29
ISL, 19, 20
ISL, 19, 30
ISL, 20, 21
ISL, 20, 31
ISL, 21, 22
ISL, 21, 32
ISL, 22, 23
ISL, 22, 33
ISL, 23, 12
ISL, 23, 34
ISL, 24, 25
ISL, 24, 47
ISL, 25, 26
ISL, 25, 36
ISL, 26, 27
ISL, 26, 37
ISL, 27, 28
ISL, 27, 38
ISL, 28, 29
ISL, 28, 39
ISL, 29, 30
ISL, 29, 40
ISL, 30, 31
ISL, 30, 41
ISL, 31, 32
ISL, 31, 42
ISL, 32, 33
ISL, 32, 43
ISL, 33, 34
ISL, 33, 44
ISL, 34, 35
ISL, 34, 45
ISL, 35, 24
ISL, 35, 46
ISL, 36, 37
ISL, 36, 59
ISL, 37, 38
ISL, 37, 48
ISL, 38, 39
ISL, 38, 49
ISL, 39, 40
ISL, 39, 50
ISL, 40, 41
ISL, 40, 50
ISL, 41, 42
ISL, 41, 52
ISL, 42, 43
ISL, 42, 53
ISL, 43, 44
ISL, 43, 54
ISL, 44, 45
ISL, 44, 55
ISL, 45, 46
ISL, 45, 56
ISL, 46, 47
ISL, 46, 56
ISL, 47, 36
ISL, 47, 58
ISL, 48, 49
ISL, 48, 71
ISL, 49, 50
ISL, 49, 60
ISL, 50, 51
ISL, 50, 61
ISL, 51, 52
ISL, 51, 62
ISL, 52, 53
ISL, 52, 63
ISL, 53, 54
ISL, 53, 64
ISL, 54, 55
ISL, 54, 65
ISL, 55, 56
ISL, 55, 66
ISL, 56, 57
ISL, 56, 67
ISL, 57, 58
ISL, 57, 68
ISL, 58, 59
ISL, 58, 69
ISL, 59, 48
ISL, 59, 70
ISL, 60, 61
ISL, 60, 83
ISL, 61, 62
ISL, 61, 72
ISL, 62, 63
ISL, 62, 73
ISL, 63, 64
ISL, 63, 73
ISL, 64, 65
ISL, 64, 75
ISL, 65, 66
ISL, 65, 76
ISL, 66, 67
ISL, 66, 77
ISL, 67, 68
ISL, 67, 78
ISL, 68, 69
ISL, 68, 79
ISL, 69, 70
ISL, 69, 79
ISL, 70, 71
ISL, 70, 81
ISL, 71, 60
ISL, 71, 82
ISL, 72, 73
ISL, 72, 95
ISL, 73, 74
ISL, 73, 84
ISL, 74, 75
ISL, 74, 85
ISL, 75, 76
ISL, 75, 85
ISL, 76, 77
ISL, 76, 87
ISL, 77, 78
ISL, 77, 88
ISL, 78, 79
ISL, 78, 89
ISL, 79, 80
ISL, 79, 90
ISL, 80, 81
ISL, 80, 91
ISL, 81, 82
ISL, 81, 91
ISL, 82, 83
ISL, 82, 93
ISL, 83, 72
ISL, 83, 94
ISL, 84, 85
ISL, 84, 2
ISL, 85, 86
ISL, 85, 3
ISL, 86, 87
ISL, 86, 4
ISL, 87, 88
ISL, 87, 5
ISL, 88, 89
ISL, 88, 6
ISL, 89, 90
ISL, 89, 7
ISL, 90, 91
ISL, 90, 8
ISL, 91, 92
ISL, 91, 9
ISL, 92, 93
ISL, 92, 10
ISL, 93, 94
ISL, 93, 11
ISL, 94, 95
ISL, 94, 0
ISL, 95, 84
ISL, 95, 1
