[METADATA]
Time: 2026-04-12 03:23:13
Step: 78
Total_Sats: 96

[NODES]
ID, Name, Lat(deg), Lon(deg), Alt(km)
0, W-00-00, 42.95576, -115.36204, 502.751
1, W-00-01, 22.33953, -89.07753, 495.932
2, W-00-02, -1.40222, -70.10415, 492.876
3, W-00-03, -24.98319, -50.73213, 496.653
4, W-00-04, -44.88499, -22.91999, 503.470
5, W-00-05, -53.13601, 21.74342, 506.512
6, W-00-06, -42.95576, 64.63796, 502.751
7, W-00-07, -22.33953, 90.92247, 495.932
8, W-00-08, 1.40222, 109.89585, 492.876
9, W-00-09, 24.98319, 129.26787, 496.653
10, W-00-10, 44.88499, 157.08001, 503.470
11, W-00-11, 53.13601, -158.25658, 506.512
12, W-01-00, 35.91109, -58.99600, 500.182
13, W-01-01, 13.58841, -36.58315, 494.035
14, W-01-02, -10.40889, -18.24761, 493.556
15, W-01-03, -33.16168, 3.14239, 499.226
16, W-01-04, -49.96881, 36.90699, 505.360
17, W-01-05, -51.26858, 84.82561, 505.836
18, W-01-06, -35.91109, 121.00400, 500.182
19, W-01-07, -13.58841, 143.41685, 494.035
20, W-01-08, 10.40889, 161.75239, 493.556
21, W-01-09, 33.16168, -176.85761, 499.226
22, W-01-10, 49.96881, -143.09301, 505.360
23, W-01-11, 51.26858, -95.17439, 505.836
24, W-02-00, 27.96525, -4.58281, 497.537
25, W-02-01, 4.62197, 15.37458, 493.001
26, W-02-02, -19.25532, 34.01029, 495.172
27, W-02-03, -40.57547, 58.73501, 501.869
28, W-02-04, -52.79030, 99.33862, 506.388
29, W-02-05, -46.91318, 145.65442, 504.227
30, W-02-06, -27.96525, 175.41719, 497.537
31, W-02-07, -4.62197, -164.62542, 493.001
32, W-02-08, 19.25532, -145.98971, 495.172
33, W-02-09, 40.57547, -121.26499, 501.869
34, W-02-10, 52.79030, -80.66138, 506.388
35, W-02-11, 46.91318, -34.34558, 504.227
36, W-03-00, 19.45669, 48.50511, 495.219
37, W-03-01, -4.41335, 67.15892, 492.989
38, W-03-02, -27.77386, 87.07405, 497.478
39, W-03-03, -46.78830, 116.70413, 504.180
40, W-03-04, -52.82379, 162.92741, 506.400
41, W-03-05, -40.73467, -156.31454, 501.928
42, W-03-06, -19.45669, -131.49489, 495.219
43, W-03-07, 4.41335, -112.84108, 492.989
44, W-03-08, 27.77386, -92.92595, 497.478
45, W-03-09, 46.78830, -63.29587, 504.180
46, W-03-10, 52.82379, -17.07259, 506.400
47, W-03-11, 40.73467, 23.68546, 501.928
48, W-04-00, 10.61578, 100.77675, 493.583
49, W-04-01, -13.38294, 119.10873, 494.000
50, W-04-02, -35.73601, 141.44992, 500.120
51, W-04-03, -51.19365, 177.46920, 505.809
52, W-04-04, -50.06220, -134.59232, 505.394
53, W-04-05, -33.34307, -100.67438, 499.288
54, W-04-06, -10.61578, -79.22325, 493.583
55, W-04-07, 13.38294, -60.89127, 494.000
56, W-04-08, 35.73601, -38.55008, 500.120
57, W-04-09, 51.19365, -2.53080, 505.809
58, W-04-10, 50.06220, 45.40768, 505.394
59, W-04-11, 33.34307, 79.32562, 499.288
60, W-05-00, 1.61118, 152.63852, 492.880
61, W-05-01, -22.14092, 171.58616, 495.880
62, W-05-02, -42.80644, -162.23680, 502.695
63, W-05-03, -53.12475, -119.48377, 506.508
64, W-05-04, -45.02292, -74.69963, 503.522
65, W-05-05, -25.17850, -46.76726, 496.709
66, W-05-06, -1.61118, -27.36148, 492.880
67, W-05-07, 22.14092, -8.41384, 495.880
68, W-05-08, 42.80644, 17.76320, 502.695
69, W-05-09, 53.12475, 60.51623, 506.508
70, W-05-10, 45.02292, 105.30037, 503.522
71, W-05-11, 25.17850, 133.23274, 496.709
72, W-06-00, -7.41726, -155.55981, 493.217
73, W-06-01, -30.50357, -134.97507, 498.340
74, W-06-02, -48.49160, -103.35338, 504.814
75, W-06-03, -52.19615, -56.02008, 506.173
76, W-06-04, -38.38033, -17.53421, 501.067
77, W-06-05, -16.53742, 5.99792, 494.583
78, W-06-06, 7.41726, 24.44019, 493.217
79, W-06-07, 30.50357, 45.02493, 498.340
80, W-06-08, 48.49160, 76.64662, 504.814
81, W-06-09, 52.19615, 123.97992, 506.173
82, W-06-10, 38.38033, 162.46579, 501.067
83, W-06-11, 16.53742, -174.00208, 494.583
84, W-07-00, -16.33378, -103.47690, 494.542
85, W-07-01, -38.21259, -80.02771, 501.006
86, W-07-02, -52.14129, -41.70178, 506.153
87, W-07-03, -48.60165, 5.68971, 504.854
88, W-07-04, -30.69036, 37.45549, 498.401
89, W-07-05, -7.62520, 58.09158, 493.237
90, W-07-06, 16.33378, 76.52310, 494.542
91, W-07-07, 38.21259, 99.97229, 501.006
92, W-07-08, 52.14129, 138.29822, 506.153
93, W-07-09, 48.60165, -174.31029, 504.854
94, W-07-10, 30.69036, -142.54451, 498.401
95, W-07-11, 7.62520, -121.90842, 493.237

[LINKS]
Type, SourceID, TargetID
ISL, 0, 1
ISL, 0, 23
ISL, 1, 2
ISL, 1, 12
ISL, 2, 3
ISL, 2, 13
ISL, 3, 4
ISL, 3, 14
ISL, 4, 5
ISL, 4, 15
ISL, 5, 6
ISL, 5, 15
ISL, 6, 7
ISL, 6, 17
ISL, 7, 8
ISL, 7, 18
ISL, 8, 9
ISL, 8, 19
ISL, 9, 10
ISL, 9, 20
ISL, 10, 11
ISL, 10, 21
ISL, 11, 0
ISL, 11, 21
ISL, 12, 13
ISL, 12, 35
ISL, 13, 14
ISL, 13, 24
ISL, 14, 15
ISL, 14, 25
ISL, 15, 16
ISL, 15, 26
ISL, 16, 17
ISL, 16, 27
ISL, 17, 18
ISL, 17, 28
ISL, 18, 19
ISL, 18, 29
ISL, 19, 20
ISL, 19, 30
ISL, 20, 21
ISL, 20, 31
ISL, 21, 22
ISL, 21, 32
ISL, 22, 23
ISL, 22, 33
ISL, 23, 12
ISL, 23, 34
ISL, 24, 25
ISL, 24, 47
ISL, 25, 26
ISL, 25, 36
ISL, 26, 27
ISL, 26, 37
ISL, 27, 28
ISL, 27, 38
ISL, 28, 29
ISL, 28, 39
ISL, 29, 30
ISL, 29, 40
ISL, 30, 31
ISL, 30, 41
ISL, 31, 32
ISL, 31, 42
ISL, 32, 33
ISL, 32, 43
ISL, 33, 34
ISL, 33, 44
ISL, 34, 35
ISL, 34, 45
ISL, 35, 24
ISL, 35, 46
ISL, 36, 37
ISL, 36, 59
ISL, 37, 38
ISL, 37, 48
ISL, 38, 39
ISL, 38, 49
ISL, 39, 40
ISL, 39, 50
ISL, 40, 41
ISL, 40, 50
ISL, 41, 42
ISL, 41, 52
ISL, 42, 43
ISL, 42, 53
ISL, 43, 44
ISL, 43, 54
ISL, 44, 45
ISL, 44, 55
ISL, 45, 46
ISL, 45, 56
ISL, 46, 47
ISL, 46, 56
ISL, 47, 36
ISL, 47, 58
ISL, 48, 49
ISL, 48, 71
ISL, 49, 50
ISL, 49, 60
ISL, 50, 51
ISL, 50, 61
ISL, 51, 52
ISL, 51, 62
ISL, 52, 53
ISL, 52, 63
ISL, 53, 54
ISL, 53, 64
ISL, 54, 55
ISL, 54, 65
ISL, 55, 56
ISL, 55, 66
ISL, 56, 57
ISL, 56, 67
ISL, 57, 58
ISL, 57, 68
ISL, 58, 59
ISL, 58, 69
ISL, 59, 48
ISL, 59, 70
ISL, 60, 61
ISL, 60, 83
ISL, 61, 62
ISL, 61, 72
ISL, 62, 63
ISL, 62, 73
ISL, 63, 64
ISL, 63, 73
ISL, 64, 65
ISL, 64, 75
ISL, 65, 66
ISL, 65, 76
ISL, 66, 67
ISL, 66, 77
ISL, 67, 68
ISL, 67, 78
ISL, 68, 69
ISL, 68, 79
ISL, 69, 70
ISL, 69, 79
ISL, 70, 71
ISL, 70, 81
ISL, 71, 60
ISL, 71, 82
ISL, 72, 73
ISL, 72, 95
ISL, 73, 74
ISL, 73, 84
ISL, 74, 75
ISL, 74, 85
ISL, 75, 76
ISL, 75, 85
ISL, 76, 77
ISL, 76, 87
ISL, 77, 78
ISL, 77, 88
ISL, 78, 79
ISL, 78, 89
ISL, 79, 80
ISL, 79, 90
ISL, 80, 81
ISL, 80, 91
ISL, 81, 82
ISL, 81, 91
ISL, 82, 83
ISL, 82, 93
ISL, 83, 72
ISL, 83, 94
ISL, 84, 85
ISL, 84, 2
ISL, 85, 86
ISL, 85, 3
ISL, 86, 87
ISL, 86, 4
ISL, 87, 88
ISL, 87, 5
ISL, 88, 89
ISL, 88, 6
ISL, 89, 90
ISL, 89, 7
ISL, 90, 91
ISL, 90, 8
ISL, 91, 92
ISL, 91, 9
ISL, 92, 93
ISL, 92, 10
ISL, 93, 94
ISL, 93, 11
ISL, 94, 95
ISL, 94, 0
ISL, 95, 84
ISL, 95, 1
