[METADATA]
Time: 2026-04-12 02:59:13
Step: 30
Total_Sats: 96

[NODES]
ID, Name, Lat(deg), Lon(deg), Alt(km)
0, W-00-00, 23.88339, 134.22755, 496.345
1, W-00-01, 44.09609, 161.38186, 503.176
2, W-00-02, 53.17025, -154.66209, 506.525
3, W-00-03, 43.77926, -110.99704, 503.058
4, W-00-04, 23.44935, -84.09351, 496.227
5, W-00-05, -0.23021, -64.96568, 492.863
6, W-00-06, -23.88339, -45.77245, 496.345
7, W-00-07, -44.09609, -18.61814, 503.176
8, W-00-08, -53.17025, 25.33791, 506.525
9, W-00-09, -43.77926, 69.00296, 503.058
10, W-00-10, -23.44935, 95.90649, 496.227
11, W-00-11, 0.23021, 115.03432, 492.863
12, W-01-00, 32.13710, -172.07493, 498.880
13, W-01-01, 49.42283, -139.15966, 505.158
14, W-01-02, 51.66374, -91.40290, 505.980
15, W-01-03, 36.88404, -54.32856, 500.528
16, W-01-04, 14.73851, -31.49972, 494.237
17, W-01-05, -9.24714, -13.13498, 493.411
18, W-01-06, -32.13710, 7.92507, 498.880
19, W-01-07, -49.42283, 40.84034, 505.158
20, W-01-08, -51.66374, 88.59710, 505.980
21, W-01-09, -36.88404, 125.67144, 500.528
22, W-01-10, -14.73851, 148.50028, 494.237
23, W-01-11, 9.24714, 166.86502, 493.411
24, W-02-00, 39.67109, -116.74220, 501.537
25, W-02-01, 52.57452, -77.01503, 506.310
26, W-02-02, 47.59529, -30.22199, 504.481
27, W-02-03, 29.03302, 0.30026, 497.869
28, W-02-04, 5.79120, 20.50603, 493.079
29, W-02-05, -18.12293, 39.04972, 494.917
30, W-02-06, -39.67109, 63.25780, 501.537
31, W-02-07, -52.57452, 102.98497, 506.310
32, W-02-08, -47.59529, 149.77801, 504.481
33, W-02-09, -29.03302, -179.69974, 497.869
34, W-02-10, -5.79120, -159.49397, 493.079
35, W-02-11, 18.12293, -140.95028, 494.917
36, W-03-00, 46.07040, -59.11536, 503.913
37, W-03-01, 52.98333, -13.45036, 506.457
38, W-03-02, 41.61545, 28.16076, 502.253
39, W-03-03, 20.58264, 53.52865, 495.488
40, W-03-04, -3.24280, 72.29369, 492.931
41, W-03-05, -26.69517, 91.98301, 497.152
42, W-03-06, -46.07040, 120.88464, 503.913
43, W-03-07, -52.98333, 166.54964, 506.457
44, W-03-08, -41.61545, -151.83924, 502.253
45, W-03-09, -20.58264, -126.47135, 495.488
46, W-03-10, 3.24280, -107.70631, 492.931
47, W-03-11, 26.69517, -88.01699, 497.152
48, W-04-00, 50.74889, 1.28821, 505.646
49, W-04-01, 50.56302, 49.28715, 505.578
50, W-04-02, 34.35266, 84.07429, 499.636
51, W-04-03, 11.77437, 105.88144, 493.747
52, W-04-04, -12.22867, 124.20258, 493.815
53, W-04-05, -34.74557, 146.15579, 499.772
54, W-04-06, -50.74889, -178.71179, 505.646
55, W-04-07, -50.56302, -130.71285, 505.578
56, W-04-08, -34.35266, -95.92571, 499.636
57, W-04-09, -11.77437, -74.11856, 493.747
58, W-04-10, 12.22867, -55.79742, 493.815
59, W-04-11, 34.74557, -33.84421, 499.772
60, W-05-00, 53.03278, 64.11905, 506.475
61, W-05-01, 45.78046, 109.54726, 503.804
62, W-05-02, 26.26906, 138.17014, 497.025
63, W-05-03, 2.78276, 157.77589, 492.913
64, W-05-04, -21.02334, 176.58914, 495.596
65, W-05-05, -41.95567, -157.82017, 502.379
66, W-05-06, -53.03278, -115.88095, 506.475
67, W-05-07, -45.78046, -70.45274, 503.804
68, W-05-08, -26.26906, -41.82986, 497.025
69, W-05-09, -2.78276, -22.22411, 492.913
70, W-05-10, 21.02334, -3.41086, 495.596
71, W-05-11, 41.95567, 22.17983, 502.379
72, W-06-00, 52.47690, 127.66312, 506.275
73, W-06-01, 39.31063, 167.04209, 501.405
74, W-06-02, 17.67671, -168.94556, 494.821
75, W-06-03, -6.25011, -150.43361, 493.114
76, W-06-04, -29.44978, -130.12490, 498.001
77, W-06-05, -47.85455, -99.29736, 504.577
78, W-06-06, -52.47690, -52.33688, 506.275
79, W-06-07, -39.31063, -12.95791, 501.405
80, W-06-08, -17.67671, 11.05444, 494.821
81, W-06-09, 6.25011, 29.56639, 493.114
82, W-06-10, 29.44978, 49.87510, 498.001
83, W-06-11, 47.85455, 80.70264, 504.577
84, W-07-00, 49.19825, -170.31107, 505.075
85, W-07-01, 31.73133, -137.72415, 498.744
86, W-07-02, 8.79013, -116.78781, 493.359
87, W-07-03, -15.18923, -98.40732, 494.320
88, W-07-04, -37.26195, -75.40840, 500.663
89, W-07-05, -51.80712, -37.98108, 506.032
90, W-07-06, -49.19825, 9.68893, 505.075
91, W-07-07, -31.73133, 42.27585, 498.744
92, W-07-08, -8.79013, 63.21219, 493.359
93, W-07-09, 15.18923, 81.59268, 494.320
94, W-07-10, 37.26195, 104.59160, 500.663
95, W-07-11, 51.80712, 142.01892, 506.032

[LINKS]
Type, SourceID, TargetID
ISL, 0, 1
ISL, 0, 23
ISL, 1, 2
ISL, 1, 12
ISL, 2, 3
ISL, 2, 13
ISL, 3, 4
ISL, 3, 14
ISL, 4, 5
ISL, 4, 15
ISL, 5, 6
ISL, 5, 15
ISL, 6, 7
ISL, 6, 17
ISL, 7, 8
ISL, 7, 18
ISL, 8, 9
ISL, 8, 19
ISL, 9, 10
ISL, 9, 20
ISL, 10, 11
ISL, 10, 21
ISL, 11, 0
ISL, 11, 21
ISL, 12, 13
ISL, 12, 35
ISL, 13, 14
ISL, 13, 24
ISL, 14, 15
ISL, 14, 25
ISL, 15, 16
ISL, 15, 26
ISL, 16, 17
ISL, 16, 27
ISL, 17, 18
ISL, 17, 28
ISL, 18, 19
ISL, 18, 29
ISL, 19, 20
ISL, 19, 30
ISL, 20, 21
ISL, 20, 31
ISL, 21, 22
ISL, 21, 32
ISL, 22, 23
ISL, 22, 33
ISL, 23, 12
ISL, 23, 34
ISL, 24, 25
ISL, 24, 47
ISL, 25, 26
ISL, 25, 36
ISL, 26, 27
ISL, 26, 37
ISL, 27, 28
ISL, 27, 38
ISL, 28, 29
ISL, 28, 39
ISL, 29, 30
ISL, 29, 40
ISL, 30, 31
ISL, 30, 41
ISL, 31, 32
ISL, 31, 42
ISL, 32, 33
ISL, 32, 43
ISL, 33, 34
ISL, 33, 44
ISL, 34, 35
ISL, 34, 45
ISL, 35, 24
ISL, 35, 46
ISL, 36, 37
ISL, 36, 59
ISL, 37, 38
ISL, 37, 48
ISL, 38, 39
ISL, 38, 49
ISL, 39, 40
ISL, 39, 50
ISL, 40, 41
ISL, 40, 50
ISL, 41, 42
ISL, 41, 52
ISL, 42, 43
ISL, 42, 53
ISL, 43, 44
ISL, 43, 54
ISL, 44, 45
ISL, 44, 55
ISL, 45, 46
ISL, 45, 56
ISL, 46, 47
ISL, 46, 56
ISL, 47, 36
ISL, 47, 58
ISL, 48, 49
ISL, 48, 71
ISL, 49, 50
ISL, 49, 60
ISL, 50, 51
ISL, 50, 61
ISL, 51, 52
ISL, 51, 62
ISL, 52, 53
ISL, 52, 63
ISL, 53, 54
ISL, 53, 64
ISL, 54, 55
ISL, 54, 65
ISL, 55, 56
ISL, 55, 66
ISL, 56, 57
ISL, 56, 67
ISL, 57, 58
ISL, 57, 68
ISL, 58, 59
ISL, 58, 69
ISL, 59, 48
ISL, 59, 70
ISL, 60, 61
ISL, 60, 83
ISL, 61, 62
ISL, 61, 72
ISL, 62, 63
ISL, 62, 73
ISL, 63, 64
ISL, 63, 73
ISL, 64, 65
ISL, 64, 75
ISL, 65, 66
ISL, 65, 76
ISL, 66, 67
ISL, 66, 77
ISL, 67, 68
ISL, 67, 78
ISL, 68, 69
ISL, 68, 79
ISL, 69, 70
ISL, 69, 79
ISL, 70, 71
ISL, 70, 81
ISL, 71, 60
ISL, 71, 82
ISL, 72, 73
ISL, 72, 95
ISL, 73, 74
ISL, 73, 84
ISL, 74, 75
ISL, 74, 85
ISL, 75, 76
ISL, 75, 85
ISL, 76, 77
ISL, 76, 87
ISL, 77, 78
ISL, 77, 88
ISL, 78, 79
ISL, 78, 89
ISL, 79, 80
ISL, 79, 90
ISL, 80, 81
ISL, 80, 91
ISL, 81, 82
ISL, 81, 91
ISL, 82, 83
ISL, 82, 93
ISL, 83, 72
ISL, 83, 94
ISL, 84, 85
ISL, 84, 2
ISL, 85, 86
ISL, 85, 3
ISL, 86, 87
ISL, 86, 4
ISL, 87, 88
ISL, 87, 5
ISL, 88, 89
ISL, 88, 6
ISL, 89, 90
ISL, 89, 7
ISL, 90, 91
ISL, 90, 8
ISL, 91, 92
ISL, 91, 9
ISL, 92, 93
ISL, 92, 10
ISL, 93, 94
ISL, 93, 11
ISL, 94, 95
ISL, 94, 0
ISL, 95, 84
ISL, 95, 1
