[METADATA]
Time: 2026-04-12 02:46:43
Step: 5
Total_Sats: 96

[NODES]
ID, Name, Lat(deg), Lon(deg), Alt(km)
0, W-00-00, -13.85932, 107.34816, 494.081
1, W-00-01, 10.13579, 125.68917, 493.520
2, W-00-02, 32.92174, 146.99958, 499.145
3, W-00-03, 49.84374, -179.43728, 505.314
4, W-00-04, 51.36540, -131.54906, 505.871
5, W-00-05, 36.14137, -95.16039, 500.263
6, W-00-06, 13.85932, -72.65184, 494.081
7, W-00-07, -10.13579, -54.31083, 493.520
8, W-00-08, -32.92174, -33.00042, 499.145
9, W-00-09, -49.84374, 0.56272, 505.314
10, W-00-10, -51.36540, 48.45094, 505.871
11, W-00-11, -36.14137, 84.83961, 500.263
12, W-01-00, -4.89717, 159.31664, 493.018
13, W-01-01, 18.98938, 177.92924, 495.111
14, W-01-02, 40.36445, -157.46998, 501.792
15, W-01-03, 52.74379, -117.07106, 506.371
16, W-01-04, 47.07646, -70.63656, 504.288
17, W-01-05, 28.21732, -40.69743, 497.614
18, W-01-06, 4.89717, -20.68336, 493.018
19, W-01-07, -18.98938, -2.07076, 495.111
20, W-01-08, -40.36445, 22.53002, 501.792
21, W-01-09, -52.74379, 62.92894, 506.371
22, W-01-10, -47.07646, 109.36344, 504.288
23, W-01-11, -28.21732, 139.30257, 497.614
24, W-02-00, 4.13804, -148.89874, 492.973
25, W-02-01, 27.52088, -129.03844, 497.401
26, W-02-02, 46.62207, -99.58215, 504.118
27, W-02-03, 52.86565, -53.48427, 506.415
28, W-02-04, 40.94375, -12.52344, 502.005
29, W-02-05, 19.72210, 12.42275, 495.281
30, W-02-06, -4.13804, 31.10126, 492.973
31, W-02-07, -27.52088, 50.96156, 497.401
32, W-02-08, -46.62207, 80.41785, 504.118
33, W-02-09, -52.86565, 126.51573, 506.415
34, W-02-10, -40.94375, 167.47656, 502.005
35, W-02-11, -19.72210, -167.57725, 495.281
36, W-03-00, 13.11168, -96.95910, 493.955
37, W-03-01, 35.50428, -74.71130, 500.038
38, W-03-02, 51.09273, -38.90155, 505.772
39, W-03-03, 50.18354, 9.05895, 505.439
40, W-03-04, 33.58178, 43.18000, 499.370
41, W-03-05, 10.88862, 64.71288, 493.620
42, W-03-06, -13.11168, 83.04090, 493.955
43, W-03-07, -35.50428, 105.28870, 500.038
44, W-03-08, -51.09273, 141.09845, 505.772
45, W-03-09, -50.18354, -170.94105, 505.439
46, W-03-10, -33.58178, -136.82000, 499.370
47, W-03-11, -10.88862, -115.28712, 493.620
48, W-04-00, 21.87856, -44.50369, 495.812
49, W-04-01, 42.60830, -18.46708, 502.622
50, W-04-02, 53.10751, 24.09749, 506.502
51, W-04-03, 45.20360, 69.03828, 503.589
52, W-04-04, 25.43580, 97.13062, 496.782
53, W-04-05, 1.88686, 116.58180, 492.886
54, W-04-06, -21.87856, 135.49631, 495.812
55, W-04-07, -42.60830, 161.53292, 502.622
56, W-04-08, -53.10751, -155.90251, 506.502
57, W-04-09, -45.20360, -110.96172, 503.589
58, W-04-10, -25.43580, -82.86938, 496.782
59, W-04-11, -1.88686, -63.41820, 492.886
60, W-05-00, 30.25659, 8.89831, 498.260
61, W-05-01, 48.34474, 40.33102, 504.759
62, W-05-02, 52.26633, 87.58365, 506.199
63, W-05-03, 38.60080, 126.28031, 501.147
64, W-05-04, 16.80587, 149.92310, 494.638
65, W-05-05, -7.14282, 168.38034, 493.191
66, W-05-06, -30.25659, -171.10169, 498.260
67, W-05-07, -48.34474, -139.66898, 504.759
68, W-05-08, -52.26633, -92.41635, 506.199
69, W-05-09, -38.60080, -53.71969, 501.147
70, W-05-10, -16.80587, -30.07690, 494.638
71, W-05-11, 7.14282, -11.61966, 493.191
72, W-06-00, 37.99045, 63.79036, 500.925
73, W-06-01, 52.06669, 101.90505, 506.126
74, W-06-02, 48.74517, 149.36943, 504.908
75, W-06-03, 30.93628, -178.67359, 498.482
76, W-06-04, 7.89945, -157.96873, 493.264
77, W-06-05, -16.06489, -139.55064, 494.489
78, W-06-06, -37.99045, -116.20964, 500.925
79, W-06-07, -52.06669, -78.09495, 506.126
80, W-06-08, -48.74517, -30.63057, 504.908
81, W-06-09, -30.93628, 1.32641, 498.482
82, W-06-10, -7.89945, 22.03127, 493.264
83, W-06-11, 16.06489, 40.44936, 494.489
84, W-07-00, 44.70171, 120.82245, 503.402
85, W-07-01, 53.14849, 165.32398, 506.517
86, W-07-02, 43.15164, -151.59659, 502.824
87, W-07-03, 22.60125, -125.16895, 496.000
88, W-07-04, -1.12650, -106.16078, 492.871
89, W-07-05, -24.72512, -86.83242, 496.580
90, W-07-06, -44.70171, -59.17755, 503.402
91, W-07-07, -53.14849, -14.67602, 506.517
92, W-07-08, -43.15164, 28.40341, 502.824
93, W-07-09, -22.60125, 54.83105, 496.000
94, W-07-10, 1.12650, 73.83922, 492.871
95, W-07-11, 24.72512, 93.16758, 496.580

[LINKS]
Type, SourceID, TargetID
ISL, 0, 1
ISL, 0, 23
ISL, 1, 2
ISL, 1, 12
ISL, 2, 3
ISL, 2, 13
ISL, 3, 4
ISL, 3, 14
ISL, 4, 5
ISL, 4, 15
ISL, 5, 6
ISL, 5, 15
ISL, 6, 7
ISL, 6, 17
ISL, 7, 8
ISL, 7, 18
ISL, 8, 9
ISL, 8, 19
ISL, 9, 10
ISL, 9, 20
ISL, 10, 11
ISL, 10, 21
ISL, 11, 0
ISL, 11, 21
ISL, 12, 13
ISL, 12, 35
ISL, 13, 14
ISL, 13, 24
ISL, 14, 15
ISL, 14, 25
ISL, 15, 16
ISL, 15, 26
ISL, 16, 17
ISL, 16, 27
ISL, 17, 18
ISL, 17, 28
ISL, 18, 19
ISL, 18, 29
ISL, 19, 20
ISL, 19, 30
ISL, 20, 21
ISL, 20, 31
ISL, 21, 22
ISL, 21, 32
ISL, 22, 23
ISL, 22, 33
ISL, 23, 12
ISL, 23, 34
ISL, 24, 25
ISL, 24, 47
ISL, 25, 26
ISL, 25, 36
ISL, 26, 27
ISL, 26, 37
ISL, 27, 28
ISL, 27, 38
ISL, 28, 29
ISL, 28, 39
ISL, 29, 30
ISL, 29, 40
ISL, 30, 31
ISL, 30, 41
ISL, 31, 32
ISL, 31, 42
ISL, 32, 33
ISL, 32, 43
ISL, 33, 34
ISL, 33, 44
ISL, 34, 35
ISL, 34, 45
ISL, 35, 24
ISL, 35, 46
ISL, 36, 37
ISL, 36, 59
ISL, 37, 38
ISL, 37, 48
ISL, 38, 39
ISL, 38, 49
ISL, 39, 40
ISL, 39, 50
ISL, 40, 41
ISL, 40, 50
ISL, 41, 42
ISL, 41, 52
ISL, 42, 43
ISL, 42, 53
ISL, 43, 44
ISL, 43, 54
ISL, 44, 45
ISL, 44, 55
ISL, 45, 46
ISL, 45, 56
ISL, 46, 47
ISL, 46, 56
ISL, 47, 36
ISL, 47, 58
ISL, 48, 49
ISL, 48, 71
ISL, 49, 50
ISL, 49, 60
ISL, 50, 51
ISL, 50, 61
ISL, 51, 52
ISL, 51, 62
ISL, 52, 53
ISL, 52, 63
ISL, 53, 54
ISL, 53, 64
ISL, 54, 55
ISL, 54, 65
ISL, 55, 56
ISL, 55, 66
ISL, 56, 57
ISL, 56, 67
ISL, 57, 58
ISL, 57, 68
ISL, 58, 59
ISL, 58, 69
ISL, 59, 48
ISL, 59, 70
ISL, 60, 61
ISL, 60, 83
ISL, 61, 62
ISL, 61, 72
ISL, 62, 63
ISL, 62, 73
ISL, 63, 64
ISL, 63, 73
ISL, 64, 65
ISL, 64, 75
ISL, 65, 66
ISL, 65, 76
ISL, 66, 67
ISL, 66, 77
ISL, 67, 68
ISL, 67, 78
ISL, 68, 69
ISL, 68, 79
ISL, 69, 70
ISL, 69, 79
ISL, 70, 71
ISL, 70, 81
ISL, 71, 60
ISL, 71, 82
ISL, 72, 73
ISL, 72, 95
ISL, 73, 74
ISL, 73, 84
ISL, 74, 75
ISL, 74, 85
ISL, 75, 76
ISL, 75, 85
ISL, 76, 77
ISL, 76, 87
ISL, 77, 78
ISL, 77, 88
ISL, 78, 79
ISL, 78, 89
ISL, 79, 80
ISL, 79, 90
ISL, 80, 81
ISL, 80, 91
ISL, 81, 82
ISL, 81, 91
ISL, 82, 83
ISL, 82, 93
ISL, 83, 72
ISL, 83, 94
ISL, 84, 85
ISL, 84, 2
ISL, 85, 86
ISL, 85, 3
ISL, 86, 87
ISL, 86, 4
ISL, 87, 88
ISL, 87, 5
ISL, 88, 89
ISL, 88, 6
ISL, 89, 90
ISL, 89, 7
ISL, 90, 91
ISL, 90, 8
ISL, 91, 92
ISL, 91, 9
ISL, 92, 93
ISL, 92, 10
ISL, 93, 94
ISL, 93, 11
ISL, 94, 95
ISL, 94, 0
ISL, 95, 84
ISL, 95, 1
