[METADATA]
Time: 2026-04-12 03:18:13
Step: 68
Total_Sats: 96

[NODES]
ID, Name, Lat(deg), Lon(deg), Alt(km)
0, W-00-00, 51.35444, -139.38545, 505.867
1, W-00-01, 36.11505, -103.02086, 500.254
2, W-00-02, 13.82832, -80.52334, 494.076
3, W-00-03, -10.16707, -62.18300, 493.524
4, W-00-04, -32.94924, -40.86354, 499.154
5, W-00-05, -49.85816, -7.27739, 505.319
6, W-00-06, -51.35444, 40.61455, 505.867
7, W-00-07, -36.11505, 76.97914, 500.254
8, W-00-08, -13.82832, 99.47666, 494.076
9, W-00-09, 10.16707, 117.81700, 493.524
10, W-00-10, 32.94924, 139.13646, 499.154
11, W-00-11, 49.85816, 172.72261, 505.319
12, W-01-00, 47.05785, -78.48250, 504.281
13, W-01-01, 28.18849, -48.56364, 497.605
14, W-01-02, 4.86566, -28.55610, 493.016
15, W-01-03, -19.01984, -9.94090, 495.118
16, W-01-04, -40.38866, 14.67399, 501.801
17, W-01-05, -52.74925, 55.09639, 506.373
18, W-01-06, -47.05785, 101.51750, 504.281
19, W-01-07, -28.18849, 131.43636, 497.605
20, W-01-08, -4.86566, 151.44390, 493.016
21, W-01-09, 19.01984, 170.05910, 495.118
22, W-01-10, 40.38866, -165.32601, 501.801
23, W-01-11, 52.74925, -124.90361, 506.373
24, W-02-00, 40.91987, -20.37880, 501.996
25, W-02-01, 19.69173, 4.55283, 495.274
26, W-02-02, -4.16956, 23.22846, 492.975
27, W-02-03, -27.54987, 43.09499, 497.409
28, W-02-04, -46.64118, 72.57110, 504.125
29, W-02-05, -52.86099, 118.68353, 506.413
30, W-02-06, -40.91987, 159.62120, 501.996
31, W-02-07, -19.69173, -175.44717, 495.274
32, W-02-08, 4.16956, -156.77154, 492.975
33, W-02-09, 27.54987, -136.90501, 497.409
34, W-02-10, 46.64118, -107.42890, 504.125
35, W-02-11, 52.86099, -61.31647, 506.413
36, W-03-00, 33.55448, 35.31736, 499.360
37, W-03-01, 10.85739, 56.84082, 493.616
38, W-03-02, -13.14275, 75.16926, 493.960
39, W-03-03, -35.53085, 97.42768, 500.047
40, W-03-04, -51.10440, 133.26139, 505.776
41, W-03-05, -50.16976, -178.78038, 505.433
42, W-03-06, -33.55448, -144.68264, 499.360
43, W-03-07, -10.85739, -123.15918, 493.616
44, W-03-08, 13.14275, -104.83074, 493.960
45, W-03-09, 35.53085, -82.57232, 500.047
46, W-03-10, 51.10440, -46.73861, 505.776
47, W-03-11, 50.16976, 1.21962, 505.433
48, W-04-00, 25.40636, 89.26297, 496.774
49, W-04-01, 1.85530, 108.70891, 492.885
50, W-04-02, -21.90861, 127.62716, 495.820
51, W-04-03, -42.63105, 153.67977, 502.630
52, W-04-04, -53.10962, -163.73398, 506.503
53, W-04-05, -45.18299, -118.81098, 503.581
54, W-04-06, -25.40636, -90.73703, 496.774
55, W-04-07, -1.85530, -71.29109, 492.885
56, W-04-08, 21.90861, -52.37284, 495.820
57, W-04-09, 42.63105, -26.32023, 502.630
58, W-04-10, 53.10962, 16.26602, 506.503
59, W-04-11, 45.18299, 61.18902, 503.581
60, W-05-00, 16.77515, 142.05231, 494.631
61, W-05-01, -7.17425, 160.50779, 493.194
62, W-05-02, -30.28490, -178.96665, 498.270
63, W-05-03, -48.36165, -147.51237, 504.765
64, W-05-04, -52.25842, -100.25029, 506.196
65, W-05-05, -38.57561, -61.57774, 501.137
66, W-05-06, -16.77515, -37.94769, 494.631
67, W-05-07, 7.17425, -19.49221, 493.194
68, W-05-08, 30.28490, 1.03335, 498.270
69, W-05-09, 48.36165, 32.48763, 504.765
70, W-05-10, 52.25842, 79.74971, 506.196
71, W-05-11, 38.57561, 118.42226, 501.137
72, W-06-00, 7.86806, -165.84120, 493.261
73, W-06-01, -16.09568, -147.42161, 494.495
74, W-06-02, -38.01593, -124.06830, 500.935
75, W-06-03, -52.07536, -85.92942, 506.130
76, W-06-04, -48.72884, -38.47316, 504.902
77, W-06-05, -30.90815, -6.53813, 498.473
78, W-06-06, -7.86806, 14.15880, 493.261
79, W-06-07, 16.09568, 32.57839, 494.495
80, W-06-08, 38.01593, 55.93170, 500.935
81, W-06-09, 52.07536, 94.07058, 506.130
82, W-06-10, 48.72884, 141.52684, 504.902
83, W-06-11, 30.90815, 173.46187, 498.473
84, W-07-00, -1.15807, -114.03369, 492.872
85, W-07-01, -24.75469, -94.70038, 496.588
86, W-07-02, -44.72277, -67.02758, 503.410
87, W-07-03, -53.14720, -22.50737, 506.516
88, W-07-04, -43.12928, 20.55100, 502.816
89, W-07-05, -22.57130, 46.96217, 495.992
90, W-07-06, 1.15807, 65.96631, 492.872
91, W-07-07, 24.75469, 85.29962, 496.588
92, W-07-08, 44.72277, 112.97242, 503.410
93, W-07-09, 53.14720, 157.49263, 506.516
94, W-07-10, 43.12928, -159.44900, 502.816
95, W-07-11, 22.57130, -133.03783, 495.992

[LINKS]
Type, SourceID, TargetID
ISL, 0, 1
ISL, 0, 23
ISL, 1, 2
ISL, 1, 12
ISL, 2, 3
ISL, 2, 13
ISL, 3, 4
ISL, 3, 14
ISL, 4, 5
ISL, 4, 15
ISL, 5, 6
ISL, 5, 15
ISL, 6, 7
ISL, 6, 17
ISL, 7, 8
ISL, 7, 18
ISL, 8, 9
ISL, 8, 19
ISL, 9, 10
ISL, 9, 20
ISL, 10, 11
ISL, 10, 21
ISL, 11, 0
ISL, 11, 21
ISL, 12, 13
ISL, 12, 35
ISL, 13, 14
ISL, 13, 24
ISL, 14, 15
ISL, 14, 25
ISL, 15, 16
ISL, 15, 26
ISL, 16, 17
ISL, 16, 27
ISL, 17, 18
ISL, 17, 28
ISL, 18, 19
ISL, 18, 29
ISL, 19, 20
ISL, 19, 30
ISL, 20, 21
ISL, 20, 31
ISL, 21, 22
ISL, 21, 32
ISL, 22, 23
ISL, 22, 33
ISL, 23, 12
ISL, 23, 34
ISL, 24, 25
ISL, 24, 47
ISL, 25, 26
ISL, 25, 36
ISL, 26, 27
ISL, 26, 37
ISL, 27, 28
ISL, 27, 38
ISL, 28, 29
ISL, 28, 39
ISL, 29, 30
ISL, 29, 40
ISL, 30, 31
ISL, 30, 41
ISL, 31, 32
ISL, 31, 42
ISL, 32, 33
ISL, 32, 43
ISL, 33, 34
ISL, 33, 44
ISL, 34, 35
ISL, 34, 45
ISL, 35, 24
ISL, 35, 46
ISL, 36, 37
ISL, 36, 59
ISL, 37, 38
ISL, 37, 48
ISL, 38, 39
ISL, 38, 49
ISL, 39, 40
ISL, 39, 50
ISL, 40, 41
ISL, 40, 50
ISL, 41, 42
ISL, 41, 52
ISL, 42, 43
ISL, 42, 53
ISL, 43, 44
ISL, 43, 54
ISL, 44, 45
ISL, 44, 55
ISL, 45, 46
ISL, 45, 56
ISL, 46, 47
ISL, 46, 56
ISL, 47, 36
ISL, 47, 58
ISL, 48, 49
ISL, 48, 71
ISL, 49, 50
ISL, 49, 60
ISL, 50, 51
ISL, 50, 61
ISL, 51, 52
ISL, 51, 62
ISL, 52, 53
ISL, 52, 63
ISL, 53, 54
ISL, 53, 64
ISL, 54, 55
ISL, 54, 65
ISL, 55, 56
ISL, 55, 66
ISL, 56, 57
ISL, 56, 67
ISL, 57, 58
ISL, 57, 68
ISL, 58, 59
ISL, 58, 69
ISL, 59, 48
ISL, 59, 70
ISL, 60, 61
ISL, 60, 83
ISL, 61, 62
ISL, 61, 72
ISL, 62, 63
ISL, 62, 73
ISL, 63, 64
ISL, 63, 73
ISL, 64, 65
ISL, 64, 75
ISL, 65, 66
ISL, 65, 76
ISL, 66, 67
ISL, 66, 77
ISL, 67, 68
ISL, 67, 78
ISL, 68, 69
ISL, 68, 79
ISL, 69, 70
ISL, 69, 79
ISL, 70, 71
ISL, 70, 81
ISL, 71, 60
ISL, 71, 82
ISL, 72, 73
ISL, 72, 95
ISL, 73, 74
ISL, 73, 84
ISL, 74, 75
ISL, 74, 85
ISL, 75, 76
ISL, 75, 85
ISL, 76, 77
ISL, 76, 87
ISL, 77, 78
ISL, 77, 88
ISL, 78, 79
ISL, 78, 89
ISL, 79, 80
ISL, 79, 90
ISL, 80, 81
ISL, 80, 91
ISL, 81, 82
ISL, 81, 91
ISL, 82, 83
ISL, 82, 93
ISL, 83, 72
ISL, 83, 94
ISL, 84, 85
ISL, 84, 2
ISL, 85, 86
ISL, 85, 3
ISL, 86, 87
ISL, 86, 4
ISL, 87, 88
ISL, 87, 5
ISL, 88, 89
ISL, 88, 6
ISL, 89, 90
ISL, 89, 7
ISL, 90, 91
ISL, 90, 8
ISL, 91, 92
ISL, 91, 9
ISL, 92, 93
ISL, 92, 10
ISL, 93, 94
ISL, 93, 11
ISL, 94, 95
ISL, 94, 0
ISL, 95, 84
ISL, 95, 1
