[METADATA]
Time: 2026-04-12 03:19:13
Step: 70
Total_Sats: 96

[NODES]
ID, Name, Lat(deg), Lon(deg), Alt(km)
0, W-00-00, 50.14838, -133.94261, 505.426
1, W-00-01, 33.51225, -99.88088, 499.346
2, W-00-02, 10.80908, -78.37197, 493.609
3, W-00-03, -13.19080, -60.04288, 493.968
4, W-00-04, -35.57194, -37.76798, 500.062
5, W-00-05, -51.12240, -1.89719, 505.783
6, W-00-06, -50.14838, 46.05739, 505.426
7, W-00-07, -33.51225, 80.11912, 499.346
8, W-00-08, -10.80908, 101.62803, 493.609
9, W-00-09, 13.19080, 119.95712, 493.968
10, W-00-10, 35.57194, 142.23202, 500.062
11, W-00-11, 51.12240, 178.10281, 505.783
12, W-01-00, 45.15107, -73.98854, 503.569
13, W-01-01, 25.36082, -45.94301, 496.761
14, W-01-02, 1.80648, -26.50516, 492.884
15, W-01-03, -21.95510, -7.58110, 495.832
16, W-01-04, -42.66621, 18.49631, 502.643
17, W-01-05, -53.11282, 61.11603, 506.504
18, W-01-06, -45.15107, 106.01146, 503.569
19, W-01-07, -25.36082, 134.05699, 496.761
20, W-01-08, -1.80648, 153.49484, 492.884
21, W-01-09, 21.95510, 172.41890, 495.832
22, W-01-10, 42.66621, -161.50369, 502.643
23, W-01-11, 53.11282, -118.88397, 506.504
24, W-02-00, 38.53661, -16.76891, 501.123
25, W-02-01, 16.72762, 6.84147, 494.622
26, W-02-02, -7.22286, 25.29426, 493.198
27, W-02-03, -30.32867, 45.83158, 498.284
28, W-02-04, -48.38776, 77.31926, 504.775
29, W-02-05, -52.24613, 124.59586, 506.191
30, W-02-06, -38.53661, 163.23109, 501.123
31, W-02-07, -16.72762, -173.15853, 494.622
32, W-02-08, 7.22286, -154.70574, 493.198
33, W-02-09, 30.32867, -134.16842, 498.284
34, W-02-10, 48.38776, -102.68074, 504.775
35, W-02-11, 52.24613, -55.40414, 506.191
36, W-03-00, 30.86463, 38.26068, 498.458
37, W-03-01, 7.81949, 58.94537, 493.256
38, W-03-02, -16.14332, 77.36729, 494.504
39, W-03-03, -38.05532, 100.73969, 500.949
40, W-03-04, -52.08870, 138.91599, 506.134
41, W-03-05, -48.70352, -173.64042, 504.892
42, W-03-06, -30.86463, -141.73932, 498.458
43, W-03-07, -7.81949, -121.05463, 493.256
44, W-03-08, 16.14332, -102.63271, 494.504
45, W-03-09, 38.05532, -79.26031, 500.949
46, W-03-10, 52.08870, -41.08401, 506.134
47, W-03-11, 48.70352, 6.35958, 504.892
48, W-04-00, 22.52497, 91.75429, 495.980
49, W-04-01, -1.20690, 110.75222, 492.872
50, W-04-02, -24.80042, 130.09321, 496.601
51, W-04-03, -44.75530, 157.79378, 503.422
52, W-04-04, -53.14513, -157.65719, 506.516
53, W-04-05, -43.09466, -114.63145, 502.803
54, W-04-06, -22.52497, -88.24571, 495.980
55, W-04-07, 1.20690, -69.24778, 492.872
56, W-04-08, 24.80042, -49.90679, 496.601
57, W-04-09, 44.75530, -22.20622, 503.422
58, W-04-10, 53.14513, 22.34281, 506.516
59, W-04-11, 43.09466, 65.36855, 502.803
60, W-05-00, 13.78035, 144.26473, 494.067
61, W-05-01, -10.21544, 162.60406, 493.530
62, W-05-02, -32.99178, -176.06245, 499.168
63, W-05-03, -49.88042, -142.44067, 505.327
64, W-05-04, -51.33741, -94.54310, 505.861
65, W-05-05, -36.07431, -58.21578, 500.239
66, W-05-06, -13.78035, -35.73527, 494.067
67, W-05-07, 10.21544, -17.39594, 493.530
68, W-05-08, 32.99178, 3.93755, 499.168
69, W-05-09, 49.88042, 37.55933, 505.327
70, W-05-10, 51.33741, 85.45690, 505.861
71, W-05-11, 36.07431, 121.78422, 500.239
72, W-06-00, 4.81693, -163.76996, 493.013
73, W-06-01, -19.06696, -145.15071, 495.129
74, W-06-02, -40.42609, -120.51395, 501.814
75, W-06-03, -52.75762, -80.05524, 506.376
76, W-06-04, -47.02902, -33.65495, 504.270
77, W-06-05, -28.14388, -3.76739, 497.592
78, W-06-06, -4.81693, 16.23004, 493.013
79, W-06-07, 19.06696, 34.84929, 495.129
80, W-06-08, 40.42609, 59.48605, 501.814
81, W-06-09, 52.75762, 99.94476, 506.376
82, W-06-10, 47.02902, 146.34505, 504.270
83, W-06-11, 28.14388, 176.23261, 497.592
84, W-07-00, -4.21833, -111.98545, 492.978
85, W-07-01, -27.59470, -92.10927, 497.423
86, W-07-02, -46.67071, -62.60246, 504.136
87, W-07-03, -52.85371, -16.46763, 506.411
88, W-07-04, -40.88290, 24.43419, 501.983
89, W-07-05, -19.64474, 49.34333, 495.263
90, W-07-06, 4.21833, 68.01455, 492.978
91, W-07-07, 27.59470, 87.89073, 497.423
92, W-07-08, 46.67071, 117.39754, 504.136
93, W-07-09, 52.85371, 163.53237, 506.411
94, W-07-10, 40.88290, -155.56581, 501.983
95, W-07-11, 19.64474, -130.65667, 495.263

[LINKS]
Type, SourceID, TargetID
ISL, 0, 1
ISL, 0, 23
ISL, 1, 2
ISL, 1, 12
ISL, 2, 3
ISL, 2, 13
ISL, 3, 4
ISL, 3, 14
ISL, 4, 5
ISL, 4, 15
ISL, 5, 6
ISL, 5, 15
ISL, 6, 7
ISL, 6, 17
ISL, 7, 8
ISL, 7, 18
ISL, 8, 9
ISL, 8, 19
ISL, 9, 10
ISL, 9, 20
ISL, 10, 11
ISL, 10, 21
ISL, 11, 0
ISL, 11, 21
ISL, 12, 13
ISL, 12, 35
ISL, 13, 14
ISL, 13, 24
ISL, 14, 15
ISL, 14, 25
ISL, 15, 16
ISL, 15, 26
ISL, 16, 17
ISL, 16, 27
ISL, 17, 18
ISL, 17, 28
ISL, 18, 19
ISL, 18, 29
ISL, 19, 20
ISL, 19, 30
ISL, 20, 21
ISL, 20, 31
ISL, 21, 22
ISL, 21, 32
ISL, 22, 23
ISL, 22, 33
ISL, 23, 12
ISL, 23, 34
ISL, 24, 25
ISL, 24, 47
ISL, 25, 26
ISL, 25, 36
ISL, 26, 27
ISL, 26, 37
ISL, 27, 28
ISL, 27, 38
ISL, 28, 29
ISL, 28, 39
ISL, 29, 30
ISL, 29, 40
ISL, 30, 31
ISL, 30, 41
ISL, 31, 32
ISL, 31, 42
ISL, 32, 33
ISL, 32, 43
ISL, 33, 34
ISL, 33, 44
ISL, 34, 35
ISL, 34, 45
ISL, 35, 24
ISL, 35, 46
ISL, 36, 37
ISL, 36, 59
ISL, 37, 38
ISL, 37, 48
ISL, 38, 39
ISL, 38, 49
ISL, 39, 40
ISL, 39, 50
ISL, 40, 41
ISL, 40, 50
ISL, 41, 42
ISL, 41, 52
ISL, 42, 43
ISL, 42, 53
ISL, 43, 44
ISL, 43, 54
ISL, 44, 45
ISL, 44, 55
ISL, 45, 46
ISL, 45, 56
ISL, 46, 47
ISL, 46, 56
ISL, 47, 36
ISL, 47, 58
ISL, 48, 49
ISL, 48, 71
ISL, 49, 50
ISL, 49, 60
ISL, 50, 51
ISL, 50, 61
ISL, 51, 52
ISL, 51, 62
ISL, 52, 53
ISL, 52, 63
ISL, 53, 54
ISL, 53, 64
ISL, 54, 55
ISL, 54, 65
ISL, 55, 56
ISL, 55, 66
ISL, 56, 57
ISL, 56, 67
ISL, 57, 58
ISL, 57, 68
ISL, 58, 59
ISL, 58, 69
ISL, 59, 48
ISL, 59, 70
ISL, 60, 61
ISL, 60, 83
ISL, 61, 62
ISL, 61, 72
ISL, 62, 63
ISL, 62, 73
ISL, 63, 64
ISL, 63, 73
ISL, 64, 65
ISL, 64, 75
ISL, 65, 66
ISL, 65, 76
ISL, 66, 67
ISL, 66, 77
ISL, 67, 68
ISL, 67, 78
ISL, 68, 69
ISL, 68, 79
ISL, 69, 70
ISL, 69, 79
ISL, 70, 71
ISL, 70, 81
ISL, 71, 60
ISL, 71, 82
ISL, 72, 73
ISL, 72, 95
ISL, 73, 74
ISL, 73, 84
ISL, 74, 75
ISL, 74, 85
ISL, 75, 76
ISL, 75, 85
ISL, 76, 77
ISL, 76, 87
ISL, 77, 78
ISL, 77, 88
ISL, 78, 79
ISL, 78, 89
ISL, 79, 80
ISL, 79, 90
ISL, 80, 81
ISL, 80, 91
ISL, 81, 82
ISL, 81, 91
ISL, 82, 83
ISL, 82, 93
ISL, 83, 72
ISL, 83, 94
ISL, 84, 85
ISL, 84, 2
ISL, 85, 86
ISL, 85, 3
ISL, 86, 87
ISL, 86, 4
ISL, 87, 88
ISL, 87, 5
ISL, 88, 89
ISL, 88, 6
ISL, 89, 90
ISL, 89, 7
ISL, 90, 91
ISL, 90, 8
ISL, 91, 92
ISL, 91, 9
ISL, 92, 93
ISL, 92, 10
ISL, 93, 94
ISL, 93, 11
ISL, 94, 95
ISL, 94, 0
ISL, 95, 84
ISL, 95, 1
