[METADATA]
Time: 2026-04-12 03:35:43
Step: 103
Total_Sats: 96

[NODES]
ID, Name, Lat(deg), Lon(deg), Alt(km)
0, W-00-00, 8.51624, -80.72656, 493.328
1, W-00-01, -15.45889, -62.33548, 494.371
2, W-00-02, -37.48710, -39.23288, 500.744
3, W-00-03, -51.88975, -1.59405, 506.062
4, W-00-04, -49.06107, 46.01784, 505.025
5, W-00-05, -31.48744, 78.40962, 498.663
6, W-00-06, -8.51624, 99.27344, 493.328
7, W-00-07, 15.45889, 117.66452, 494.371
8, W-00-08, 37.48710, 140.76712, 500.744
9, W-00-09, 51.88975, 178.40595, 506.062
10, W-00-10, 49.06107, -133.98216, 505.025
11, W-00-11, 31.48744, -101.59038, 498.663
12, W-01-00, -0.50596, -28.90915, 492.865
13, W-01-01, -24.14281, -9.67544, 496.417
14, W-01-02, -44.28400, 17.63113, 503.246
15, W-01-03, -53.16662, 61.75803, 506.523
16, W-01-04, -43.58767, 105.24553, 502.986
17, W-01-05, -23.18886, 132.00091, 496.157
18, W-01-06, 0.50596, 151.09085, 492.865
19, W-01-07, 24.14281, 170.32456, 496.417
20, W-01-08, 44.28400, -162.36887, 503.246
21, W-01-09, 53.16662, -118.24197, 506.523
22, W-01-10, 43.58767, -74.75447, 502.986
23, W-01-11, 23.18886, -47.99909, 496.157
24, W-02-00, -9.52068, 22.92712, 493.444
25, W-02-01, -32.37925, 44.06284, 498.961
26, W-02-02, -49.55464, 77.17624, 505.207
27, W-02-03, -51.57464, 124.97874, 505.948
28, W-02-04, -36.65653, 161.84186, 500.446
29, W-02-05, -14.46827, -175.42935, 494.188
30, W-02-06, 9.52068, -157.07288, 493.444
31, W-02-07, 32.37925, -135.93716, 498.961
32, W-02-08, 49.55464, -102.82376, 505.207
33, W-02-09, 51.57464, -55.02126, 505.948
34, W-02-10, 36.65653, -18.15814, 500.446
35, W-02-11, 14.46827, 4.57065, 494.188
36, W-03-00, -18.38981, 75.12844, 494.976
37, W-03-01, -39.88559, 99.45568, 501.616
38, W-03-02, -52.62953, 139.39046, 506.330
39, W-03-03, -47.43763, -173.92229, 504.422
40, W-03-04, -28.78268, -143.58103, 497.791
41, W-03-05, -5.51624, -123.43545, 493.059
42, W-03-06, 18.38981, -104.87156, 494.976
43, W-03-07, 39.88559, -80.54432, 501.616
44, W-03-08, 52.62953, -40.60954, 506.330
45, W-03-09, 47.43763, 6.07771, 504.422
46, W-03-10, 28.78268, 36.41897, 497.791
47, W-03-11, 5.51624, 56.56455, 493.059
48, W-04-00, -26.94975, 128.09168, 497.228
49, W-04-01, -46.24194, 157.16227, 503.977
50, W-04-02, -52.95013, -157.03552, 506.446
51, W-04-03, -41.41010, -115.62293, 502.177
52, W-04-04, -20.31826, -90.38646, 495.424
53, W-04-05, 3.51828, -71.64908, 492.943
54, W-04-06, 26.94975, -51.90832, 497.228
55, W-04-07, 46.24194, -22.83773, 503.977
56, W-04-08, 52.95013, 22.96448, 506.446
57, W-04-09, 41.41010, 64.37707, 502.177
58, W-04-10, 20.31826, 89.61354, 495.424
59, W-04-11, -3.51828, 108.35092, 492.943
60, W-05-00, -34.97987, -177.68870, 499.854
61, W-05-01, -50.85723, -142.34857, 505.686
62, W-05-02, -50.44873, -94.35605, 505.536
63, W-05-03, -34.11633, -59.77475, 499.554
64, W-05-04, -11.50206, -38.05338, 493.707
65, W-05-05, 12.50053, -19.73109, 493.857
66, W-05-06, 34.97987, 2.31130, 499.854
67, W-05-07, 50.85723, 37.65143, 505.686
68, W-05-08, 50.44873, 85.64395, 505.536
69, W-05-09, 34.11633, 120.22525, 499.554
70, W-05-10, 11.50206, 141.94662, 493.707
71, W-05-11, -12.50053, 160.26891, 493.857
72, W-06-00, -42.15783, -121.59763, 502.454
73, W-06-01, -53.05881, -79.46405, 506.485
74, W-06-02, -45.60471, -34.18216, 503.739
75, W-06-03, -26.01322, -5.72421, 496.950
76, W-06-04, -2.50718, 13.83285, 492.904
77, W-06-05, 21.28683, 32.67620, 495.662
78, W-06-06, 42.15783, 58.40237, 502.454
79, W-06-07, 53.05881, 100.53595, 506.485
80, W-06-08, 45.60471, 145.81784, 503.739
81, W-06-09, 26.01322, 174.27579, 496.950
82, W-06-10, 2.50718, -166.16715, 492.904
83, W-06-11, -21.28683, -147.32380, 495.662
84, W-07-00, -48.00742, -62.99048, 504.634
85, W-07-01, -52.41499, -15.93531, 506.253
86, W-07-02, -39.09337, 23.23430, 501.326
87, W-07-03, -17.40909, 47.13134, 494.764
88, W-07-04, 6.52486, 65.62547, 493.137
89, W-07-05, 29.69864, 85.99731, 498.081
90, W-07-06, 48.00742, 117.00952, 504.634
91, W-07-07, 52.41499, 164.06469, 506.253
92, W-07-08, 39.09337, -156.76570, 501.326
93, W-07-09, 17.40909, -132.86866, 494.764
94, W-07-10, -6.52486, -114.37453, 493.137
95, W-07-11, -29.69864, -94.00269, 498.081

[LINKS]
Type, SourceID, TargetID
ISL, 0, 1
ISL, 0, 23
ISL, 1, 2
ISL, 1, 12
ISL, 2, 3
ISL, 2, 13
ISL, 3, 4
ISL, 3, 14
ISL, 4, 5
ISL, 4, 15
ISL, 5, 6
ISL, 5, 15
ISL, 6, 7
ISL, 6, 17
ISL, 7, 8
ISL, 7, 18
ISL, 8, 9
ISL, 8, 19
ISL, 9, 10
ISL, 9, 20
ISL, 10, 11
ISL, 10, 21
ISL, 11, 0
ISL, 11, 21
ISL, 12, 13
ISL, 12, 35
ISL, 13, 14
ISL, 13, 24
ISL, 14, 15
ISL, 14, 25
ISL, 15, 16
ISL, 15, 26
ISL, 16, 17
ISL, 16, 27
ISL, 17, 18
ISL, 17, 28
ISL, 18, 19
ISL, 18, 29
ISL, 19, 20
ISL, 19, 30
ISL, 20, 21
ISL, 20, 31
ISL, 21, 22
ISL, 21, 32
ISL, 22, 23
ISL, 22, 33
ISL, 23, 12
ISL, 23, 34
ISL, 24, 25
ISL, 24, 47
ISL, 25, 26
ISL, 25, 36
ISL, 26, 27
ISL, 26, 37
ISL, 27, 28
ISL, 27, 38
ISL, 28, 29
ISL, 28, 39
ISL, 29, 30
ISL, 29, 40
ISL, 30, 31
ISL, 30, 41
ISL, 31, 32
ISL, 31, 42
ISL, 32, 33
ISL, 32, 43
ISL, 33, 34
ISL, 33, 44
ISL, 34, 35
ISL, 34, 45
ISL, 35, 24
ISL, 35, 46
ISL, 36, 37
ISL, 36, 59
ISL, 37, 38
ISL, 37, 48
ISL, 38, 39
ISL, 38, 49
ISL, 39, 40
ISL, 39, 50
ISL, 40, 41
ISL, 40, 50
ISL, 41, 42
ISL, 41, 52
ISL, 42, 43
ISL, 42, 53
ISL, 43, 44
ISL, 43, 54
ISL, 44, 45
ISL, 44, 55
ISL, 45, 46
ISL, 45, 56
ISL, 46, 47
ISL, 46, 56
ISL, 47, 36
ISL, 47, 58
ISL, 48, 49
ISL, 48, 71
ISL, 49, 50
ISL, 49, 60
ISL, 50, 51
ISL, 50, 61
ISL, 51, 52
ISL, 51, 62
ISL, 52, 53
ISL, 52, 63
ISL, 53, 54
ISL, 53, 64
ISL, 54, 55
ISL, 54, 65
ISL, 55, 56
ISL, 55, 66
ISL, 56, 57
ISL, 56, 67
ISL, 57, 58
ISL, 57, 68
ISL, 58, 59
ISL, 58, 69
ISL, 59, 48
ISL, 59, 70
ISL, 60, 61
ISL, 60, 83
ISL, 61, 62
ISL, 61, 72
ISL, 62, 63
ISL, 62, 73
ISL, 63, 64
ISL, 63, 73
ISL, 64, 65
ISL, 64, 75
ISL, 65, 66
ISL, 65, 76
ISL, 66, 67
ISL, 66, 77
ISL, 67, 68
ISL, 67, 78
ISL, 68, 69
ISL, 68, 79
ISL, 69, 70
ISL, 69, 79
ISL, 70, 71
ISL, 70, 81
ISL, 71, 60
ISL, 71, 82
ISL, 72, 73
ISL, 72, 95
ISL, 73, 74
ISL, 73, 84
ISL, 74, 75
ISL, 74, 85
ISL, 75, 76
ISL, 75, 85
ISL, 76, 77
ISL, 76, 87
ISL, 77, 78
ISL, 77, 88
ISL, 78, 79
ISL, 78, 89
ISL, 79, 80
ISL, 79, 90
ISL, 80, 81
ISL, 80, 91
ISL, 81, 82
ISL, 81, 91
ISL, 82, 83
ISL, 82, 93
ISL, 83, 72
ISL, 83, 94
ISL, 84, 85
ISL, 84, 2
ISL, 85, 86
ISL, 85, 3
ISL, 86, 87
ISL, 86, 4
ISL, 87, 88
ISL, 87, 5
ISL, 88, 89
ISL, 88, 6
ISL, 89, 90
ISL, 89, 7
ISL, 90, 91
ISL, 90, 8
ISL, 91, 92
ISL, 91, 9
ISL, 92, 93
ISL, 92, 10
ISL, 93, 94
ISL, 93, 11
ISL, 94, 95
ISL, 94, 0
ISL, 95, 84
ISL, 95, 1
