[METADATA]
Time: 2026-04-12 03:39:13
Step: 110
Total_Sats: 96

[NODES]
ID, Name, Lat(deg), Lon(deg), Alt(km)
0, W-00-00, -2.18339, -73.52937, 492.894
1, W-00-01, -25.71209, -54.02821, 496.862
2, W-00-02, -45.39629, -25.76207, 503.661
3, W-00-03, -53.08594, 19.34377, 506.494
4, W-00-04, -42.39376, 61.70348, 502.542
5, W-00-05, -21.59594, 87.59073, 495.740
6, W-00-06, 2.18339, 106.47063, 492.894
7, W-00-07, 25.71209, 125.97179, 496.862
8, W-00-08, 45.39629, 154.23793, 503.661
9, W-00-09, 53.08594, -160.65623, 506.494
10, W-00-10, 42.39376, -118.29652, 502.542
11, W-00-11, 21.59594, -92.40927, 495.740
12, W-01-00, -11.18194, -21.65237, 493.661
13, W-01-01, -33.83775, -0.03018, 499.458
14, W-01-02, -50.31167, 34.31034, 505.486
15, W-01-03, -50.98161, 82.28918, 505.731
16, W-01-04, -35.25412, 117.87409, 499.950
17, W-01-05, -12.81967, 140.02289, 493.908
18, W-01-06, 11.18194, 158.34763, 493.661
19, W-01-07, 33.83775, 179.96982, 499.458
20, W-01-08, 50.31167, -145.68966, 505.486
21, W-01-09, 50.98161, -97.71082, 505.731
22, W-01-10, 35.25412, -62.12591, 499.950
23, W-01-11, 12.81967, -39.97711, 493.908
24, W-02-00, -20.00726, 30.65805, 495.349
25, W-02-01, -41.16739, 55.74204, 502.088
26, W-02-02, -52.90771, 96.91964, 506.430
27, W-02-03, -46.44140, 142.87848, 504.051
28, W-02-04, -27.24819, 172.14947, 497.318
29, W-02-05, -3.84183, -168.04803, 492.958
30, W-02-06, 20.00726, -149.34195, 495.349
31, W-02-07, 41.16739, -124.25796, 502.088
32, W-02-08, 52.90771, -83.08036, 506.430
33, W-02-09, 46.44140, -37.12152, 504.051
34, W-02-10, 27.24819, -7.85053, 497.318
35, W-02-11, 3.84183, 11.95197, 492.958
36, W-03-00, -28.48790, 83.81348, 497.698
37, W-03-01, -47.25019, 113.94393, 504.352
38, W-03-02, -52.69083, 160.50175, 506.352
39, W-03-03, -40.13623, -159.32062, 501.708
40, W-03-04, -18.70297, -134.85152, 495.046
41, W-03-05, 5.19313, -116.26277, 493.037
42, W-03-06, 28.48790, -96.18652, 497.698
43, W-03-07, 47.25019, -66.05607, 504.352
44, W-03-08, 52.69083, -19.49825, 506.352
45, W-03-09, 40.13623, 20.67938, 501.708
46, W-03-10, 18.70297, 45.14848, 495.046
47, W-03-11, -5.19313, 63.73723, 493.037
48, W-04-00, -36.38815, 138.33063, 500.351
49, W-04-01, -51.46692, 174.94590, 505.908
50, W-04-02, -49.70685, -137.20387, 505.263
51, W-04-03, -32.66286, -103.85635, 499.057
52, W-04-04, -9.84186, -82.63020, 493.483
53, W-04-05, 14.15053, -64.28235, 494.132
54, W-04-06, 36.38815, -41.66937, 500.351
55, W-04-07, 51.46692, -5.05410, 505.908
56, W-04-08, 49.70685, 42.79613, 505.263
57, W-04-09, 32.66286, 76.14365, 499.057
58, W-04-10, 9.84186, 97.36980, 493.483
59, W-04-11, -14.15053, 115.71765, 494.132
60, W-05-00, -43.36090, -165.15702, 502.902
61, W-05-01, -53.15887, -121.88111, 506.521
62, W-05-02, -44.50295, -77.55690, 503.328
63, W-05-03, -24.44704, -50.06949, 496.502
64, W-05-04, -0.82989, -30.78700, 492.867
65, W-05-05, 22.88237, -11.74034, 496.075
66, W-05-06, 43.36090, 14.84298, 502.902
67, W-05-07, 53.15887, 58.11889, 506.521
68, W-05-08, 44.50295, 102.44310, 503.328
69, W-05-09, 24.44704, 129.93051, 496.502
70, W-05-10, 0.82989, 149.21300, 492.867
71, W-05-11, -22.88237, 168.25966, 496.075
72, W-06-00, -48.89741, -106.03056, 504.964
73, W-06-01, -51.98368, -58.49281, 506.096
74, W-06-02, -37.75043, -20.60552, 500.839
75, W-06-03, -15.77537, 2.62065, 494.432
76, W-06-04, 8.19435, 21.02528, 493.294
77, W-06-05, 31.20013, 41.80539, 498.569
78, W-06-06, 48.89741, 73.96944, 504.964
79, W-06-07, 51.98368, 121.50719, 506.096
80, W-06-08, 37.75043, 159.39448, 500.839
81, W-06-09, 15.77537, -177.37935, 494.432
82, W-06-10, -8.19435, -158.97472, 493.294
83, W-06-11, -31.20013, -138.19461, 498.569
84, W-07-00, -52.33900, -44.16413, 506.225
85, W-07-01, -48.18467, 2.99684, 504.700
86, W-07-02, -29.99026, 34.22771, 498.174
87, W-07-03, -6.84750, 54.67512, 493.165
88, W-07-04, 17.09437, 73.14944, 494.697
89, W-07-05, 38.83687, 96.91286, 501.232
90, W-07-06, 52.33900, 135.83587, 506.225
91, W-07-07, 48.18467, -177.00316, 504.700
92, W-07-08, 29.99026, -145.77229, 498.174
93, W-07-09, 6.84750, -125.32488, 493.165
94, W-07-10, -17.09437, -106.85056, 494.697
95, W-07-11, -38.83687, -83.08714, 501.232

[LINKS]
Type, SourceID, TargetID
ISL, 0, 1
ISL, 0, 23
ISL, 1, 2
ISL, 1, 12
ISL, 2, 3
ISL, 2, 13
ISL, 3, 4
ISL, 3, 14
ISL, 4, 5
ISL, 4, 15
ISL, 5, 6
ISL, 5, 15
ISL, 6, 7
ISL, 6, 17
ISL, 7, 8
ISL, 7, 18
ISL, 8, 9
ISL, 8, 19
ISL, 9, 10
ISL, 9, 20
ISL, 10, 11
ISL, 10, 21
ISL, 11, 0
ISL, 11, 21
ISL, 12, 13
ISL, 12, 35
ISL, 13, 14
ISL, 13, 24
ISL, 14, 15
ISL, 14, 25
ISL, 15, 16
ISL, 15, 26
ISL, 16, 17
ISL, 16, 27
ISL, 17, 18
ISL, 17, 28
ISL, 18, 19
ISL, 18, 29
ISL, 19, 20
ISL, 19, 30
ISL, 20, 21
ISL, 20, 31
ISL, 21, 22
ISL, 21, 32
ISL, 22, 23
ISL, 22, 33
ISL, 23, 12
ISL, 23, 34
ISL, 24, 25
ISL, 24, 47
ISL, 25, 26
ISL, 25, 36
ISL, 26, 27
ISL, 26, 37
ISL, 27, 28
ISL, 27, 38
ISL, 28, 29
ISL, 28, 39
ISL, 29, 30
ISL, 29, 40
ISL, 30, 31
ISL, 30, 41
ISL, 31, 32
ISL, 31, 42
ISL, 32, 33
ISL, 32, 43
ISL, 33, 34
ISL, 33, 44
ISL, 34, 35
ISL, 34, 45
ISL, 35, 24
ISL, 35, 46
ISL, 36, 37
ISL, 36, 59
ISL, 37, 38
ISL, 37, 48
ISL, 38, 39
ISL, 38, 49
ISL, 39, 40
ISL, 39, 50
ISL, 40, 41
ISL, 40, 50
ISL, 41, 42
ISL, 41, 52
ISL, 42, 43
ISL, 42, 53
ISL, 43, 44
ISL, 43, 54
ISL, 44, 45
ISL, 44, 55
ISL, 45, 46
ISL, 45, 56
ISL, 46, 47
ISL, 46, 56
ISL, 47, 36
ISL, 47, 58
ISL, 48, 49
ISL, 48, 71
ISL, 49, 50
ISL, 49, 60
ISL, 50, 51
ISL, 50, 61
ISL, 51, 52
ISL, 51, 62
ISL, 52, 53
ISL, 52, 63
ISL, 53, 54
ISL, 53, 64
ISL, 54, 55
ISL, 54, 65
ISL, 55, 56
ISL, 55, 66
ISL, 56, 57
ISL, 56, 67
ISL, 57, 58
ISL, 57, 68
ISL, 58, 59
ISL, 58, 69
ISL, 59, 48
ISL, 59, 70
ISL, 60, 61
ISL, 60, 83
ISL, 61, 62
ISL, 61, 72
ISL, 62, 63
ISL, 62, 73
ISL, 63, 64
ISL, 63, 73
ISL, 64, 65
ISL, 64, 75
ISL, 65, 66
ISL, 65, 76
ISL, 66, 67
ISL, 66, 77
ISL, 67, 68
ISL, 67, 78
ISL, 68, 69
ISL, 68, 79
ISL, 69, 70
ISL, 69, 79
ISL, 70, 71
ISL, 70, 81
ISL, 71, 60
ISL, 71, 82
ISL, 72, 73
ISL, 72, 95
ISL, 73, 74
ISL, 73, 84
ISL, 74, 75
ISL, 74, 85
ISL, 75, 76
ISL, 75, 85
ISL, 76, 77
ISL, 76, 87
ISL, 77, 78
ISL, 77, 88
ISL, 78, 79
ISL, 78, 89
ISL, 79, 80
ISL, 79, 90
ISL, 80, 81
ISL, 80, 91
ISL, 81, 82
ISL, 81, 91
ISL, 82, 83
ISL, 82, 93
ISL, 83, 72
ISL, 83, 94
ISL, 84, 85
ISL, 84, 2
ISL, 85, 86
ISL, 85, 3
ISL, 86, 87
ISL, 86, 4
ISL, 87, 88
ISL, 87, 5
ISL, 88, 89
ISL, 88, 6
ISL, 89, 90
ISL, 89, 7
ISL, 90, 91
ISL, 90, 8
ISL, 91, 92
ISL, 91, 9
ISL, 92, 93
ISL, 92, 10
ISL, 93, 94
ISL, 93, 11
ISL, 94, 95
ISL, 94, 0
ISL, 95, 84
ISL, 95, 1
