[METADATA]
Time: 2026-04-12 04:08:13
Step: 168
Total_Sats: 96

[NODES]
ID, Name, Lat(deg), Lon(deg), Alt(km)
0, W-00-00, -47.39133, 43.06109, 504.405
1, W-00-01, -28.70958, 73.34984, 497.768
2, W-00-02, -5.43604, 93.47807, 493.053
3, W-00-03, 18.46758, 112.04801, 494.994
4, W-00-04, 39.94794, 136.41028, 501.639
5, W-00-05, 52.64508, 176.40544, 506.336
6, W-00-06, 47.39133, -136.93891, 504.405
7, W-00-07, 28.70958, -106.65016, 497.768
8, W-00-08, 5.43604, -86.52193, 493.053
9, W-00-09, -18.46758, -67.95199, 494.994
10, W-00-10, -39.94794, -43.58972, 501.639
11, W-00-11, -52.64508, -3.59456, 506.336
12, W-01-00, -41.35001, 101.33620, 502.155
13, W-01-01, -20.24111, 126.53462, 495.405
14, W-01-02, 3.59859, 145.26412, 492.947
15, W-01-03, 27.02389, 165.02007, 497.250
16, W-01-04, 46.29166, -165.85978, 503.995
17, W-01-05, 52.93994, -120.01824, 506.442
18, W-01-06, 41.35001, -78.66380, 502.155
19, W-01-07, 20.24111, -53.46538, 495.405
20, W-01-08, -3.59859, -34.73588, 492.947
21, W-01-09, -27.02389, -14.97993, 497.250
22, W-01-10, -46.29166, 14.14022, 503.995
23, W-01-11, -52.93994, 59.98176, 506.442
24, W-02-00, -34.04727, 157.16544, 499.530
25, W-02-01, -11.42262, 178.86203, 493.695
26, W-02-02, 12.57977, -162.81518, 493.870
27, W-02-03, 35.04804, -140.74654, 499.878
28, W-02-04, 50.88840, -105.34573, 505.697
29, W-02-05, 50.41499, -57.35599, 505.524
30, W-02-06, 34.04727, -22.83456, 499.530
31, W-02-07, 11.42262, -1.13797, 493.695
32, W-02-08, -12.57977, 17.18482, 493.870
33, W-02-09, -35.04804, 39.25346, 499.878
34, W-02-10, -50.88840, 74.65427, 505.697
35, W-02-11, -50.41499, 122.64401, 505.524
36, W-03-00, -25.93853, -148.79712, 496.928
37, W-03-01, -2.42681, -129.25407, 492.901
38, W-03-02, 21.36360, -110.40176, 495.681
39, W-03-03, 42.21655, -84.63581, 502.476
40, W-03-04, 53.06589, -42.44587, 506.487
41, W-03-05, 45.55318, 2.79274, 503.720
42, W-03-06, 25.93853, 31.20288, 496.928
43, W-03-07, 2.42681, 50.74593, 492.901
44, W-03-08, -21.36360, 69.59824, 495.681
45, W-03-09, -42.21655, 95.36419, 502.476
46, W-03-10, -53.06589, 137.55413, 506.487
47, W-03-11, -45.55318, -177.20726, 503.720
48, W-04-00, -17.33101, -95.94987, 494.747
49, W-04-01, 6.60495, -77.46077, 493.144
50, W-04-02, 29.77110, -57.07032, 498.104
51, W-04-03, 48.05165, -26.00401, 504.650
52, W-04-04, 52.39646, 21.07798, 506.246
53, W-04-05, 39.02984, 60.18644, 501.303
54, W-04-06, 17.33101, 84.05013, 494.747
55, W-04-07, -6.60495, 102.53923, 493.144
56, W-04-08, -29.77110, 122.92968, 498.104
57, W-04-09, -48.05165, 153.99599, 504.650
58, W-04-10, -52.39646, -158.92202, 506.246
59, W-04-11, -39.02984, -119.81356, 501.303
60, W-05-00, -8.43636, -43.81227, 493.320
61, W-05-01, 15.53747, -25.41794, 494.386
62, W-05-02, 37.55258, -2.28484, 500.767
63, W-05-03, 51.91338, 35.41566, 506.071
64, W-05-04, 49.02070, 83.00973, 505.010
65, W-05-05, 31.41621, 115.34484, 498.640
66, W-05-06, 8.43636, 136.18773, 493.320
67, W-05-07, -15.53747, 154.58206, 494.386
68, W-05-08, -37.55258, 177.71516, 500.767
69, W-05-09, -51.91338, -144.58434, 506.071
70, W-05-10, -49.02070, -96.99027, 505.010
71, W-05-11, -31.41621, -64.65516, 498.640
72, W-06-00, 0.58637, 8.00382, 492.865
73, W-06-01, 24.21838, 27.24952, 496.438
74, W-06-02, 44.33853, 54.60077, 503.266
75, W-06-03, 53.16504, 98.77700, 506.523
76, W-06-04, 43.53156, 142.21227, 502.965
77, W-06-05, 23.11284, 168.92475, 496.136
78, W-06-06, -0.58637, -171.99618, 492.865
79, W-06-07, -24.21838, -152.75048, 496.438
80, W-06-08, -44.33853, -125.39923, 503.266
81, W-06-09, -53.16504, -81.22300, 506.523
82, W-06-10, -43.53156, -37.78773, 502.965
83, W-06-11, -23.11284, -11.07525, 496.136
84, W-07-00, 9.60042, 59.84177, 493.453
85, W-07-01, 32.44973, 80.99979, 498.985
86, W-07-02, 49.59268, 114.17117, 505.221
87, W-07-03, 51.54821, 161.98612, 505.938
88, W-07-04, 36.59002, -161.21232, 500.423
89, W-07-05, 14.38943, -138.51244, 494.174
90, W-07-06, -9.60042, -120.15823, 493.453
91, W-07-07, -32.44973, -99.00021, 498.985
92, W-07-08, -49.59268, -65.82883, 505.221
93, W-07-09, -51.54821, -18.01388, 505.938
94, W-07-10, -36.59002, 18.78768, 500.423
95, W-07-11, -14.38943, 41.48756, 494.174

[LINKS]
Type, SourceID, TargetID
ISL, 0, 1
ISL, 0, 23
ISL, 1, 2
ISL, 1, 12
ISL, 2, 3
ISL, 2, 13
ISL, 3, 4
ISL, 3, 14
ISL, 4, 5
ISL, 4, 15
ISL, 5, 6
ISL, 5, 15
ISL, 6, 7
ISL, 6, 17
ISL, 7, 8
ISL, 7, 18
ISL, 8, 9
ISL, 8, 19
ISL, 9, 10
ISL, 9, 20
ISL, 10, 11
ISL, 10, 21
ISL, 11, 0
ISL, 11, 21
ISL, 12, 13
ISL, 12, 35
ISL, 13, 14
ISL, 13, 24
ISL, 14, 15
ISL, 14, 25
ISL, 15, 16
ISL, 15, 26
ISL, 16, 17
ISL, 16, 27
ISL, 17, 18
ISL, 17, 28
ISL, 18, 19
ISL, 18, 29
ISL, 19, 20
ISL, 19, 30
ISL, 20, 21
ISL, 20, 31
ISL, 21, 22
ISL, 21, 32
ISL, 22, 23
ISL, 22, 33
ISL, 23, 12
ISL, 23, 34
ISL, 24, 25
ISL, 24, 47
ISL, 25, 26
ISL, 25, 36
ISL, 26, 27
ISL, 26, 37
ISL, 27, 28
ISL, 27, 38
ISL, 28, 29
ISL, 28, 39
ISL, 29, 30
ISL, 29, 40
ISL, 30, 31
ISL, 30, 41
ISL, 31, 32
ISL, 31, 42
ISL, 32, 33
ISL, 32, 43
ISL, 33, 34
ISL, 33, 44
ISL, 34, 35
ISL, 34, 45
ISL, 35, 24
ISL, 35, 46
ISL, 36, 37
ISL, 36, 59
ISL, 37, 38
ISL, 37, 48
ISL, 38, 39
ISL, 38, 49
ISL, 39, 40
ISL, 39, 50
ISL, 40, 41
ISL, 40, 50
ISL, 41, 42
ISL, 41, 52
ISL, 42, 43
ISL, 42, 53
ISL, 43, 44
ISL, 43, 54
ISL, 44, 45
ISL, 44, 55
ISL, 45, 46
ISL, 45, 56
ISL, 46, 47
ISL, 46, 56
ISL, 47, 36
ISL, 47, 58
ISL, 48, 49
ISL, 48, 71
ISL, 49, 50
ISL, 49, 60
ISL, 50, 51
ISL, 50, 61
ISL, 51, 52
ISL, 51, 62
ISL, 52, 53
ISL, 52, 63
ISL, 53, 54
ISL, 53, 64
ISL, 54, 55
ISL, 54, 65
ISL, 55, 56
ISL, 55, 66
ISL, 56, 57
ISL, 56, 67
ISL, 57, 58
ISL, 57, 68
ISL, 58, 59
ISL, 58, 69
ISL, 59, 48
ISL, 59, 70
ISL, 60, 61
ISL, 60, 83
ISL, 61, 62
ISL, 61, 72
ISL, 62, 63
ISL, 62, 73
ISL, 63, 64
ISL, 63, 73
ISL, 64, 65
ISL, 64, 75
ISL, 65, 66
ISL, 65, 76
ISL, 66, 67
ISL, 66, 77
ISL, 67, 68
ISL, 67, 78
ISL, 68, 69
ISL, 68, 79
ISL, 69, 70
ISL, 69, 79
ISL, 70, 71
ISL, 70, 81
ISL, 71, 60
ISL, 71, 82
ISL, 72, 73
ISL, 72, 95
ISL, 73, 74
ISL, 73, 84
ISL, 74, 75
ISL, 74, 85
ISL, 75, 76
ISL, 75, 85
ISL, 76, 77
ISL, 76, 87
ISL, 77, 78
ISL, 77, 88
ISL, 78, 79
ISL, 78, 89
ISL, 79, 80
ISL, 79, 90
ISL, 80, 81
ISL, 80, 91
ISL, 81, 82
ISL, 81, 91
ISL, 82, 83
ISL, 82, 93
ISL, 83, 72
ISL, 83, 94
ISL, 84, 85
ISL, 84, 2
ISL, 85, 86
ISL, 85, 3
ISL, 86, 87
ISL, 86, 4
ISL, 87, 88
ISL, 87, 5
ISL, 88, 89
ISL, 88, 6
ISL, 89, 90
ISL, 89, 7
ISL, 90, 91
ISL, 90, 8
ISL, 91, 92
ISL, 91, 9
ISL, 92, 93
ISL, 92, 10
ISL, 93, 94
ISL, 93, 11
ISL, 94, 95
ISL, 94, 0
ISL, 95, 84
ISL, 95, 1
