[METADATA]
Time: 2026-04-12 03:38:13
Step: 108
Total_Sats: 96

[NODES]
ID, Name, Lat(deg), Lon(deg), Alt(km)
0, W-00-00, 0.87873, -75.57289, 492.868
1, W-00-01, -22.83611, -56.53265, 496.062
2, W-00-02, -43.32656, -29.97508, 502.889
3, W-00-03, -53.15738, 13.26866, 506.520
4, W-00-04, -44.53579, 57.62228, 503.340
5, W-00-05, -24.49286, 85.13714, 496.515
6, W-00-06, -0.87873, 104.42711, 492.868
7, W-00-07, 22.83611, 123.46735, 496.062
8, W-00-08, 43.32656, 150.02492, 502.889
9, W-00-09, 53.15738, -166.73134, 506.520
10, W-00-10, 44.53579, -122.37772, 503.340
11, W-00-11, 24.49286, -94.86286, 496.515
12, W-01-00, -8.14581, -23.76135, 493.289
13, W-01-01, -31.15674, -2.99373, 498.554
14, W-01-02, -48.87250, 29.13614, 504.955
15, W-01-03, -51.99754, 76.66217, 506.101
16, W-01-04, -37.79002, 114.58690, 500.853
17, W-01-05, -15.82305, 137.83187, 494.441
18, W-01-06, 8.14581, 156.23865, 493.289
19, W-01-07, 31.15674, 177.00627, 498.554
20, W-01-08, 48.87250, -150.86386, 504.955
21, W-01-09, 51.99754, -103.33783, 506.101
22, W-01-10, 37.79002, -65.41310, 500.853
23, W-01-11, 15.82305, -42.16813, 494.441
24, W-02-00, -17.04690, 28.36015, 494.688
25, W-02-01, -38.79809, 52.10360, 501.218
26, W-02-02, -52.32724, 90.98937, 506.221
27, W-02-03, -48.21117, 138.16577, 504.710
28, W-02-04, -30.03416, 169.42977, 498.189
29, W-02-05, -6.89613, -170.11129, 493.169
30, W-02-06, 17.04690, -151.63985, 494.688
31, W-02-07, 38.79809, -127.89640, 501.218
32, W-02-08, 52.32724, -89.01063, 506.221
33, W-02-09, 48.21117, -41.83423, 504.710
34, W-02-10, 30.03416, -10.57023, 498.189
35, W-02-11, 6.89613, 9.88871, 493.169
36, W-03-00, -25.66664, 81.17755, 496.849
37, W-03-01, -45.36469, 109.41494, 503.649
38, W-03-02, -53.08971, 154.49386, 506.496
39, W-03-03, -42.42918, -163.11255, 502.555
40, W-03-04, -21.64249, -137.20083, 495.752
41, W-03-05, 2.13457, -118.31530, 492.892
42, W-03-06, 25.66664, -98.82245, 496.849
43, W-03-07, 45.36469, -70.58506, 503.649
44, W-03-08, 53.08971, -25.50614, 506.496
45, W-03-09, 42.42918, 16.88745, 502.555
46, W-03-10, 21.64249, 42.79917, 495.752
47, W-03-11, -2.13457, 61.68470, 492.892
48, W-04-00, -33.79567, 135.16772, 499.443
49, W-04-01, -50.29075, 169.47204, 505.478
50, W-04-02, -51.00008, -142.55176, 505.738
51, W-04-03, -35.29537, -106.92987, 499.965
52, W-04-04, -12.86776, -84.76488, 493.916
53, W-04-05, 11.13366, -66.43966, 493.654
54, W-04-06, 33.79567, -44.83228, 499.443
55, W-04-07, 50.29075, -10.52796, 505.478
56, W-04-08, 51.00008, 37.44824, 505.738
57, W-04-09, 35.29537, 73.07013, 499.965
58, W-04-10, 12.86776, 95.23512, 493.916
59, W-04-11, -11.13366, 113.56034, 493.654
60, W-05-00, -41.13066, -169.07143, 502.074
61, W-05-01, -52.90100, -127.92942, 506.428
62, W-05-02, -46.47127, -81.94740, 504.062
63, W-05-03, -27.29313, -52.64602, 497.331
64, W-05-04, -3.89060, -32.83408, 492.961
65, W-05-05, 19.96034, -14.13262, 495.338
66, W-05-06, 41.13066, 10.92857, 502.074
67, W-05-07, 52.90100, 52.07058, 506.428
68, W-05-08, 46.47127, 98.05260, 504.062
69, W-05-09, 27.29313, 127.35398, 497.331
70, W-05-10, 3.89060, 147.16592, 492.961
71, W-05-11, -19.96034, 165.86738, 495.338
72, W-06-00, -47.22173, -110.88419, 504.342
73, W-06-01, -52.69976, -64.34635, 506.355
74, W-06-02, -40.17389, -24.13222, 501.722
75, W-06-03, -18.75015, 0.35844, 495.057
76, W-06-04, 5.14441, 18.95104, 493.034
77, W-06-05, 28.44340, 39.01698, 497.685
78, W-06-06, 47.22173, 69.11581, 504.342
79, W-06-07, 52.69976, 115.65365, 506.355
80, W-06-08, 40.17389, 155.86778, 501.722
81, W-06-09, 18.75015, -179.64156, 495.057
82, W-06-10, -5.14441, -161.04896, 493.034
83, W-06-11, -28.44340, -140.98302, 497.685
84, W-07-00, -51.45039, -49.89690, 505.902
85, W-07-01, -49.72956, -2.04004, 505.271
86, W-07-02, -32.70553, 31.34289, 499.071
87, W-07-03, -9.89026, 52.58282, 493.489
88, W-07-04, 14.10260, 70.92947, 494.123
89, W-07-05, 36.34759, 93.52515, 500.336
90, W-07-06, 51.45039, 130.10310, 505.902
91, W-07-07, 49.72956, 177.95996, 505.271
92, W-07-08, 32.70553, -148.65711, 499.071
93, W-07-09, 9.89026, -127.41718, 493.489
94, W-07-10, -14.10260, -109.07053, 494.123
95, W-07-11, -36.34759, -86.47485, 500.336

[LINKS]
Type, SourceID, TargetID
ISL, 0, 1
ISL, 0, 23
ISL, 1, 2
ISL, 1, 12
ISL, 2, 3
ISL, 2, 13
ISL, 3, 4
ISL, 3, 14
ISL, 4, 5
ISL, 4, 15
ISL, 5, 6
ISL, 5, 15
ISL, 6, 7
ISL, 6, 17
ISL, 7, 8
ISL, 7, 18
ISL, 8, 9
ISL, 8, 19
ISL, 9, 10
ISL, 9, 20
ISL, 10, 11
ISL, 10, 21
ISL, 11, 0
ISL, 11, 21
ISL, 12, 13
ISL, 12, 35
ISL, 13, 14
ISL, 13, 24
ISL, 14, 15
ISL, 14, 25
ISL, 15, 16
ISL, 15, 26
ISL, 16, 17
ISL, 16, 27
ISL, 17, 18
ISL, 17, 28
ISL, 18, 19
ISL, 18, 29
ISL, 19, 20
ISL, 19, 30
ISL, 20, 21
ISL, 20, 31
ISL, 21, 22
ISL, 21, 32
ISL, 22, 23
ISL, 22, 33
ISL, 23, 12
ISL, 23, 34
ISL, 24, 25
ISL, 24, 47
ISL, 25, 26
ISL, 25, 36
ISL, 26, 27
ISL, 26, 37
ISL, 27, 28
ISL, 27, 38
ISL, 28, 29
ISL, 28, 39
ISL, 29, 30
ISL, 29, 40
ISL, 30, 31
ISL, 30, 41
ISL, 31, 32
ISL, 31, 42
ISL, 32, 33
ISL, 32, 43
ISL, 33, 34
ISL, 33, 44
ISL, 34, 35
ISL, 34, 45
ISL, 35, 24
ISL, 35, 46
ISL, 36, 37
ISL, 36, 59
ISL, 37, 38
ISL, 37, 48
ISL, 38, 39
ISL, 38, 49
ISL, 39, 40
ISL, 39, 50
ISL, 40, 41
ISL, 40, 50
ISL, 41, 42
ISL, 41, 52
ISL, 42, 43
ISL, 42, 53
ISL, 43, 44
ISL, 43, 54
ISL, 44, 45
ISL, 44, 55
ISL, 45, 46
ISL, 45, 56
ISL, 46, 47
ISL, 46, 56
ISL, 47, 36
ISL, 47, 58
ISL, 48, 49
ISL, 48, 71
ISL, 49, 50
ISL, 49, 60
ISL, 50, 51
ISL, 50, 61
ISL, 51, 52
ISL, 51, 62
ISL, 52, 53
ISL, 52, 63
ISL, 53, 54
ISL, 53, 64
ISL, 54, 55
ISL, 54, 65
ISL, 55, 56
ISL, 55, 66
ISL, 56, 57
ISL, 56, 67
ISL, 57, 58
ISL, 57, 68
ISL, 58, 59
ISL, 58, 69
ISL, 59, 48
ISL, 59, 70
ISL, 60, 61
ISL, 60, 83
ISL, 61, 62
ISL, 61, 72
ISL, 62, 63
ISL, 62, 73
ISL, 63, 64
ISL, 63, 73
ISL, 64, 65
ISL, 64, 75
ISL, 65, 66
ISL, 65, 76
ISL, 66, 67
ISL, 66, 77
ISL, 67, 68
ISL, 67, 78
ISL, 68, 69
ISL, 68, 79
ISL, 69, 70
ISL, 69, 79
ISL, 70, 71
ISL, 70, 81
ISL, 71, 60
ISL, 71, 82
ISL, 72, 73
ISL, 72, 95
ISL, 73, 74
ISL, 73, 84
ISL, 74, 75
ISL, 74, 85
ISL, 75, 76
ISL, 75, 85
ISL, 76, 77
ISL, 76, 87
ISL, 77, 78
ISL, 77, 88
ISL, 78, 79
ISL, 78, 89
ISL, 79, 80
ISL, 79, 90
ISL, 80, 81
ISL, 80, 91
ISL, 81, 82
ISL, 81, 91
ISL, 82, 83
ISL, 82, 93
ISL, 83, 72
ISL, 83, 94
ISL, 84, 85
ISL, 84, 2
ISL, 85, 86
ISL, 85, 3
ISL, 86, 87
ISL, 86, 4
ISL, 87, 88
ISL, 87, 5
ISL, 88, 89
ISL, 88, 6
ISL, 89, 90
ISL, 89, 7
ISL, 90, 91
ISL, 90, 8
ISL, 91, 92
ISL, 91, 9
ISL, 92, 93
ISL, 92, 10
ISL, 93, 94
ISL, 93, 11
ISL, 94, 95
ISL, 94, 0
ISL, 95, 84
ISL, 95, 1
