[METADATA]
Time: 2026-04-12 03:31:43
Step: 95
Total_Sats: 96

[NODES]
ID, Name, Lat(deg), Lon(deg), Alt(km)
0, W-00-00, 20.50559, -89.55003, 495.469
1, W-00-01, -3.32313, -70.79315, 492.934
2, W-00-02, -26.76945, -51.08893, 497.174
3, W-00-03, -46.12059, -22.13819, 503.931
4, W-00-04, -52.97392, 23.56718, 506.454
5, W-00-05, -41.55569, 65.12056, 502.231
6, W-00-06, -20.50559, 90.44997, 495.469
7, W-00-07, 3.32313, 109.20685, 492.934
8, W-00-08, 26.76945, 128.91107, 497.174
9, W-00-09, 46.12059, 157.86181, 503.931
10, W-00-10, 52.97392, -156.43282, 506.454
11, W-00-11, 41.55569, -114.87944, 502.231
12, W-01-00, 11.69499, -37.20302, 493.735
13, W-01-01, -12.30796, -18.88163, 493.827
14, W-01-02, -34.81397, 3.09745, 499.796
15, W-01-03, -50.78072, 38.29037, 505.658
16, W-01-04, -50.52992, 86.28793, 505.566
17, W-01-05, -34.28382, 121.01497, 499.612
18, W-01-06, -11.69499, 142.79698, 493.735
19, W-01-07, 12.30796, 161.11837, 493.827
20, W-01-08, 34.81397, -176.90255, 499.796
21, W-01-09, 50.78072, -141.70963, 505.658
22, W-01-10, 50.52992, -93.71207, 505.566
23, W-01-11, 34.28382, -58.98503, 499.612
24, W-02-00, 2.70241, 14.68900, 492.910
25, W-02-01, -21.10021, 33.51093, 495.615
26, W-02-02, -42.01474, 59.14097, 502.401
27, W-02-03, -53.04065, 101.13703, 506.478
28, W-02-04, -45.72937, 146.52292, 503.785
29, W-02-05, -26.19451, 175.09755, 497.003
30, W-02-06, -2.70241, -165.31100, 492.910
31, W-02-07, 21.10021, -146.48907, 495.615
32, W-02-08, 42.01474, -120.85903, 502.401
33, W-02-09, 53.04065, -78.86297, 506.478
34, W-02-10, 45.72937, -33.47708, 503.785
35, W-02-11, 26.19451, -4.90245, 497.003
36, W-03-00, -6.33024, 66.48008, 493.121
37, W-03-01, -29.52241, 86.80709, 498.025
38, W-03-02, -47.89931, 117.68833, 504.594
39, W-03-03, -52.45911, 164.67686, 506.268
40, W-03-04, -39.24738, -156.00516, 501.382
41, W-03-05, -17.59870, -132.02658, 494.804
42, W-03-06, 6.33024, -113.51992, 493.121
43, W-03-07, 29.52241, -93.19291, 498.025
44, W-03-08, 47.89931, -62.31167, 504.594
45, W-03-09, 52.45911, -15.32314, 506.268
46, W-03-10, 39.24738, 23.99484, 501.382
47, W-03-11, 17.59870, 47.97342, 494.804
48, W-04-00, -15.26788, 118.51006, 494.335
49, W-04-01, -37.32770, 141.53907, 500.687
50, W-04-02, -51.83147, 179.02806, 506.041
51, W-04-03, -49.15846, -133.31840, 505.061
52, W-04-04, -31.66028, -100.78850, 498.721
53, W-04-05, -8.71028, -79.87343, 493.350
54, W-04-06, 15.26788, -61.48994, 494.335
55, W-04-07, 37.32770, -38.46093, 500.687
56, W-04-08, 51.83147, -0.97194, 506.041
57, W-04-09, 49.15846, 46.68160, 505.061
58, W-04-10, 31.66028, 79.21150, 498.721
59, W-04-11, 8.71028, 100.12657, 493.350
60, W-05-00, -23.95907, 171.15223, 496.366
61, W-05-01, -44.15102, -161.64923, 503.196
62, W-05-02, -53.16947, -117.64309, 506.524
63, W-05-03, -43.72353, -74.02956, 503.037
64, W-05-04, -23.37343, -47.16939, 496.206
65, W-05-05, 0.31062, -28.05271, 492.864
66, W-05-06, 23.95907, -8.84777, 496.366
67, W-05-07, 44.15102, 18.35077, 503.196
68, W-05-08, 53.16947, 62.35691, 506.524
69, W-05-09, 43.72353, 105.97044, 503.037
70, W-05-10, 23.37343, 132.83061, 496.206
71, W-05-11, -0.31062, 151.94729, 492.864
72, W-06-00, -32.20778, -135.13843, 498.904
73, W-06-01, -49.46147, -102.16549, 505.173
74, W-06-02, -51.63801, -54.39492, 505.971
75, W-06-03, -36.81779, -17.38219, 500.504
76, W-06-04, -14.65973, 5.41734, 494.223
77, W-06-05, 9.32691, 23.77958, 493.420
78, W-06-06, 32.20778, 44.86157, 498.904
79, W-06-07, 49.46147, 77.83451, 505.173
80, W-06-08, 51.63801, 125.60508, 505.971
81, W-06-09, 36.81779, 162.61781, 500.504
82, W-06-10, 14.65973, -174.58266, 494.223
83, W-06-11, -9.32691, -156.22042, 493.420
84, W-07-00, -39.73374, -79.78824, 501.560
85, W-07-01, -52.59083, -40.00045, 506.316
86, W-07-02, -47.54950, 6.76217, 504.464
87, W-07-03, -28.96008, 37.23149, 497.846
88, W-07-04, -5.71103, 57.41960, 493.073
89, W-07-05, 18.20078, 75.96909, 494.934
90, W-07-06, 39.73374, 100.21176, 501.560
91, W-07-07, 52.59083, 139.99955, 506.316
92, W-07-08, 47.54950, -173.23783, 504.464
93, W-07-09, 28.96008, -142.76851, 497.846
94, W-07-10, 5.71103, -122.58040, 493.073
95, W-07-11, -18.20078, -104.03091, 494.934

[LINKS]
Type, SourceID, TargetID
ISL, 0, 1
ISL, 0, 23
ISL, 1, 2
ISL, 1, 12
ISL, 2, 3
ISL, 2, 13
ISL, 3, 4
ISL, 3, 14
ISL, 4, 5
ISL, 4, 15
ISL, 5, 6
ISL, 5, 15
ISL, 6, 7
ISL, 6, 17
ISL, 7, 8
ISL, 7, 18
ISL, 8, 9
ISL, 8, 19
ISL, 9, 10
ISL, 9, 20
ISL, 10, 11
ISL, 10, 21
ISL, 11, 0
ISL, 11, 21
ISL, 12, 13
ISL, 12, 35
ISL, 13, 14
ISL, 13, 24
ISL, 14, 15
ISL, 14, 25
ISL, 15, 16
ISL, 15, 26
ISL, 16, 17
ISL, 16, 27
ISL, 17, 18
ISL, 17, 28
ISL, 18, 19
ISL, 18, 29
ISL, 19, 20
ISL, 19, 30
ISL, 20, 21
ISL, 20, 31
ISL, 21, 22
ISL, 21, 32
ISL, 22, 23
ISL, 22, 33
ISL, 23, 12
ISL, 23, 34
ISL, 24, 25
ISL, 24, 47
ISL, 25, 26
ISL, 25, 36
ISL, 26, 27
ISL, 26, 37
ISL, 27, 28
ISL, 27, 38
ISL, 28, 29
ISL, 28, 39
ISL, 29, 30
ISL, 29, 40
ISL, 30, 31
ISL, 30, 41
ISL, 31, 32
ISL, 31, 42
ISL, 32, 33
ISL, 32, 43
ISL, 33, 34
ISL, 33, 44
ISL, 34, 35
ISL, 34, 45
ISL, 35, 24
ISL, 35, 46
ISL, 36, 37
ISL, 36, 59
ISL, 37, 38
ISL, 37, 48
ISL, 38, 39
ISL, 38, 49
ISL, 39, 40
ISL, 39, 50
ISL, 40, 41
ISL, 40, 50
ISL, 41, 42
ISL, 41, 52
ISL, 42, 43
ISL, 42, 53
ISL, 43, 44
ISL, 43, 54
ISL, 44, 45
ISL, 44, 55
ISL, 45, 46
ISL, 45, 56
ISL, 46, 47
ISL, 46, 56
ISL, 47, 36
ISL, 47, 58
ISL, 48, 49
ISL, 48, 71
ISL, 49, 50
ISL, 49, 60
ISL, 50, 51
ISL, 50, 61
ISL, 51, 52
ISL, 51, 62
ISL, 52, 53
ISL, 52, 63
ISL, 53, 54
ISL, 53, 64
ISL, 54, 55
ISL, 54, 65
ISL, 55, 56
ISL, 55, 66
ISL, 56, 57
ISL, 56, 67
ISL, 57, 58
ISL, 57, 68
ISL, 58, 59
ISL, 58, 69
ISL, 59, 48
ISL, 59, 70
ISL, 60, 61
ISL, 60, 83
ISL, 61, 62
ISL, 61, 72
ISL, 62, 63
ISL, 62, 73
ISL, 63, 64
ISL, 63, 73
ISL, 64, 65
ISL, 64, 75
ISL, 65, 66
ISL, 65, 76
ISL, 66, 67
ISL, 66, 77
ISL, 67, 68
ISL, 67, 78
ISL, 68, 69
ISL, 68, 79
ISL, 69, 70
ISL, 69, 79
ISL, 70, 71
ISL, 70, 81
ISL, 71, 60
ISL, 71, 82
ISL, 72, 73
ISL, 72, 95
ISL, 73, 74
ISL, 73, 84
ISL, 74, 75
ISL, 74, 85
ISL, 75, 76
ISL, 75, 85
ISL, 76, 77
ISL, 76, 87
ISL, 77, 78
ISL, 77, 88
ISL, 78, 79
ISL, 78, 89
ISL, 79, 80
ISL, 79, 90
ISL, 80, 81
ISL, 80, 91
ISL, 81, 82
ISL, 81, 91
ISL, 82, 83
ISL, 82, 93
ISL, 83, 72
ISL, 83, 94
ISL, 84, 85
ISL, 84, 2
ISL, 85, 86
ISL, 85, 3
ISL, 86, 87
ISL, 86, 4
ISL, 87, 88
ISL, 87, 5
ISL, 88, 89
ISL, 88, 6
ISL, 89, 90
ISL, 89, 7
ISL, 90, 91
ISL, 90, 8
ISL, 91, 92
ISL, 91, 9
ISL, 92, 93
ISL, 92, 10
ISL, 93, 94
ISL, 93, 11
ISL, 94, 95
ISL, 94, 0
ISL, 95, 84
ISL, 95, 1
