[METADATA]
Time: 2026-04-12 03:51:43
Step: 135
Total_Sats: 96

[NODES]
ID, Name, Lat(deg), Lon(deg), Alt(km)
0, W-00-00, -38.12011, -42.31081, 500.972
1, W-00-01, -52.11050, -4.07291, 506.142
2, W-00-02, -48.66171, 43.34951, 504.877
3, W-00-03, -30.79294, 75.19484, 498.435
4, W-00-04, -7.73952, 95.85945, 493.248
5, W-00-05, 16.22173, 114.28527, 494.520
6, W-00-06, 38.12011, 137.68919, 500.972
7, W-00-07, 52.11050, 175.92709, 506.142
8, W-00-08, 48.66171, -136.65049, 504.877
9, W-00-09, 30.79294, -104.80516, 498.435
10, W-00-10, 7.73952, -84.14055, 493.248
11, W-00-11, -16.22173, -65.71473, 494.520
12, W-01-00, -44.80877, 14.76532, 503.442
13, W-01-01, -53.14154, 59.36161, 506.514
14, W-01-02, -43.03757, 102.33347, 502.781
15, W-01-03, -22.44866, 128.67745, 495.960
16, W-01-04, 1.28730, 147.66521, 492.874
17, W-01-05, 24.87567, 167.01892, 496.622
18, W-01-06, 44.80877, -165.23468, 503.442
19, W-01-07, 53.14154, -120.63839, 506.514
20, W-01-08, 43.03757, -77.66653, 502.781
21, W-01-09, 22.44866, -51.32255, 495.960
22, W-01-10, -1.28730, -32.33479, 492.874
23, W-01-11, -24.87567, -12.98108, 496.622
24, W-02-00, -49.91693, 74.55616, 505.340
25, W-02-01, -51.30922, 122.46269, 505.851
26, W-02-02, -36.00718, 158.72868, 500.216
27, W-02-03, -13.70136, -178.81874, 494.054
28, W-02-04, 10.29508, -160.48103, 493.541
29, W-02-05, 33.06175, -139.12435, 499.192
30, W-02-06, 49.91693, -105.44384, 505.340
31, W-02-07, 51.30922, -57.53731, 505.851
32, W-02-08, 36.00718, -21.27132, 500.216
33, W-02-09, 13.70136, 1.18126, 494.054
34, W-02-10, -10.29508, 19.51897, 493.541
35, W-02-11, -33.06175, 40.87565, 499.192
36, W-03-00, -52.77123, 136.96069, 506.381
37, W-03-01, -46.98144, -176.67357, 504.252
38, W-03-02, -28.07038, -146.83746, 497.569
39, W-03-03, -4.73668, -126.85657, 493.008
40, W-03-04, 19.14451, -108.23061, 495.147
41, W-03-05, 40.48764, -83.55773, 501.837
42, W-03-06, 52.77123, -43.03931, 506.381
43, W-03-07, 46.98144, 3.32643, 504.252
44, W-03-08, 28.07038, 33.16254, 497.569
45, W-03-09, 4.73668, 53.14343, 493.008
46, W-03-10, -19.14451, 71.76939, 495.147
47, W-03-11, -40.48764, 96.44227, 501.837
48, W-04-00, -52.84156, -159.45108, 506.406
49, W-04-01, -40.82195, -118.60836, 501.960
50, W-04-02, -19.56736, -93.73615, 495.245
51, W-04-03, 4.29860, -75.07215, 492.982
52, W-04-04, 27.66847, -55.18001, 497.446
53, W-04-05, 46.71921, -25.62254, 504.155
54, W-04-06, 52.84156, 20.54892, 506.406
55, W-04-07, 40.82195, 61.39164, 501.960
56, W-04-08, 19.56736, 86.26385, 495.245
57, W-04-09, -4.29860, 104.92785, 492.982
58, W-04-10, -27.66847, 124.81999, 497.446
59, W-04-11, -46.71921, 154.37746, 504.155
60, W-05-00, -50.11303, -96.94439, 505.413
61, W-05-01, -33.44265, -62.94191, 499.322
62, W-05-02, -10.72952, -41.45685, 493.599
63, W-05-03, 13.26990, -23.12662, 493.981
64, W-05-04, 35.63952, -0.82452, 500.086
65, W-05-05, 51.15187, 35.10737, 505.793
66, W-05-06, 50.11303, 83.05561, 505.413
67, W-05-07, 33.44265, 117.05809, 499.322
68, W-05-08, 10.72952, 138.54315, 493.599
69, W-05-09, -13.26990, 156.87338, 493.981
70, W-05-10, -35.63952, 179.17548, 500.086
71, W-05-11, -51.15187, -144.89263, 505.793
72, W-06-00, -45.09841, -37.01558, 503.550
73, W-06-01, -25.28580, -9.01672, 496.739
74, W-06-02, -1.72609, 10.40786, 492.882
75, W-06-03, 22.03161, 29.34157, 495.852
76, W-06-04, 42.72401, 55.45990, 502.665
77, W-06-05, 53.11790, 98.13462, 506.506
78, W-06-06, 45.09841, 142.98442, 503.550
79, W-06-07, 25.28580, 170.98328, 496.739
80, W-06-08, 1.72609, -169.59214, 492.882
81, W-06-09, -22.03161, -150.65843, 495.852
82, W-06-10, -42.72401, -124.54010, 502.665
83, W-06-11, -53.11790, -81.86538, 506.506
84, W-07-00, -38.47235, 20.18170, 501.100
85, W-07-01, -16.64934, 43.75978, 494.606
86, W-07-02, 7.30288, 62.20819, 493.206
87, W-07-03, 30.40070, 82.76496, 498.307
88, W-07-04, 48.43062, 114.30772, 504.791
89, W-07-05, 52.22571, 161.60793, 506.184
90, W-07-06, 38.47235, -159.81830, 501.100
91, W-07-07, 16.64934, -136.24022, 494.606
92, W-07-08, -7.30288, -117.79181, 493.206
93, W-07-09, -30.40070, -97.23504, 498.307
94, W-07-10, -48.43062, -65.69228, 504.791
95, W-07-11, -52.22571, -18.39207, 506.184

[LINKS]
Type, SourceID, TargetID
ISL, 0, 1
ISL, 0, 23
ISL, 1, 2
ISL, 1, 12
ISL, 2, 3
ISL, 2, 13
ISL, 3, 4
ISL, 3, 14
ISL, 4, 5
ISL, 4, 15
ISL, 5, 6
ISL, 5, 15
ISL, 6, 7
ISL, 6, 17
ISL, 7, 8
ISL, 7, 18
ISL, 8, 9
ISL, 8, 19
ISL, 9, 10
ISL, 9, 20
ISL, 10, 11
ISL, 10, 21
ISL, 11, 0
ISL, 11, 21
ISL, 12, 13
ISL, 12, 35
ISL, 13, 14
ISL, 13, 24
ISL, 14, 15
ISL, 14, 25
ISL, 15, 16
ISL, 15, 26
ISL, 16, 17
ISL, 16, 27
ISL, 17, 18
ISL, 17, 28
ISL, 18, 19
ISL, 18, 29
ISL, 19, 20
ISL, 19, 30
ISL, 20, 21
ISL, 20, 31
ISL, 21, 22
ISL, 21, 32
ISL, 22, 23
ISL, 22, 33
ISL, 23, 12
ISL, 23, 34
ISL, 24, 25
ISL, 24, 47
ISL, 25, 26
ISL, 25, 36
ISL, 26, 27
ISL, 26, 37
ISL, 27, 28
ISL, 27, 38
ISL, 28, 29
ISL, 28, 39
ISL, 29, 30
ISL, 29, 40
ISL, 30, 31
ISL, 30, 41
ISL, 31, 32
ISL, 31, 42
ISL, 32, 33
ISL, 32, 43
ISL, 33, 34
ISL, 33, 44
ISL, 34, 35
ISL, 34, 45
ISL, 35, 24
ISL, 35, 46
ISL, 36, 37
ISL, 36, 59
ISL, 37, 38
ISL, 37, 48
ISL, 38, 39
ISL, 38, 49
ISL, 39, 40
ISL, 39, 50
ISL, 40, 41
ISL, 40, 50
ISL, 41, 42
ISL, 41, 52
ISL, 42, 43
ISL, 42, 53
ISL, 43, 44
ISL, 43, 54
ISL, 44, 45
ISL, 44, 55
ISL, 45, 46
ISL, 45, 56
ISL, 46, 47
ISL, 46, 56
ISL, 47, 36
ISL, 47, 58
ISL, 48, 49
ISL, 48, 71
ISL, 49, 50
ISL, 49, 60
ISL, 50, 51
ISL, 50, 61
ISL, 51, 52
ISL, 51, 62
ISL, 52, 53
ISL, 52, 63
ISL, 53, 54
ISL, 53, 64
ISL, 54, 55
ISL, 54, 65
ISL, 55, 56
ISL, 55, 66
ISL, 56, 57
ISL, 56, 67
ISL, 57, 58
ISL, 57, 68
ISL, 58, 59
ISL, 58, 69
ISL, 59, 48
ISL, 59, 70
ISL, 60, 61
ISL, 60, 83
ISL, 61, 62
ISL, 61, 72
ISL, 62, 63
ISL, 62, 73
ISL, 63, 64
ISL, 63, 73
ISL, 64, 65
ISL, 64, 75
ISL, 65, 66
ISL, 65, 76
ISL, 66, 67
ISL, 66, 77
ISL, 67, 68
ISL, 67, 78
ISL, 68, 69
ISL, 68, 79
ISL, 69, 70
ISL, 69, 79
ISL, 70, 71
ISL, 70, 81
ISL, 71, 60
ISL, 71, 82
ISL, 72, 73
ISL, 72, 95
ISL, 73, 74
ISL, 73, 84
ISL, 74, 75
ISL, 74, 85
ISL, 75, 76
ISL, 75, 85
ISL, 76, 77
ISL, 76, 87
ISL, 77, 78
ISL, 77, 88
ISL, 78, 79
ISL, 78, 89
ISL, 79, 80
ISL, 79, 90
ISL, 80, 81
ISL, 80, 91
ISL, 81, 82
ISL, 81, 91
ISL, 82, 83
ISL, 82, 93
ISL, 83, 72
ISL, 83, 94
ISL, 84, 85
ISL, 84, 2
ISL, 85, 86
ISL, 85, 3
ISL, 86, 87
ISL, 86, 4
ISL, 87, 88
ISL, 87, 5
ISL, 88, 89
ISL, 88, 6
ISL, 89, 90
ISL, 89, 7
ISL, 90, 91
ISL, 90, 8
ISL, 91, 92
ISL, 91, 9
ISL, 92, 93
ISL, 92, 10
ISL, 93, 94
ISL, 93, 11
ISL, 94, 95
ISL, 94, 0
ISL, 95, 84
ISL, 95, 1
