[METADATA]
Time: 2026-04-12 03:44:13
Step: 120
Total_Sats: 96

[NODES]
ID, Name, Lat(deg), Lon(deg), Alt(km)
0, W-00-00, -17.33164, -62.90378, 494.747
1, W-00-01, -39.03035, -39.03982, 501.303
2, W-00-02, -52.39661, 0.06913, 506.246
3, W-00-03, -48.05130, 47.15090, 504.650
4, W-00-04, -29.77052, 78.21677, 498.104
5, W-00-05, -6.60431, 98.60708, 493.144
6, W-00-06, 17.33164, 117.09622, 494.747
7, W-00-07, 39.03035, 140.96018, 501.303
8, W-00-08, 52.39661, -179.93087, 506.246
9, W-00-09, 48.05130, -132.84910, 504.650
10, W-00-10, 29.77052, -101.78323, 498.104
11, W-00-11, 6.60431, -81.39292, 493.144
12, W-01-00, -25.93914, -10.05646, 496.928
13, W-01-01, -45.55359, 18.35406, 503.720
14, W-01-02, -53.06583, 63.59302, 506.487
15, W-01-03, -42.21608, 105.78250, 502.476
16, W-01-04, -21.36298, 131.54814, 495.681
17, W-01-05, 2.42746, 150.40037, 492.901
18, W-01-06, 25.93914, 169.94354, 496.928
19, W-01-07, 45.55359, -161.64594, 503.720
20, W-01-08, 53.06583, -116.40698, 506.487
21, W-01-09, 42.21608, -74.21750, 502.476
22, W-01-10, 21.36298, -48.45186, 495.681
23, W-01-11, -2.42746, -29.59963, 492.901
24, W-02-00, -34.04783, 43.98107, 499.530
25, W-02-01, -50.41526, 78.50299, 505.524
26, W-02-02, -50.88814, 126.49276, 505.697
27, W-02-03, -35.04749, 161.89308, 499.878
28, W-02-04, -12.57913, -176.03850, 493.870
29, W-02-05, 11.42326, -157.71571, 493.695
30, W-02-06, 34.04783, -136.01893, 499.530
31, W-02-07, 50.41526, -101.49701, 505.524
32, W-02-08, 50.88814, -53.50724, 505.697
33, W-02-09, 35.04749, -18.10692, 499.878
34, W-02-10, 12.57913, 3.96150, 493.870
35, W-02-11, -11.42326, 22.28429, 493.695
36, W-03-00, -41.35049, 99.81047, 502.155
37, W-03-01, -52.94003, 141.16538, 506.442
38, W-03-02, -46.29126, -172.99339, 503.995
39, W-03-03, -27.02329, -143.87365, 497.250
40, W-03-04, -3.59794, -124.11782, 492.947
41, W-03-05, 20.24173, -105.38826, 495.405
42, W-03-06, 41.35049, -80.18953, 502.155
43, W-03-07, 52.94003, -38.83462, 506.442
44, W-03-08, 46.29126, 7.00661, 503.995
45, W-03-09, 27.02329, 36.12635, 497.250
46, W-03-10, 3.59794, 55.88218, 492.947
47, W-03-11, -20.24173, 74.61174, 495.405
48, W-04-00, -47.39171, 158.08578, 504.405
49, W-04-01, -52.64496, -155.25832, 506.336
50, W-04-02, -39.94744, -115.26364, 501.638
51, W-04-03, -18.46695, -90.90166, 494.993
52, W-04-04, 5.43669, -72.33177, 493.053
53, W-04-05, 28.71017, -52.20339, 497.768
54, W-04-06, 47.39171, -21.91422, 504.405
55, W-04-07, 52.64496, 24.74168, 506.336
56, W-04-08, 39.94744, 64.73636, 501.638
57, W-04-09, 18.46695, 89.09834, 494.993
58, W-04-10, -5.43669, 107.66823, 493.053
59, W-04-11, -28.71017, 127.79661, 497.768
60, W-05-00, -51.54843, -140.83905, 505.938
61, W-05-01, -49.59238, -93.02420, 505.221
62, W-05-02, -32.44916, -59.85330, 498.985
63, W-05-03, -9.59978, -38.69546, 493.453
64, W-05-04, 14.39006, -20.34123, 494.174
65, W-05-05, 36.59056, 2.35888, 500.423
66, W-05-06, 51.54843, 39.16095, 505.938
67, W-05-07, 49.59238, 86.97580, 505.221
68, W-05-08, 32.44916, 120.14670, 498.985
69, W-05-09, 9.59978, 141.30454, 493.453
70, W-05-10, -14.39006, 159.65877, 494.174
71, W-05-11, -36.59056, -177.64112, 500.423
72, W-06-00, -53.16506, -77.62985, 506.523
73, W-06-01, -44.33809, -33.45402, 503.266
74, W-06-02, -24.21777, -6.10312, 496.438
75, W-06-03, -0.58572, 13.14247, 492.865
76, W-06-04, 23.11345, 32.22163, 496.136
77, W-06-05, 43.53201, 58.93446, 502.966
78, W-06-06, 53.16506, 102.37015, 506.523
79, W-06-07, 44.33809, 146.54598, 503.266
80, W-06-08, 24.21777, 173.89688, 496.438
81, W-06-09, 0.58572, -166.85753, 492.865
82, W-06-10, -23.11345, -147.77837, 496.136
83, W-06-11, -43.53201, -121.06554, 502.966
84, W-07-00, -51.91319, -14.26858, 506.071
85, W-07-01, -37.55205, 23.43142, 500.767
86, W-07-02, -15.53684, 46.56427, 494.386
87, W-07-03, 8.43700, 64.95858, 493.320
88, W-07-04, 31.41679, 85.80164, 498.640
89, W-07-05, 49.02103, 118.13720, 505.010
90, W-07-06, 51.91319, 165.73142, 506.071
91, W-07-07, 37.55205, -156.56858, 500.767
92, W-07-08, 15.53684, -133.43573, 494.386
93, W-07-09, -8.43700, -115.04142, 493.320
94, W-07-10, -31.41679, -94.19836, 498.640
95, W-07-11, -49.02103, -61.86280, 505.010

[LINKS]
Type, SourceID, TargetID
ISL, 0, 1
ISL, 0, 23
ISL, 1, 2
ISL, 1, 12
ISL, 2, 3
ISL, 2, 13
ISL, 3, 4
ISL, 3, 14
ISL, 4, 5
ISL, 4, 15
ISL, 5, 6
ISL, 5, 15
ISL, 6, 7
ISL, 6, 17
ISL, 7, 8
ISL, 7, 18
ISL, 8, 9
ISL, 8, 19
ISL, 9, 10
ISL, 9, 20
ISL, 10, 11
ISL, 10, 21
ISL, 11, 0
ISL, 11, 21
ISL, 12, 13
ISL, 12, 35
ISL, 13, 14
ISL, 13, 24
ISL, 14, 15
ISL, 14, 25
ISL, 15, 16
ISL, 15, 26
ISL, 16, 17
ISL, 16, 27
ISL, 17, 18
ISL, 17, 28
ISL, 18, 19
ISL, 18, 29
ISL, 19, 20
ISL, 19, 30
ISL, 20, 21
ISL, 20, 31
ISL, 21, 22
ISL, 21, 32
ISL, 22, 23
ISL, 22, 33
ISL, 23, 12
ISL, 23, 34
ISL, 24, 25
ISL, 24, 47
ISL, 25, 26
ISL, 25, 36
ISL, 26, 27
ISL, 26, 37
ISL, 27, 28
ISL, 27, 38
ISL, 28, 29
ISL, 28, 39
ISL, 29, 30
ISL, 29, 40
ISL, 30, 31
ISL, 30, 41
ISL, 31, 32
ISL, 31, 42
ISL, 32, 33
ISL, 32, 43
ISL, 33, 34
ISL, 33, 44
ISL, 34, 35
ISL, 34, 45
ISL, 35, 24
ISL, 35, 46
ISL, 36, 37
ISL, 36, 59
ISL, 37, 38
ISL, 37, 48
ISL, 38, 39
ISL, 38, 49
ISL, 39, 40
ISL, 39, 50
ISL, 40, 41
ISL, 40, 50
ISL, 41, 42
ISL, 41, 52
ISL, 42, 43
ISL, 42, 53
ISL, 43, 44
ISL, 43, 54
ISL, 44, 45
ISL, 44, 55
ISL, 45, 46
ISL, 45, 56
ISL, 46, 47
ISL, 46, 56
ISL, 47, 36
ISL, 47, 58
ISL, 48, 49
ISL, 48, 71
ISL, 49, 50
ISL, 49, 60
ISL, 50, 51
ISL, 50, 61
ISL, 51, 52
ISL, 51, 62
ISL, 52, 53
ISL, 52, 63
ISL, 53, 54
ISL, 53, 64
ISL, 54, 55
ISL, 54, 65
ISL, 55, 56
ISL, 55, 66
ISL, 56, 57
ISL, 56, 67
ISL, 57, 58
ISL, 57, 68
ISL, 58, 59
ISL, 58, 69
ISL, 59, 48
ISL, 59, 70
ISL, 60, 61
ISL, 60, 83
ISL, 61, 62
ISL, 61, 72
ISL, 62, 63
ISL, 62, 73
ISL, 63, 64
ISL, 63, 73
ISL, 64, 65
ISL, 64, 75
ISL, 65, 66
ISL, 65, 76
ISL, 66, 67
ISL, 66, 77
ISL, 67, 68
ISL, 67, 78
ISL, 68, 69
ISL, 68, 79
ISL, 69, 70
ISL, 69, 79
ISL, 70, 71
ISL, 70, 81
ISL, 71, 60
ISL, 71, 82
ISL, 72, 73
ISL, 72, 95
ISL, 73, 74
ISL, 73, 84
ISL, 74, 75
ISL, 74, 85
ISL, 75, 76
ISL, 75, 85
ISL, 76, 77
ISL, 76, 87
ISL, 77, 78
ISL, 77, 88
ISL, 78, 79
ISL, 78, 89
ISL, 79, 80
ISL, 79, 90
ISL, 80, 81
ISL, 80, 91
ISL, 81, 82
ISL, 81, 91
ISL, 82, 83
ISL, 82, 93
ISL, 83, 72
ISL, 83, 94
ISL, 84, 85
ISL, 84, 2
ISL, 85, 86
ISL, 85, 3
ISL, 86, 87
ISL, 86, 4
ISL, 87, 88
ISL, 87, 5
ISL, 88, 89
ISL, 88, 6
ISL, 89, 90
ISL, 89, 7
ISL, 90, 91
ISL, 90, 8
ISL, 91, 92
ISL, 91, 9
ISL, 92, 93
ISL, 92, 10
ISL, 93, 94
ISL, 93, 11
ISL, 94, 95
ISL, 94, 0
ISL, 95, 84
ISL, 95, 1
