[METADATA]
Time: 2026-04-12 03:15:43
Step: 63
Total_Sats: 96

[NODES]
ID, Name, Lat(deg), Lon(deg), Alt(km)
0, W-00-00, 53.05564, -154.02602, 506.483
1, W-00-01, 42.13211, -111.91714, 502.445
2, W-00-02, 21.25323, -86.20835, 495.654
3, W-00-03, -2.54234, -67.36889, 492.905
4, W-00-04, -26.04589, -47.80567, 496.960
5, W-00-05, -45.62722, -19.32677, 503.747
6, W-00-06, -53.05564, 25.97398, 506.483
7, W-00-07, -42.13211, 68.08286, 502.445
8, W-00-08, -21.25323, 93.79165, 495.654
9, W-00-09, 2.54234, 112.63111, 492.905
10, W-00-10, 26.04589, 132.19433, 496.960
11, W-00-11, 45.62722, 160.67323, 503.747
12, W-01-00, 50.84353, -91.14825, 505.681
13, W-01-01, 34.95002, -55.83466, 499.844
14, W-01-02, 12.46586, -33.80372, 493.852
15, W-01-03, -11.53681, -15.48162, 493.712
16, W-01-04, -34.14652, 6.25062, 499.564
17, W-01-05, -50.46343, 40.85814, 505.541
18, W-01-06, -50.84353, 88.85175, 505.681
19, W-01-07, -34.95002, 124.16534, 499.844
20, W-01-08, -12.46586, 146.19628, 493.852
21, W-01-09, 11.53681, 164.51838, 493.712
22, W-01-10, 34.14652, -173.74938, 499.564
23, W-01-11, 50.46343, -139.14186, 505.541
24, W-02-00, 46.22015, -30.67000, 503.968
25, W-02-01, 26.91730, -1.62105, 497.218
26, W-02-02, 3.48313, 18.11309, 492.941
27, W-02-03, -20.35201, 36.85395, 495.432
28, W-02-04, -41.43637, 62.10710, 502.187
29, W-02-05, -52.95451, 103.54510, 506.447
30, W-02-06, -46.22015, 149.33000, 503.968
31, W-02-07, -26.91730, 178.37895, 497.218
32, W-02-08, -3.48313, -161.88691, 492.941
33, W-02-09, 20.35201, -143.14605, 495.432
34, W-02-10, 41.43637, -117.89290, 502.187
35, W-02-11, 52.95451, -76.45490, 506.447
36, W-03-00, 39.85828, 27.02639, 501.606
37, W-03-01, 18.35577, 51.33834, 494.969
38, W-03-02, -5.55132, 69.89960, 493.062
39, W-03-03, -28.81465, 90.05280, 497.801
40, W-03-04, -47.45784, 120.41708, 504.430
41, W-03-05, -52.62266, 167.11805, 506.328
42, W-03-06, -39.85828, -152.97361, 501.606
43, W-03-07, -18.35577, -128.66166, 494.969
44, W-03-08, 5.55132, -110.10040, 493.062
45, W-03-09, 28.81465, -89.94720, 497.801
46, W-03-10, 47.45784, -59.58292, 504.430
47, W-03-11, 52.62266, -12.88195, 506.328
48, W-04-00, 32.34839, 82.41152, 498.951
49, W-04-01, 9.48579, 103.53752, 493.439
50, W-04-02, -14.50276, 121.89500, 494.194
51, W-04-03, -36.68560, 144.63648, 500.457
52, W-04-04, -51.58615, -178.47346, 505.952
53, W-04-05, -49.53793, -130.67654, 505.201
54, W-04-06, -32.34839, -97.58848, 498.951
55, W-04-07, -9.48579, -76.46248, 493.439
56, W-04-08, 14.50276, -58.10500, 494.194
57, W-04-09, 36.68560, -35.36352, 500.457
58, W-04-10, 51.58615, 1.52654, 505.952
59, W-04-11, 49.53793, 49.32346, 505.201
60, W-05-00, 24.10973, 136.14457, 496.408
61, W-05-01, 0.47078, 155.37306, 492.864
62, W-05-02, -23.22212, 174.46778, 496.166
63, W-05-03, -43.61219, -158.75802, 502.995
64, W-05-04, -53.16723, -115.24773, 506.524
65, W-05-05, -44.26010, -71.14248, 503.237
66, W-05-06, -24.10973, -43.85543, 496.408
67, W-05-07, -0.47078, -24.62694, 492.864
68, W-05-08, 23.22212, -5.53222, 496.166
69, W-05-09, 43.61219, 21.24198, 502.995
70, W-05-10, 53.16723, 64.75227, 506.524
71, W-05-11, 44.26010, 108.85752, 503.237
72, W-06-00, 15.42449, -171.19862, 494.365
73, W-06-01, -8.55119, -152.80894, 493.332
74, W-06-02, -31.51860, -131.93594, 498.674
75, W-06-03, -49.07869, -99.51932, 505.031
76, W-06-04, -51.87934, -51.89976, 506.058
77, W-06-05, -37.45842, -14.28792, 500.734
78, W-06-06, -15.42449, 8.80138, 494.365
79, W-06-07, 8.55119, 27.19106, 493.332
80, W-06-08, 31.51860, 48.06406, 498.674
81, W-06-09, 49.07869, 80.48068, 505.031
82, W-06-10, 51.87934, 128.10024, 506.058
83, W-06-11, 37.45842, 165.71208, 500.734
84, W-07-00, 6.48981, -119.16122, 493.134
85, W-07-01, -17.44325, -100.66487, 494.771
86, W-07-02, -39.12115, -76.75319, 501.336
87, W-07-03, -52.42303, -37.55684, 506.255
88, W-07-04, -47.98802, 9.48649, 504.627
89, W-07-05, -29.66692, 40.47506, 498.071
90, W-07-06, -6.48981, 60.83878, 493.134
91, W-07-07, 17.44325, 79.33513, 494.771
92, W-07-08, 39.12115, 103.24681, 501.336
93, W-07-09, 52.42303, 142.44316, 506.255
94, W-07-10, 47.98802, -170.51351, 504.627
95, W-07-11, 29.66692, -139.52494, 498.071

[LINKS]
Type, SourceID, TargetID
ISL, 0, 1
ISL, 0, 23
ISL, 1, 2
ISL, 1, 12
ISL, 2, 3
ISL, 2, 13
ISL, 3, 4
ISL, 3, 14
ISL, 4, 5
ISL, 4, 15
ISL, 5, 6
ISL, 5, 15
ISL, 6, 7
ISL, 6, 17
ISL, 7, 8
ISL, 7, 18
ISL, 8, 9
ISL, 8, 19
ISL, 9, 10
ISL, 9, 20
ISL, 10, 11
ISL, 10, 21
ISL, 11, 0
ISL, 11, 21
ISL, 12, 13
ISL, 12, 35
ISL, 13, 14
ISL, 13, 24
ISL, 14, 15
ISL, 14, 25
ISL, 15, 16
ISL, 15, 26
ISL, 16, 17
ISL, 16, 27
ISL, 17, 18
ISL, 17, 28
ISL, 18, 19
ISL, 18, 29
ISL, 19, 20
ISL, 19, 30
ISL, 20, 21
ISL, 20, 31
ISL, 21, 22
ISL, 21, 32
ISL, 22, 23
ISL, 22, 33
ISL, 23, 12
ISL, 23, 34
ISL, 24, 25
ISL, 24, 47
ISL, 25, 26
ISL, 25, 36
ISL, 26, 27
ISL, 26, 37
ISL, 27, 28
ISL, 27, 38
ISL, 28, 29
ISL, 28, 39
ISL, 29, 30
ISL, 29, 40
ISL, 30, 31
ISL, 30, 41
ISL, 31, 32
ISL, 31, 42
ISL, 32, 33
ISL, 32, 43
ISL, 33, 34
ISL, 33, 44
ISL, 34, 35
ISL, 34, 45
ISL, 35, 24
ISL, 35, 46
ISL, 36, 37
ISL, 36, 59
ISL, 37, 38
ISL, 37, 48
ISL, 38, 39
ISL, 38, 49
ISL, 39, 40
ISL, 39, 50
ISL, 40, 41
ISL, 40, 50
ISL, 41, 42
ISL, 41, 52
ISL, 42, 43
ISL, 42, 53
ISL, 43, 44
ISL, 43, 54
ISL, 44, 45
ISL, 44, 55
ISL, 45, 46
ISL, 45, 56
ISL, 46, 47
ISL, 46, 56
ISL, 47, 36
ISL, 47, 58
ISL, 48, 49
ISL, 48, 71
ISL, 49, 50
ISL, 49, 60
ISL, 50, 51
ISL, 50, 61
ISL, 51, 52
ISL, 51, 62
ISL, 52, 53
ISL, 52, 63
ISL, 53, 54
ISL, 53, 64
ISL, 54, 55
ISL, 54, 65
ISL, 55, 56
ISL, 55, 66
ISL, 56, 57
ISL, 56, 67
ISL, 57, 58
ISL, 57, 68
ISL, 58, 59
ISL, 58, 69
ISL, 59, 48
ISL, 59, 70
ISL, 60, 61
ISL, 60, 83
ISL, 61, 62
ISL, 61, 72
ISL, 62, 63
ISL, 62, 73
ISL, 63, 64
ISL, 63, 73
ISL, 64, 65
ISL, 64, 75
ISL, 65, 66
ISL, 65, 76
ISL, 66, 67
ISL, 66, 77
ISL, 67, 68
ISL, 67, 78
ISL, 68, 69
ISL, 68, 79
ISL, 69, 70
ISL, 69, 79
ISL, 70, 71
ISL, 70, 81
ISL, 71, 60
ISL, 71, 82
ISL, 72, 73
ISL, 72, 95
ISL, 73, 74
ISL, 73, 84
ISL, 74, 75
ISL, 74, 85
ISL, 75, 76
ISL, 75, 85
ISL, 76, 77
ISL, 76, 87
ISL, 77, 78
ISL, 77, 88
ISL, 78, 79
ISL, 78, 89
ISL, 79, 80
ISL, 79, 90
ISL, 80, 81
ISL, 80, 91
ISL, 81, 82
ISL, 81, 91
ISL, 82, 83
ISL, 82, 93
ISL, 83, 72
ISL, 83, 94
ISL, 84, 85
ISL, 84, 2
ISL, 85, 86
ISL, 85, 3
ISL, 86, 87
ISL, 86, 4
ISL, 87, 88
ISL, 87, 5
ISL, 88, 89
ISL, 88, 6
ISL, 89, 90
ISL, 89, 7
ISL, 90, 91
ISL, 90, 8
ISL, 91, 92
ISL, 91, 9
ISL, 92, 93
ISL, 92, 10
ISL, 93, 94
ISL, 93, 11
ISL, 94, 95
ISL, 94, 0
ISL, 95, 84
ISL, 95, 1
