[METADATA]
Time: 2026-04-12 03:58:43
Step: 149
Total_Sats: 96

[NODES]
ID, Name, Lat(deg), Lon(deg), Alt(km)
0, W-00-00, -51.27495, -10.99990, 505.838
1, W-00-01, -49.96075, 36.91688, 505.357
2, W-00-02, -33.14611, 70.66837, 499.221
3, W-00-03, -10.39115, 92.05316, 493.553
4, W-00-04, 13.60602, 110.38903, 494.038
5, W-00-05, 35.92608, 132.80805, 500.187
6, W-00-06, 51.27495, 169.00010, 505.838
7, W-00-07, 49.96075, -143.08312, 505.357
8, W-00-08, 33.14611, -109.33163, 499.221
9, W-00-09, 10.39115, -87.94684, 493.553
10, W-00-10, -13.60602, -69.61097, 494.038
11, W-00-11, -35.92608, -47.19195, 500.187
12, W-01-00, -53.13691, 52.08526, 506.513
13, W-01-01, -44.87312, 96.73823, 503.466
14, W-01-02, -24.96643, 124.54011, 496.648
15, W-01-03, -1.38431, 143.90927, 492.875
16, W-01-04, 22.35654, 162.88488, 495.936
17, W-01-05, 42.96853, -170.82136, 502.756
18, W-01-06, 53.13691, -127.91474, 506.513
19, W-01-07, 44.87312, -83.26177, 503.466
20, W-01-08, 24.96643, -55.45989, 496.648
21, W-01-09, 1.38431, -36.09073, 492.875
22, W-01-10, -22.35654, -17.11512, 495.936
23, W-01-11, -42.96853, 9.17864, 502.756
24, W-02-00, -52.13651, 115.52882, 506.152
25, W-02-01, -38.19819, 153.84102, 501.001
26, W-02-02, -16.31632, 177.28314, 494.539
27, W-02-03, 7.64302, -164.28624, 493.238
28, W-02-04, 30.70636, -143.64571, 498.407
29, W-02-05, 48.61104, -111.86755, 504.858
30, W-02-06, 52.13651, -64.47118, 506.152
31, W-02-07, 38.19819, -26.15898, 501.001
32, W-02-08, 16.31632, -2.71686, 494.539
33, W-02-09, -7.64302, 15.71376, 493.238
34, W-02-10, -30.70636, 36.35429, 498.407
35, W-02-11, -48.61104, 68.13245, 504.858
36, W-03-00, -48.48212, 177.17540, 504.810
37, W-03-01, -30.48754, -151.21523, 498.335
38, W-03-02, -7.39943, -130.63487, 493.215
39, W-03-03, 16.55487, -112.19164, 494.587
40, W-03-04, 38.39469, -88.65237, 501.072
41, W-03-05, 52.20079, -50.15279, 506.175
42, W-03-06, 48.48212, -2.82460, 504.810
43, W-03-07, 30.48754, 28.78477, 498.335
44, W-03-08, 7.39943, 49.36513, 493.215
45, W-03-09, -16.55487, 67.80836, 494.587
46, W-03-10, -38.39469, 91.34763, 501.072
47, W-03-11, -52.20079, 129.84721, 506.175
48, W-04-00, -42.79360, -123.94673, 502.691
49, W-04-01, -22.12388, -97.77886, 495.876
50, W-04-02, 1.62910, -78.83340, 492.880
51, W-04-03, 25.19523, -59.42470, 496.713
52, W-04-04, 45.03470, -31.48199, 503.526
53, W-04-05, 53.12371, 13.31242, 506.508
54, W-04-06, 42.79360, 56.05327, 502.691
55, W-04-07, 22.12388, 82.22114, 495.876
56, W-04-08, -1.62910, 101.16660, 492.880
57, W-04-09, -25.19523, 120.57530, 496.713
58, W-04-10, -45.03470, 148.51801, 503.526
59, W-04-11, -53.12371, -166.68758, 506.508
60, W-05-00, -35.72098, -67.63796, 500.114
61, W-05-01, -13.36532, -45.30288, 493.997
62, W-05-02, 10.63351, -26.97118, 493.586
63, W-05-03, 33.35860, -5.51477, 499.293
64, W-05-04, 50.07015, 28.41633, 505.397
65, W-05-05, 51.18716, 76.35639, 505.806
66, W-05-06, 35.72098, 112.36204, 500.114
67, W-05-07, 13.36532, 134.69712, 493.997
68, W-05-08, -10.63351, 153.02882, 493.586
69, W-05-09, -33.35860, 174.48523, 499.293
70, W-05-10, -50.07015, -151.58367, 505.397
71, W-05-11, -51.18716, -103.64361, 505.806
72, W-06-00, -27.75743, -13.26527, 497.473
73, W-06-01, -4.39546, 6.64626, 492.988
74, W-06-02, 19.47394, 25.30165, 495.223
75, W-06-03, 40.74829, 50.12948, 501.933
76, W-06-04, 52.82659, 90.90074, 506.401
77, W-06-05, 46.77755, 137.11598, 504.176
78, W-06-06, 27.75743, 166.73473, 497.473
79, W-06-07, 4.39546, -173.35374, 492.988
80, W-06-08, -19.47394, -154.69835, 495.223
81, W-06-09, -40.74829, -129.87052, 501.933
82, W-06-10, -52.82659, -89.09926, 506.401
83, W-06-11, -46.77755, -42.88402, 504.176
84, W-07-00, -19.23805, 39.79643, 495.168
85, W-07-01, 4.63985, 58.43061, 493.002
86, W-07-02, 27.98165, 78.39165, 497.542
87, W-07-03, 46.92384, 108.16584, 504.231
88, W-07-04, 52.78735, 154.48947, 506.387
89, W-07-05, 40.56179, -164.92019, 501.864
90, W-07-06, 19.23805, -140.20357, 495.168
91, W-07-07, -4.63985, -121.56939, 493.002
92, W-07-08, -27.98165, -101.60835, 497.542
93, W-07-09, -46.92384, -71.83416, 504.231
94, W-07-10, -52.78735, -25.51053, 506.387
95, W-07-11, -40.56179, 15.07981, 501.864

[LINKS]
Type, SourceID, TargetID
ISL, 0, 1
ISL, 0, 23
ISL, 1, 2
ISL, 1, 12
ISL, 2, 3
ISL, 2, 13
ISL, 3, 4
ISL, 3, 14
ISL, 4, 5
ISL, 4, 15
ISL, 5, 6
ISL, 5, 15
ISL, 6, 7
ISL, 6, 17
ISL, 7, 8
ISL, 7, 18
ISL, 8, 9
ISL, 8, 19
ISL, 9, 10
ISL, 9, 20
ISL, 10, 11
ISL, 10, 21
ISL, 11, 0
ISL, 11, 21
ISL, 12, 13
ISL, 12, 35
ISL, 13, 14
ISL, 13, 24
ISL, 14, 15
ISL, 14, 25
ISL, 15, 16
ISL, 15, 26
ISL, 16, 17
ISL, 16, 27
ISL, 17, 18
ISL, 17, 28
ISL, 18, 19
ISL, 18, 29
ISL, 19, 20
ISL, 19, 30
ISL, 20, 21
ISL, 20, 31
ISL, 21, 22
ISL, 21, 32
ISL, 22, 23
ISL, 22, 33
ISL, 23, 12
ISL, 23, 34
ISL, 24, 25
ISL, 24, 47
ISL, 25, 26
ISL, 25, 36
ISL, 26, 27
ISL, 26, 37
ISL, 27, 28
ISL, 27, 38
ISL, 28, 29
ISL, 28, 39
ISL, 29, 30
ISL, 29, 40
ISL, 30, 31
ISL, 30, 41
ISL, 31, 32
ISL, 31, 42
ISL, 32, 33
ISL, 32, 43
ISL, 33, 34
ISL, 33, 44
ISL, 34, 35
ISL, 34, 45
ISL, 35, 24
ISL, 35, 46
ISL, 36, 37
ISL, 36, 59
ISL, 37, 38
ISL, 37, 48
ISL, 38, 39
ISL, 38, 49
ISL, 39, 40
ISL, 39, 50
ISL, 40, 41
ISL, 40, 50
ISL, 41, 42
ISL, 41, 52
ISL, 42, 43
ISL, 42, 53
ISL, 43, 44
ISL, 43, 54
ISL, 44, 45
ISL, 44, 55
ISL, 45, 46
ISL, 45, 56
ISL, 46, 47
ISL, 46, 56
ISL, 47, 36
ISL, 47, 58
ISL, 48, 49
ISL, 48, 71
ISL, 49, 50
ISL, 49, 60
ISL, 50, 51
ISL, 50, 61
ISL, 51, 52
ISL, 51, 62
ISL, 52, 53
ISL, 52, 63
ISL, 53, 54
ISL, 53, 64
ISL, 54, 55
ISL, 54, 65
ISL, 55, 56
ISL, 55, 66
ISL, 56, 57
ISL, 56, 67
ISL, 57, 58
ISL, 57, 68
ISL, 58, 59
ISL, 58, 69
ISL, 59, 48
ISL, 59, 70
ISL, 60, 61
ISL, 60, 83
ISL, 61, 62
ISL, 61, 72
ISL, 62, 63
ISL, 62, 73
ISL, 63, 64
ISL, 63, 73
ISL, 64, 65
ISL, 64, 75
ISL, 65, 66
ISL, 65, 76
ISL, 66, 67
ISL, 66, 77
ISL, 67, 68
ISL, 67, 78
ISL, 68, 69
ISL, 68, 79
ISL, 69, 70
ISL, 69, 79
ISL, 70, 71
ISL, 70, 81
ISL, 71, 60
ISL, 71, 82
ISL, 72, 73
ISL, 72, 95
ISL, 73, 74
ISL, 73, 84
ISL, 74, 75
ISL, 74, 85
ISL, 75, 76
ISL, 75, 85
ISL, 76, 77
ISL, 76, 87
ISL, 77, 78
ISL, 77, 88
ISL, 78, 79
ISL, 78, 89
ISL, 79, 80
ISL, 79, 90
ISL, 80, 81
ISL, 80, 91
ISL, 81, 82
ISL, 81, 91
ISL, 82, 83
ISL, 82, 93
ISL, 83, 72
ISL, 83, 94
ISL, 84, 85
ISL, 84, 2
ISL, 85, 86
ISL, 85, 3
ISL, 86, 87
ISL, 86, 4
ISL, 87, 88
ISL, 87, 5
ISL, 88, 89
ISL, 88, 6
ISL, 89, 90
ISL, 89, 7
ISL, 90, 91
ISL, 90, 8
ISL, 91, 92
ISL, 91, 9
ISL, 92, 93
ISL, 92, 10
ISL, 93, 94
ISL, 93, 11
ISL, 94, 95
ISL, 94, 0
ISL, 95, 84
ISL, 95, 1
