[METADATA]
Time: 2026-04-12 04:12:13
Step: 176
Total_Sats: 96

[NODES]
ID, Name, Lat(deg), Lon(deg), Alt(km)
0, W-00-00, -38.87512, 59.42442, 501.246
1, W-00-01, -17.14121, 83.20759, 494.707
2, W-00-02, 6.79951, 101.68478, 493.160
3, W-00-03, 29.94693, 122.12085, 498.160
4, W-00-04, 48.15847, 153.31908, 504.690
5, W-00-05, 52.35053, -159.53531, 506.229
6, W-00-06, 38.87512, -120.57558, 501.246
7, W-00-07, 17.14121, -96.79241, 494.707
8, W-00-08, -6.79951, -78.31522, 493.160
9, W-00-09, -29.94693, -57.87915, 498.160
10, W-00-10, -48.15847, -26.68092, 504.690
11, W-00-11, -52.35053, 20.46469, 506.229
12, W-01-00, -31.24292, 114.54193, 498.583
13, W-01-01, -8.24224, 135.33439, 493.299
14, W-01-02, 15.72831, 153.73693, 494.423
15, W-01-03, 37.71134, 176.94460, 500.825
16, W-01-04, 51.96992, -145.20507, 506.091
17, W-01-05, 48.92192, -97.65590, 504.973
18, W-01-06, 31.24292, -65.45807, 498.583
19, W-01-07, 8.24224, -44.66561, 493.299
20, W-01-08, -15.72831, -26.26307, 494.423
21, W-01-09, -37.71134, -3.05540, 500.825
22, W-01-10, -51.96992, 34.79493, 506.091
23, W-01-11, -48.92192, 82.34410, 504.973
24, W-02-00, -22.92799, 168.09439, 496.087
25, W-02-01, 0.78171, -172.85260, 492.867
26, W-02-02, 24.40182, -153.57745, 496.489
27, W-02-03, 44.47050, -126.11707, 503.315
28, W-02-04, 53.16026, -81.82198, 506.521
29, W-02-05, 43.39475, -38.51440, 502.914
30, W-02-06, 22.92799, -11.90561, 496.087
31, W-02-07, -0.78171, 7.14740, 492.867
32, W-02-08, -24.40182, 26.42255, 496.489
33, W-02-09, -44.47050, 53.88293, 503.315
34, W-02-10, -53.16026, 98.17802, 506.521
35, W-02-11, -43.39475, 141.48560, 502.914
36, W-03-00, -14.19781, -139.35951, 494.140
37, W-03-01, 9.79410, -121.01045, 493.477
38, W-03-02, 32.62073, -99.79786, 499.043
39, W-03-03, 49.68439, -66.48526, 505.255
40, W-03-04, 51.48315, -18.64172, 505.914
41, W-03-05, 36.42815, 18.01040, 500.365
42, W-03-06, 14.19781, 40.64049, 494.140
43, W-03-07, -9.79410, 58.98955, 493.477
44, W-03-08, -32.62073, 80.20214, 499.043
45, W-03-09, -49.68439, 113.51474, 505.255
46, W-03-10, -51.48315, 161.35828, 505.914
47, W-03-11, -36.42815, -161.98960, 500.365
48, W-04-00, -5.24119, -87.37711, 493.040
49, W-04-01, 18.65641, -68.79214, 495.036
50, W-04-02, 40.09904, -44.34427, 501.694
51, W-04-03, 52.68194, -4.20270, 506.349
52, W-04-04, 47.27823, 42.37473, 504.363
53, W-04-05, 28.53179, 72.53641, 497.712
54, W-04-06, 5.24119, 92.62289, 493.040
55, W-04-07, -18.65641, 111.20786, 495.036
56, W-04-08, -40.09904, 135.65573, 501.694
57, W-04-09, -52.68194, 175.79730, 506.349
58, W-04-10, -47.27823, -137.62527, 504.363
59, W-04-11, -28.53179, -107.46359, 497.712
60, W-05-00, 3.79371, -35.59172, 492.956
61, W-05-01, 27.20384, -15.79850, 497.304
62, W-05-02, 46.41187, 13.44256, 504.040
63, W-05-03, 52.91425, 59.37841, 506.433
64, W-05-04, 41.20359, 100.59108, 502.101
65, W-05-05, 20.05355, 125.69763, 495.360
66, W-05-06, -3.79371, 144.40828, 492.956
67, W-05-07, -27.20384, 164.20150, 497.304
68, W-05-08, -46.41187, -166.55744, 504.040
69, W-05-09, -52.91425, -120.62159, 506.433
70, W-05-10, -41.20359, -79.40892, 502.101
71, W-05-11, -20.05355, -54.30237, 495.360
72, W-06-00, 12.77221, 16.33568, 493.900
73, W-06-01, 35.21339, 38.46854, 499.936
74, W-06-02, 50.96330, 74.01699, 505.725
75, W-06-03, 50.33225, 121.99828, 505.493
76, W-06-04, 33.87925, 156.37455, 499.472
77, W-06-05, 11.22957, 178.01138, 493.668
78, W-06-06, -12.77221, -163.66432, 493.900
79, W-06-07, -35.21339, -141.53146, 499.936
80, W-06-08, -50.96330, -105.98301, 505.725
81, W-06-09, -50.33225, -58.00172, 505.493
82, W-06-10, -33.87925, -23.62545, 499.472
83, W-06-11, -11.22957, -1.98862, 493.668
84, W-07-00, 21.54999, 68.76411, 495.729
85, W-07-01, 42.35878, 94.62727, 502.529
86, W-07-02, 53.08214, 136.95349, 506.493
87, W-07-03, 45.42743, -177.91419, 503.673
88, W-07-04, 25.75692, -149.61966, 496.875
89, W-07-05, 2.23156, -130.11028, 492.895
90, W-07-06, -21.54999, -111.23589, 495.729
91, W-07-07, -42.35878, -85.37273, 502.529
92, W-07-08, -53.08214, -43.04651, 506.493
93, W-07-09, -45.42743, 2.08581, 503.673
94, W-07-10, -25.75692, 30.38034, 496.875
95, W-07-11, -2.23156, 49.88972, 492.895

[LINKS]
Type, SourceID, TargetID
ISL, 0, 1
ISL, 0, 23
ISL, 1, 2
ISL, 1, 12
ISL, 2, 3
ISL, 2, 13
ISL, 3, 4
ISL, 3, 14
ISL, 4, 5
ISL, 4, 15
ISL, 5, 6
ISL, 5, 15
ISL, 6, 7
ISL, 6, 17
ISL, 7, 8
ISL, 7, 18
ISL, 8, 9
ISL, 8, 19
ISL, 9, 10
ISL, 9, 20
ISL, 10, 11
ISL, 10, 21
ISL, 11, 0
ISL, 11, 21
ISL, 12, 13
ISL, 12, 35
ISL, 13, 14
ISL, 13, 24
ISL, 14, 15
ISL, 14, 25
ISL, 15, 16
ISL, 15, 26
ISL, 16, 17
ISL, 16, 27
ISL, 17, 18
ISL, 17, 28
ISL, 18, 19
ISL, 18, 29
ISL, 19, 20
ISL, 19, 30
ISL, 20, 21
ISL, 20, 31
ISL, 21, 22
ISL, 21, 32
ISL, 22, 23
ISL, 22, 33
ISL, 23, 12
ISL, 23, 34
ISL, 24, 25
ISL, 24, 47
ISL, 25, 26
ISL, 25, 36
ISL, 26, 27
ISL, 26, 37
ISL, 27, 28
ISL, 27, 38
ISL, 28, 29
ISL, 28, 39
ISL, 29, 30
ISL, 29, 40
ISL, 30, 31
ISL, 30, 41
ISL, 31, 32
ISL, 31, 42
ISL, 32, 33
ISL, 32, 43
ISL, 33, 34
ISL, 33, 44
ISL, 34, 35
ISL, 34, 45
ISL, 35, 24
ISL, 35, 46
ISL, 36, 37
ISL, 36, 59
ISL, 37, 38
ISL, 37, 48
ISL, 38, 39
ISL, 38, 49
ISL, 39, 40
ISL, 39, 50
ISL, 40, 41
ISL, 40, 50
ISL, 41, 42
ISL, 41, 52
ISL, 42, 43
ISL, 42, 53
ISL, 43, 44
ISL, 43, 54
ISL, 44, 45
ISL, 44, 55
ISL, 45, 46
ISL, 45, 56
ISL, 46, 47
ISL, 46, 56
ISL, 47, 36
ISL, 47, 58
ISL, 48, 49
ISL, 48, 71
ISL, 49, 50
ISL, 49, 60
ISL, 50, 51
ISL, 50, 61
ISL, 51, 52
ISL, 51, 62
ISL, 52, 53
ISL, 52, 63
ISL, 53, 54
ISL, 53, 64
ISL, 54, 55
ISL, 54, 65
ISL, 55, 56
ISL, 55, 66
ISL, 56, 57
ISL, 56, 67
ISL, 57, 58
ISL, 57, 68
ISL, 58, 59
ISL, 58, 69
ISL, 59, 48
ISL, 59, 70
ISL, 60, 61
ISL, 60, 83
ISL, 61, 62
ISL, 61, 72
ISL, 62, 63
ISL, 62, 73
ISL, 63, 64
ISL, 63, 73
ISL, 64, 65
ISL, 64, 75
ISL, 65, 66
ISL, 65, 76
ISL, 66, 67
ISL, 66, 77
ISL, 67, 68
ISL, 67, 78
ISL, 68, 69
ISL, 68, 79
ISL, 69, 70
ISL, 69, 79
ISL, 70, 71
ISL, 70, 81
ISL, 71, 60
ISL, 71, 82
ISL, 72, 73
ISL, 72, 95
ISL, 73, 74
ISL, 73, 84
ISL, 74, 75
ISL, 74, 85
ISL, 75, 76
ISL, 75, 85
ISL, 76, 77
ISL, 76, 87
ISL, 77, 78
ISL, 77, 88
ISL, 78, 79
ISL, 78, 89
ISL, 79, 80
ISL, 79, 90
ISL, 80, 81
ISL, 80, 91
ISL, 81, 82
ISL, 81, 91
ISL, 82, 83
ISL, 82, 93
ISL, 83, 72
ISL, 83, 94
ISL, 84, 85
ISL, 84, 2
ISL, 85, 86
ISL, 85, 3
ISL, 86, 87
ISL, 86, 4
ISL, 87, 88
ISL, 87, 5
ISL, 88, 89
ISL, 88, 6
ISL, 89, 90
ISL, 89, 7
ISL, 90, 91
ISL, 90, 8
ISL, 91, 92
ISL, 91, 9
ISL, 92, 93
ISL, 92, 10
ISL, 93, 94
ISL, 93, 11
ISL, 94, 95
ISL, 94, 0
ISL, 95, 84
ISL, 95, 1
