[METADATA]
Time: 2026-04-12 03:00:13
Step: 32
Total_Sats: 96

[NODES]
ID, Name, Lat(deg), Lon(deg), Alt(km)
0, W-00-00, 26.74029, 136.77805, 497.165
1, W-00-01, 46.10090, 165.70950, 503.924
2, W-00-02, 52.97764, -148.60095, 506.455
3, W-00-03, 41.57917, -107.02489, 502.240
4, W-00-04, 20.53584, -81.68038, 495.476
5, W-00-05, -3.29159, -62.92031, 492.933
6, W-00-06, -26.74029, -43.22195, 497.165
7, W-00-07, -46.10090, -14.29050, 503.924
8, W-00-08, -52.97764, 31.39905, 506.455
9, W-00-09, -41.57917, 72.97511, 502.240
10, W-00-10, -20.53584, 98.31962, 495.476
11, W-00-11, 3.29159, 117.07969, 492.933
12, W-01-00, 34.78712, -169.04091, 499.787
13, W-01-01, 50.76824, -133.87175, 505.653
14, W-01-02, 50.54294, -85.87360, 505.571
15, W-01-03, 34.31086, -51.12298, 499.621
16, W-01-04, 11.72616, -29.33111, 493.740
17, W-01-05, -12.27683, -11.00982, 493.823
18, W-01-06, -34.78712, 10.95909, 499.787
19, W-01-07, -50.76824, 46.12825, 505.653
20, W-01-08, -50.54294, 94.12640, 505.571
21, W-01-09, -34.31086, 128.87702, 499.621
22, W-01-10, -11.72616, 150.66889, 493.740
23, W-01-11, 12.27683, 168.99018, 493.823
24, W-02-00, 41.99156, -113.00505, 502.393
25, W-02-01, 53.03759, -71.03129, 506.477
26, W-02-02, 45.74945, -25.62875, 503.793
27, W-02-03, 26.22378, 2.96481, 497.012
28, W-02-04, 2.73396, 22.56186, 492.911
29, W-02-05, -21.07003, 41.38037, 495.608
30, W-02-06, -41.99156, 66.99495, 502.393
31, W-02-07, -53.03759, 108.96871, 506.477
32, W-02-08, -45.74945, 154.37125, 503.793
33, W-02-09, -26.22378, -177.03519, 497.012
34, W-02-10, -2.73396, -157.43814, 492.911
35, W-02-11, 21.07003, -138.61963, 495.608
36, W-03-00, 47.88175, -54.46733, 504.587
37, W-03-01, 52.46612, -7.48978, 506.271
38, W-03-02, 39.27223, 31.85216, 501.391
39, W-03-03, 17.62933, 55.84398, 494.810
40, W-03-04, -6.29878, 74.35272, 493.118
41, W-03-05, -29.49390, 94.67253, 498.015
42, W-03-06, -47.88175, 125.53267, 504.587
43, W-03-07, -52.46612, 172.51022, 506.271
44, W-03-08, -39.27223, -148.14784, 501.391
45, W-03-09, -17.62933, -124.15602, 494.810
46, W-03-10, 6.29878, -105.64728, 493.118
47, W-03-11, 29.49390, -85.32747, 498.015
48, W-04-00, 51.82194, 6.86320, 506.038
49, W-04-01, 49.17410, 54.52325, 505.066
50, W-04-02, 31.68819, 87.07553, 498.730
51, W-04-03, 8.74163, 107.99894, 493.353
52, W-04-04, -15.23701, 126.38124, 494.329
53, W-04-05, -37.30189, 149.39842, 500.677
54, W-04-06, -51.82194, -173.13680, 506.038
55, W-04-07, -49.17410, -125.47675, 505.066
56, W-04-08, -31.68819, -92.92447, 498.730
57, W-04-09, -8.74163, -72.00106, 493.353
58, W-04-10, 15.23701, -53.61876, 494.329
59, W-04-11, 37.30189, -30.60158, 500.677
60, W-05-00, 53.16980, 70.18820, 506.524
61, W-05-01, 43.74542, 113.82198, 503.045
62, W-05-02, 23.40325, 140.69916, 496.214
63, W-05-03, -0.27904, 159.82021, 492.864
64, W-05-04, -23.92936, 179.02054, 496.358
65, W-05-05, -44.12947, -153.79830, 503.188
66, W-05-06, -53.16980, -109.81180, 506.524
67, W-05-07, -43.74542, -66.17802, 503.045
68, W-05-08, -23.40325, -39.30084, 496.214
69, W-05-09, 0.27904, -20.17979, 492.864
70, W-05-10, 23.92936, -0.97946, 496.358
71, W-05-11, 44.12947, 26.20170, 503.188
72, W-06-00, 51.64814, 133.44072, 505.974
73, W-06-01, 36.84381, 170.47763, 500.513
74, W-06-02, 14.69066, -166.71134, 494.228
75, W-06-03, -9.29559, -148.34813, 493.417
76, W-06-04, -32.18003, -127.27476, 498.894
77, W-06-05, -49.44632, -94.32448, 505.167
78, W-06-06, -51.64814, -46.55928, 505.974
79, W-06-07, -36.84381, -9.52237, 500.513
80, W-06-08, -14.69066, 13.28866, 494.228
81, W-06-09, 9.29559, 31.65187, 493.417
82, W-06-10, 32.18003, 52.72524, 498.894
83, W-06-11, 49.44632, 85.67552, 505.167
84, W-07-00, 47.56749, -165.39284, 504.470
85, W-07-01, 28.98873, -134.90275, 497.855
86, W-07-02, 5.74251, -114.70771, 493.075
87, W-07-03, -18.17021, -96.16051, 494.928
88, W-07-04, -39.70915, -71.93144, 501.551
89, W-07-05, -52.58445, -32.16744, 506.314
90, W-07-06, -47.56749, 14.60716, 504.470
91, W-07-07, -28.98873, 45.09725, 497.855
92, W-07-08, -5.74251, 65.29229, 493.075
93, W-07-09, 18.17021, 83.83949, 494.928
94, W-07-10, 39.70915, 108.06856, 501.551
95, W-07-11, 52.58445, 147.83256, 506.314

[LINKS]
Type, SourceID, TargetID
ISL, 0, 1
ISL, 0, 23
ISL, 1, 2
ISL, 1, 12
ISL, 2, 3
ISL, 2, 13
ISL, 3, 4
ISL, 3, 14
ISL, 4, 5
ISL, 4, 15
ISL, 5, 6
ISL, 5, 15
ISL, 6, 7
ISL, 6, 17
ISL, 7, 8
ISL, 7, 18
ISL, 8, 9
ISL, 8, 19
ISL, 9, 10
ISL, 9, 20
ISL, 10, 11
ISL, 10, 21
ISL, 11, 0
ISL, 11, 21
ISL, 12, 13
ISL, 12, 35
ISL, 13, 14
ISL, 13, 24
ISL, 14, 15
ISL, 14, 25
ISL, 15, 16
ISL, 15, 26
ISL, 16, 17
ISL, 16, 27
ISL, 17, 18
ISL, 17, 28
ISL, 18, 19
ISL, 18, 29
ISL, 19, 20
ISL, 19, 30
ISL, 20, 21
ISL, 20, 31
ISL, 21, 22
ISL, 21, 32
ISL, 22, 23
ISL, 22, 33
ISL, 23, 12
ISL, 23, 34
ISL, 24, 25
ISL, 24, 47
ISL, 25, 26
ISL, 25, 36
ISL, 26, 27
ISL, 26, 37
ISL, 27, 28
ISL, 27, 38
ISL, 28, 29
ISL, 28, 39
ISL, 29, 30
ISL, 29, 40
ISL, 30, 31
ISL, 30, 41
ISL, 31, 32
ISL, 31, 42
ISL, 32, 33
ISL, 32, 43
ISL, 33, 34
ISL, 33, 44
ISL, 34, 35
ISL, 34, 45
ISL, 35, 24
ISL, 35, 46
ISL, 36, 37
ISL, 36, 59
ISL, 37, 38
ISL, 37, 48
ISL, 38, 39
ISL, 38, 49
ISL, 39, 40
ISL, 39, 50
ISL, 40, 41
ISL, 40, 50
ISL, 41, 42
ISL, 41, 52
ISL, 42, 43
ISL, 42, 53
ISL, 43, 44
ISL, 43, 54
ISL, 44, 45
ISL, 44, 55
ISL, 45, 46
ISL, 45, 56
ISL, 46, 47
ISL, 46, 56
ISL, 47, 36
ISL, 47, 58
ISL, 48, 49
ISL, 48, 71
ISL, 49, 50
ISL, 49, 60
ISL, 50, 51
ISL, 50, 61
ISL, 51, 52
ISL, 51, 62
ISL, 52, 53
ISL, 52, 63
ISL, 53, 54
ISL, 53, 64
ISL, 54, 55
ISL, 54, 65
ISL, 55, 56
ISL, 55, 66
ISL, 56, 57
ISL, 56, 67
ISL, 57, 58
ISL, 57, 68
ISL, 58, 59
ISL, 58, 69
ISL, 59, 48
ISL, 59, 70
ISL, 60, 61
ISL, 60, 83
ISL, 61, 62
ISL, 61, 72
ISL, 62, 63
ISL, 62, 73
ISL, 63, 64
ISL, 63, 73
ISL, 64, 65
ISL, 64, 75
ISL, 65, 66
ISL, 65, 76
ISL, 66, 67
ISL, 66, 77
ISL, 67, 68
ISL, 67, 78
ISL, 68, 69
ISL, 68, 79
ISL, 69, 70
ISL, 69, 79
ISL, 70, 71
ISL, 70, 81
ISL, 71, 60
ISL, 71, 82
ISL, 72, 73
ISL, 72, 95
ISL, 73, 74
ISL, 73, 84
ISL, 74, 75
ISL, 74, 85
ISL, 75, 76
ISL, 75, 85
ISL, 76, 77
ISL, 76, 87
ISL, 77, 78
ISL, 77, 88
ISL, 78, 79
ISL, 78, 89
ISL, 79, 80
ISL, 79, 90
ISL, 80, 81
ISL, 80, 91
ISL, 81, 82
ISL, 81, 91
ISL, 82, 83
ISL, 82, 93
ISL, 83, 72
ISL, 83, 94
ISL, 84, 85
ISL, 84, 2
ISL, 85, 86
ISL, 85, 3
ISL, 86, 87
ISL, 86, 4
ISL, 87, 88
ISL, 87, 5
ISL, 88, 89
ISL, 88, 6
ISL, 89, 90
ISL, 89, 7
ISL, 90, 91
ISL, 90, 8
ISL, 91, 92
ISL, 91, 9
ISL, 92, 93
ISL, 92, 10
ISL, 93, 94
ISL, 93, 11
ISL, 94, 95
ISL, 94, 0
ISL, 95, 84
ISL, 95, 1
