[METADATA]
Time: 2026-04-12 03:17:43
Step: 67
Total_Sats: 96

[NODES]
ID, Name, Lat(deg), Lon(deg), Alt(km)
0, W-00-00, 51.85025, -142.21078, 506.048
1, W-00-01, 37.37874, -104.67386, 500.705
2, W-00-02, 15.32900, -81.62138, 494.347
3, W-00-03, -8.64821, -63.23551, 493.343
4, W-00-04, -31.60503, -42.33690, 498.702
5, W-00-05, -49.12741, -9.85124, 505.049
6, W-00-06, -51.85025, 37.78922, 506.048
7, W-00-07, -37.37874, 75.32614, 500.705
8, W-00-08, -15.32900, 98.37862, 494.347
9, W-00-09, 8.64821, 116.76449, 493.343
10, W-00-10, 31.60503, 137.66310, 498.702
11, W-00-11, 49.12741, 170.14876, 505.049
12, W-01-00, 47.93399, -80.85287, 504.607
13, W-01-01, 29.57881, -49.92981, 498.043
14, W-01-02, 6.39250, -29.58852, 493.126
15, W-01-03, -17.53806, -11.08592, 494.791
16, W-01-04, -39.19817, 12.86650, 501.364
17, W-01-05, -52.44514, 52.13705, 506.263
18, W-01-06, -47.93399, 99.14713, 504.607
19, W-01-07, -29.57881, 130.07019, 498.043
20, W-01-08, -6.39250, 150.41148, 493.126
21, W-01-09, 17.53806, 168.91408, 494.791
22, W-01-10, 39.19817, -167.13350, 501.364
23, W-01-11, 52.44514, -127.86295, 506.263
24, W-02-00, 42.06058, -22.28640, 502.418
25, W-02-01, 21.15993, 3.37431, 495.630
26, W-02-02, -2.63996, 22.20304, 492.908
27, W-02-03, -26.13654, 41.78343, 496.986
28, W-02-04, -45.68958, 70.32065, 503.770
29, W-02-05, -53.04660, 115.67345, 506.480
30, W-02-06, -42.06058, 157.71360, 502.418
31, W-02-07, -21.15993, -176.62569, 495.630
32, W-02-08, 2.63996, -157.79696, 492.908
33, W-02-09, 26.13654, -138.21657, 496.986
34, W-02-10, 45.68958, -109.67935, 503.770
35, W-02-11, 53.04660, -64.32655, 506.480
36, W-03-00, 34.86708, 33.77229, 499.815
37, W-03-01, 12.36957, 55.77156, 493.837
38, W-03-02, -11.63328, 74.09319, 493.726
39, W-03-03, -34.23028, 95.85573, 499.593
40, W-03-04, -50.50407, 130.53611, 505.556
41, W-03-05, -50.80532, 178.53232, 505.667
42, W-03-06, -34.86708, -146.22771, 499.815
43, W-03-07, -12.36957, -124.22844, 493.837
44, W-03-08, 11.63328, -105.90681, 493.726
45, W-03-09, 34.23028, -84.14427, 499.593
46, W-03-10, 50.50407, -49.46389, 505.556
47, W-03-11, 50.80532, -1.46768, 505.667
48, W-04-00, 26.82716, 87.96927, 497.191
49, W-04-01, 3.38556, 107.68512, 492.937
50, W-04-02, -20.44568, 126.43572, 495.454
51, W-04-03, -41.50918, 151.73532, 502.214
52, W-04-04, -52.96646, -166.75627, 506.451
53, W-04-05, -46.15950, -121.01973, 503.946
54, W-04-06, -26.82716, -92.03073, 497.191
55, W-04-07, -3.38556, -72.31488, 492.937
56, W-04-08, 20.44568, -53.56428, 495.454
57, W-04-09, 41.50918, -28.26468, 502.214
58, W-04-10, 52.96646, 13.24373, 506.451
59, W-04-11, 46.15950, 58.98027, 503.946
60, W-05-00, 18.26126, 140.91803, 494.948
61, W-05-01, -5.64872, 159.47207, 493.069
62, W-05-02, -28.90336, 179.64652, 497.828
63, W-05-03, -47.51381, -149.92520, 504.450
64, W-05-04, -52.60335, -103.18647, 506.321
65, W-05-05, -39.78238, -63.35162, 501.578
66, W-05-06, -18.26126, -39.08197, 494.948
67, W-05-07, 5.64872, -20.52793, 493.069
68, W-05-08, 28.90336, -0.35348, 497.828
69, W-05-09, 47.51381, 30.07480, 504.450
70, W-05-10, 52.60335, 76.81353, 506.321
71, W-05-11, 39.78238, 116.64838, 501.578
72, W-06-00, 9.38891, -166.88870, 493.428
73, W-06-01, -14.59849, -148.52836, 494.211
74, W-06-02, -36.76625, -125.75153, 500.486
75, W-06-03, -51.61787, -88.78667, 505.963
76, W-06-04, -49.49139, -41.00563, 505.184
77, W-06-05, -32.26267, -7.98782, 498.922
78, W-06-06, -9.38891, 13.11130, 493.428
79, W-06-07, 14.59849, 31.47164, 494.211
80, W-06-08, 36.76625, 54.24847, 500.486
81, W-06-09, 51.61787, 91.21333, 505.963
82, W-06-10, 49.49139, 138.99437, 505.184
83, W-06-11, 32.26267, 172.01218, 498.922
84, W-07-00, 0.37311, -115.05516, 492.864
85, W-07-01, -23.31441, -95.94708, 496.190
86, W-07-02, -43.68015, -69.12052, 503.021
87, W-07-03, -53.16871, -25.54717, 506.524
88, W-07-04, -44.19364, 18.49774, 503.212
89, W-07-05, -24.01787, 45.73076, 496.382
90, W-07-06, -0.37311, 64.94484, 492.864
91, W-07-07, 23.31441, 84.05292, 496.190
92, W-07-08, 43.68015, 110.87948, 503.021
93, W-07-09, 53.16871, 154.45283, 506.524
94, W-07-10, 44.19364, -161.50226, 503.212
95, W-07-11, 24.01787, -134.26924, 496.382

[LINKS]
Type, SourceID, TargetID
ISL, 0, 1
ISL, 0, 23
ISL, 1, 2
ISL, 1, 12
ISL, 2, 3
ISL, 2, 13
ISL, 3, 4
ISL, 3, 14
ISL, 4, 5
ISL, 4, 15
ISL, 5, 6
ISL, 5, 15
ISL, 6, 7
ISL, 6, 17
ISL, 7, 8
ISL, 7, 18
ISL, 8, 9
ISL, 8, 19
ISL, 9, 10
ISL, 9, 20
ISL, 10, 11
ISL, 10, 21
ISL, 11, 0
ISL, 11, 21
ISL, 12, 13
ISL, 12, 35
ISL, 13, 14
ISL, 13, 24
ISL, 14, 15
ISL, 14, 25
ISL, 15, 16
ISL, 15, 26
ISL, 16, 17
ISL, 16, 27
ISL, 17, 18
ISL, 17, 28
ISL, 18, 19
ISL, 18, 29
ISL, 19, 20
ISL, 19, 30
ISL, 20, 21
ISL, 20, 31
ISL, 21, 22
ISL, 21, 32
ISL, 22, 23
ISL, 22, 33
ISL, 23, 12
ISL, 23, 34
ISL, 24, 25
ISL, 24, 47
ISL, 25, 26
ISL, 25, 36
ISL, 26, 27
ISL, 26, 37
ISL, 27, 28
ISL, 27, 38
ISL, 28, 29
ISL, 28, 39
ISL, 29, 30
ISL, 29, 40
ISL, 30, 31
ISL, 30, 41
ISL, 31, 32
ISL, 31, 42
ISL, 32, 33
ISL, 32, 43
ISL, 33, 34
ISL, 33, 44
ISL, 34, 35
ISL, 34, 45
ISL, 35, 24
ISL, 35, 46
ISL, 36, 37
ISL, 36, 59
ISL, 37, 38
ISL, 37, 48
ISL, 38, 39
ISL, 38, 49
ISL, 39, 40
ISL, 39, 50
ISL, 40, 41
ISL, 40, 50
ISL, 41, 42
ISL, 41, 52
ISL, 42, 43
ISL, 42, 53
ISL, 43, 44
ISL, 43, 54
ISL, 44, 45
ISL, 44, 55
ISL, 45, 46
ISL, 45, 56
ISL, 46, 47
ISL, 46, 56
ISL, 47, 36
ISL, 47, 58
ISL, 48, 49
ISL, 48, 71
ISL, 49, 50
ISL, 49, 60
ISL, 50, 51
ISL, 50, 61
ISL, 51, 52
ISL, 51, 62
ISL, 52, 53
ISL, 52, 63
ISL, 53, 54
ISL, 53, 64
ISL, 54, 55
ISL, 54, 65
ISL, 55, 56
ISL, 55, 66
ISL, 56, 57
ISL, 56, 67
ISL, 57, 58
ISL, 57, 68
ISL, 58, 59
ISL, 58, 69
ISL, 59, 48
ISL, 59, 70
ISL, 60, 61
ISL, 60, 83
ISL, 61, 62
ISL, 61, 72
ISL, 62, 63
ISL, 62, 73
ISL, 63, 64
ISL, 63, 73
ISL, 64, 65
ISL, 64, 75
ISL, 65, 66
ISL, 65, 76
ISL, 66, 67
ISL, 66, 77
ISL, 67, 68
ISL, 67, 78
ISL, 68, 69
ISL, 68, 79
ISL, 69, 70
ISL, 69, 79
ISL, 70, 71
ISL, 70, 81
ISL, 71, 60
ISL, 71, 82
ISL, 72, 73
ISL, 72, 95
ISL, 73, 74
ISL, 73, 84
ISL, 74, 75
ISL, 74, 85
ISL, 75, 76
ISL, 75, 85
ISL, 76, 77
ISL, 76, 87
ISL, 77, 78
ISL, 77, 88
ISL, 78, 79
ISL, 78, 89
ISL, 79, 80
ISL, 79, 90
ISL, 80, 81
ISL, 80, 91
ISL, 81, 82
ISL, 81, 91
ISL, 82, 83
ISL, 82, 93
ISL, 83, 72
ISL, 83, 94
ISL, 84, 85
ISL, 84, 2
ISL, 85, 86
ISL, 85, 3
ISL, 86, 87
ISL, 86, 4
ISL, 87, 88
ISL, 87, 5
ISL, 88, 89
ISL, 88, 6
ISL, 89, 90
ISL, 89, 7
ISL, 90, 91
ISL, 90, 8
ISL, 91, 92
ISL, 91, 9
ISL, 92, 93
ISL, 92, 10
ISL, 93, 94
ISL, 93, 11
ISL, 94, 95
ISL, 94, 0
ISL, 95, 84
ISL, 95, 1
