[METADATA]
Time: 2026-04-12 03:54:13
Step: 140
Total_Sats: 96

[NODES]
ID, Name, Lat(deg), Lon(deg), Alt(km)
0, W-00-00, -43.87107, -32.87675, 503.092
1, W-00-01, -53.17103, 10.87299, 506.525
2, W-00-02, -44.00506, 54.74579, 503.142
3, W-00-03, -23.75825, 81.82729, 496.311
4, W-00-04, -0.09735, 101.00137, 492.863
5, W-00-05, 23.57471, 120.14780, 496.261
6, W-00-06, 43.87107, 147.12325, 503.092
7, W-00-07, 53.17103, -169.12701, 506.525
8, W-00-08, 44.00506, -125.25421, 503.142
9, W-00-09, 23.75825, -98.17271, 496.311
10, W-00-10, 0.09735, -78.99863, 492.863
11, W-00-11, -23.57471, -59.85220, 496.261
12, W-01-00, -49.26363, 26.47893, 505.099
13, W-01-01, -51.76644, 74.17530, 506.017
14, W-01-02, -37.15315, 111.50074, 500.624
15, W-01-03, -15.05923, 134.45019, 494.296
16, W-01-04, 8.92204, 152.82588, 493.373
17, W-01-05, 31.84861, 173.79758, 498.783
18, W-01-06, 49.26363, -153.52107, 505.099
19, W-01-07, 51.76644, -105.82470, 506.017
20, W-01-08, 37.15315, -68.49926, 500.624
21, W-01-09, 15.05923, -45.54981, 494.296
22, W-01-10, -8.92204, -27.17412, 493.373
23, W-01-11, -31.84861, -6.20242, 498.783
24, W-02-00, -52.50581, 88.53936, 506.285
25, W-02-01, -47.78025, 135.45271, 504.550
26, W-02-02, -29.32968, 166.19176, 497.963
27, W-02-03, -6.11771, -173.52955, 493.104
28, W-02-04, 17.80555, -155.00869, 494.848
29, W-02-05, 39.41494, -130.94028, 501.443
30, W-02-06, 52.50581, -91.46064, 506.285
31, W-02-07, 47.78025, -44.54729, 504.550
32, W-02-08, 29.32968, -13.80824, 497.963
33, W-02-09, 6.11771, 6.47045, 493.104
34, W-02-10, -17.80555, 24.99131, 494.848
35, W-02-11, -39.41494, 49.05972, 501.443
36, W-03-00, -53.01928, 152.09001, 506.470
37, W-03-01, -41.85784, -166.06500, 502.343
38, W-03-02, -20.89627, -140.53903, 495.565
39, W-03-03, 2.91552, -121.73996, 492.918
40, W-03-04, 26.39215, -102.11038, 497.062
41, W-03-05, 45.86457, -73.40750, 503.836
42, W-03-06, 53.01928, -27.90999, 506.470
43, W-03-07, 41.85784, 13.93500, 502.343
44, W-03-08, 20.89627, 39.46097, 495.565
45, W-03-09, -2.91552, 58.26004, 492.918
46, W-03-10, -26.39215, 77.88962, 497.062
47, W-03-11, -45.86457, 106.59250, 503.836
48, W-04-00, -50.69589, -145.10561, 505.627
49, W-04-01, -34.63241, -110.07303, 499.733
50, W-04-02, -12.09763, -88.16233, 493.795
51, W-04-03, 11.90552, -69.84143, 493.766
52, W-04-04, 34.46626, -47.99250, 499.675
53, W-04-05, 50.61729, -13.10593, 505.598
54, W-04-06, 50.69589, 34.89439, 505.627
55, W-04-07, 34.63241, 69.92697, 499.733
56, W-04-08, 12.09763, 91.83767, 493.795
57, W-04-09, -11.90552, 110.15857, 493.766
58, W-04-10, -34.46626, 132.00750, 499.675
59, W-04-11, -50.61729, 166.89407, 505.598
60, W-05-00, -45.98719, -84.74337, 503.882
61, W-05-01, -26.57235, -55.92261, 497.115
62, W-05-02, -3.11006, -36.25770, 492.925
63, W-05-03, 20.70991, -17.47901, 495.519
64, W-05-04, 41.71397, 7.95274, 502.290
65, W-05-05, 52.99837, 49.65898, 506.463
66, W-05-06, 45.98719, 95.25663, 503.882
67, W-05-07, 26.57235, 124.07739, 497.115
68, W-05-08, 3.11006, 143.74230, 492.925
69, W-05-09, -20.70991, 162.52099, 495.519
70, W-05-10, -41.71397, -172.04726, 502.290
71, W-05-11, -52.99837, -130.34102, 506.463
72, W-06-00, -39.56737, -27.15477, 501.499
73, W-06-01, -17.99424, -3.00359, 494.889
74, W-06-02, 5.92365, 15.53069, 493.089
75, W-06-03, 29.15344, 35.76586, 497.907
76, W-06-04, 47.67061, 66.37580, 504.509
77, W-06-05, 52.54709, 113.21834, 506.300
78, W-06-06, 39.56737, 152.84523, 501.499
79, W-06-07, 17.99424, 176.99641, 494.889
80, W-06-08, -5.92365, -164.46931, 493.089
81, W-06-09, -29.15344, -144.23414, 497.907
82, W-06-10, -47.67061, -113.62420, 504.509
83, W-06-11, -52.54709, -66.78166, 506.300
84, W-07-00, -32.02020, 28.14922, 498.841
85, W-07-01, -9.11530, 49.17323, 493.396
86, W-07-02, 14.86863, 67.54227, 494.261
87, W-07-03, 36.99335, 90.41980, 500.567
88, W-07-04, 51.70581, 127.59596, 505.995
89, W-07-05, 49.35860, 175.32902, 505.135
90, W-07-06, 32.02020, -151.85078, 498.841
91, W-07-07, 9.11530, -130.82677, 493.396
92, W-07-08, -14.86863, -112.45773, 494.261
93, W-07-09, -36.99335, -89.58020, 500.567
94, W-07-10, -51.70581, -52.40404, 505.995
95, W-07-11, -49.35860, -4.67098, 505.135

[LINKS]
Type, SourceID, TargetID
ISL, 0, 1
ISL, 0, 23
ISL, 1, 2
ISL, 1, 12
ISL, 2, 3
ISL, 2, 13
ISL, 3, 4
ISL, 3, 14
ISL, 4, 5
ISL, 4, 15
ISL, 5, 6
ISL, 5, 15
ISL, 6, 7
ISL, 6, 17
ISL, 7, 8
ISL, 7, 18
ISL, 8, 9
ISL, 8, 19
ISL, 9, 10
ISL, 9, 20
ISL, 10, 11
ISL, 10, 21
ISL, 11, 0
ISL, 11, 21
ISL, 12, 13
ISL, 12, 35
ISL, 13, 14
ISL, 13, 24
ISL, 14, 15
ISL, 14, 25
ISL, 15, 16
ISL, 15, 26
ISL, 16, 17
ISL, 16, 27
ISL, 17, 18
ISL, 17, 28
ISL, 18, 19
ISL, 18, 29
ISL, 19, 20
ISL, 19, 30
ISL, 20, 21
ISL, 20, 31
ISL, 21, 22
ISL, 21, 32
ISL, 22, 23
ISL, 22, 33
ISL, 23, 12
ISL, 23, 34
ISL, 24, 25
ISL, 24, 47
ISL, 25, 26
ISL, 25, 36
ISL, 26, 27
ISL, 26, 37
ISL, 27, 28
ISL, 27, 38
ISL, 28, 29
ISL, 28, 39
ISL, 29, 30
ISL, 29, 40
ISL, 30, 31
ISL, 30, 41
ISL, 31, 32
ISL, 31, 42
ISL, 32, 33
ISL, 32, 43
ISL, 33, 34
ISL, 33, 44
ISL, 34, 35
ISL, 34, 45
ISL, 35, 24
ISL, 35, 46
ISL, 36, 37
ISL, 36, 59
ISL, 37, 38
ISL, 37, 48
ISL, 38, 39
ISL, 38, 49
ISL, 39, 40
ISL, 39, 50
ISL, 40, 41
ISL, 40, 50
ISL, 41, 42
ISL, 41, 52
ISL, 42, 43
ISL, 42, 53
ISL, 43, 44
ISL, 43, 54
ISL, 44, 45
ISL, 44, 55
ISL, 45, 46
ISL, 45, 56
ISL, 46, 47
ISL, 46, 56
ISL, 47, 36
ISL, 47, 58
ISL, 48, 49
ISL, 48, 71
ISL, 49, 50
ISL, 49, 60
ISL, 50, 51
ISL, 50, 61
ISL, 51, 52
ISL, 51, 62
ISL, 52, 53
ISL, 52, 63
ISL, 53, 54
ISL, 53, 64
ISL, 54, 55
ISL, 54, 65
ISL, 55, 56
ISL, 55, 66
ISL, 56, 57
ISL, 56, 67
ISL, 57, 58
ISL, 57, 68
ISL, 58, 59
ISL, 58, 69
ISL, 59, 48
ISL, 59, 70
ISL, 60, 61
ISL, 60, 83
ISL, 61, 62
ISL, 61, 72
ISL, 62, 63
ISL, 62, 73
ISL, 63, 64
ISL, 63, 73
ISL, 64, 65
ISL, 64, 75
ISL, 65, 66
ISL, 65, 76
ISL, 66, 67
ISL, 66, 77
ISL, 67, 68
ISL, 67, 78
ISL, 68, 69
ISL, 68, 79
ISL, 69, 70
ISL, 69, 79
ISL, 70, 71
ISL, 70, 81
ISL, 71, 60
ISL, 71, 82
ISL, 72, 73
ISL, 72, 95
ISL, 73, 74
ISL, 73, 84
ISL, 74, 75
ISL, 74, 85
ISL, 75, 76
ISL, 75, 85
ISL, 76, 77
ISL, 76, 87
ISL, 77, 78
ISL, 77, 88
ISL, 78, 79
ISL, 78, 89
ISL, 79, 80
ISL, 79, 90
ISL, 80, 81
ISL, 80, 91
ISL, 81, 82
ISL, 81, 91
ISL, 82, 83
ISL, 82, 93
ISL, 83, 72
ISL, 83, 94
ISL, 84, 85
ISL, 84, 2
ISL, 85, 86
ISL, 85, 3
ISL, 86, 87
ISL, 86, 4
ISL, 87, 88
ISL, 87, 5
ISL, 88, 89
ISL, 88, 6
ISL, 89, 90
ISL, 89, 7
ISL, 90, 91
ISL, 90, 8
ISL, 91, 92
ISL, 91, 9
ISL, 92, 93
ISL, 92, 10
ISL, 93, 94
ISL, 93, 11
ISL, 94, 95
ISL, 94, 0
ISL, 95, 84
ISL, 95, 1
