[METADATA]
Time: 2026-04-12 04:14:13
Step: 180
Total_Sats: 96

[NODES]
ID, Name, Lat(deg), Lon(deg), Alt(km)
0, W-00-00, -33.79510, 65.97879, 499.443
1, W-00-01, -11.13302, 87.58598, 493.654
2, W-00-02, 12.86840, 105.91120, 493.916
3, W-00-03, 35.29592, 128.07641, 499.965
4, W-00-04, 51.00033, 163.69879, 505.738
5, W-00-05, 50.29047, -148.32504, 505.478
6, W-00-06, 33.79510, -114.02121, 499.443
7, W-00-07, 11.13302, -92.41402, 493.654
8, W-00-08, -12.86840, -74.08880, 493.916
9, W-00-09, -35.29592, -51.92359, 499.965
10, W-00-10, -51.00033, -16.30121, 505.738
11, W-00-11, -50.29047, 31.67496, 505.478
12, W-01-00, -25.66603, 119.96886, 496.849
13, W-01-01, -2.13392, 139.46160, 492.892
14, W-01-02, 21.64312, 158.34721, 495.752
15, W-01-03, 42.42966, -175.74075, 502.555
16, W-01-04, 53.08975, -133.34671, 506.496
17, W-01-05, 45.36426, -88.26815, 503.649
18, W-01-06, 25.66603, -60.03114, 496.849
19, W-01-07, 2.13392, -40.53840, 492.892
20, W-01-08, -21.64312, -21.65279, 495.752
21, W-01-09, -42.42966, 4.25925, 502.555
22, W-01-10, -53.08975, 46.65329, 506.496
23, W-01-11, -45.36426, 91.73185, 503.649
24, W-02-00, -17.04626, 172.78620, 494.687
25, W-02-01, 6.89677, -168.74240, 493.169
26, W-02-02, 30.03474, -148.28331, 498.189
27, W-02-03, 48.21153, -117.01887, 504.710
28, W-02-04, 52.32708, -69.84226, 506.221
29, W-02-05, 38.79757, -30.95699, 501.218
30, W-02-06, 17.04626, -7.21380, 494.687
31, W-02-07, -6.89677, 11.25760, 493.169
32, W-02-08, -30.03474, 31.71669, 498.189
33, W-02-09, -48.21153, 62.98113, 504.710
34, W-02-10, -52.32708, 110.15774, 506.221
35, W-02-11, -38.79757, 149.04301, 501.218
36, W-03-00, -8.14516, -135.09234, 493.289
37, W-03-01, 15.82369, -116.68553, 494.441
38, W-03-02, 37.79055, -93.44032, 500.853
39, W-03-03, 51.99773, -55.51508, 506.101
40, W-03-04, 48.87217, -7.98921, 504.955
41, W-03-05, 31.15616, 24.14020, 498.554
42, W-03-06, 8.14516, 44.90766, 493.289
43, W-03-07, -15.82369, 63.31447, 494.441
44, W-03-08, -37.79055, 86.55968, 500.853
45, W-03-09, -51.99773, 124.48492, 506.101
46, W-03-10, -48.87217, 172.01079, 504.955
47, W-03-11, -31.15616, -155.85980, 498.554
48, W-04-00, 0.87938, -83.28081, 492.868
49, W-04-01, 24.49347, -63.99074, 496.515
50, W-04-02, 44.53622, -36.47552, 503.340
51, W-04-03, 53.15736, 7.87850, 506.520
52, W-04-04, 43.32610, 51.12180, 502.889
53, W-04-05, 22.83550, 77.67904, 496.062
54, W-04-06, -0.87938, 96.71919, 492.868
55, W-04-07, -24.49347, 116.00926, 496.515
56, W-04-08, -44.53622, 143.52448, 503.340
57, W-04-09, -53.15736, -172.12150, 506.520
58, W-04-10, -43.32610, -128.87820, 502.889
59, W-04-11, -22.83550, -102.32096, 496.062
60, W-05-00, 9.89091, -31.43650, 493.489
61, W-05-01, 32.70610, -10.19639, 499.072
62, W-05-02, 49.72986, 23.18701, 505.272
63, W-05-03, 51.45017, 71.04396, 505.902
64, W-05-04, 36.34705, 107.62141, 500.336
65, W-05-05, 14.10196, 130.21686, 494.123
66, W-05-06, -9.89091, 148.56350, 493.489
67, W-05-07, -32.70610, 169.80361, 499.072
68, W-05-08, -49.72986, -156.81299, 505.272
69, W-05-09, -51.45017, -108.95604, 505.902
70, W-05-10, -36.34705, -72.37859, 500.336
71, W-05-11, -14.10196, -49.78314, 494.123
72, W-06-00, 18.75077, 20.78792, 495.057
73, W-06-01, 40.17439, 45.27887, 501.722
74, W-06-02, 52.69988, 85.49348, 506.355
75, W-06-03, 47.22135, 132.03105, 504.342
76, W-06-04, 28.44280, 162.12946, 497.684
77, W-06-05, 5.14376, -177.80474, 493.034
78, W-06-06, -18.75077, -159.21208, 495.057
79, W-06-07, -40.17439, -134.72113, 501.722
80, W-06-08, -52.69988, -94.50652, 506.355
81, W-06-09, -47.22135, -47.96895, 504.342
82, W-06-10, -28.44280, -17.87054, 497.684
83, W-06-11, -5.14376, 2.19526, 493.034
84, W-07-00, 27.29373, 73.79244, 497.332
85, W-07-01, 46.47167, 103.09423, 504.062
86, W-07-02, 52.90091, 149.07656, 506.428
87, W-07-03, 41.13017, -169.78191, 502.074
88, W-07-04, 19.95972, -144.72102, 495.338
89, W-07-05, -3.89125, -126.01962, 492.961
90, W-07-06, -27.29373, -106.20756, 497.332
91, W-07-07, -46.47167, -76.90577, 504.062
92, W-07-08, -52.90091, -30.92344, 506.428
93, W-07-09, -41.13017, 10.21809, 502.074
94, W-07-10, -19.95972, 35.27898, 495.338
95, W-07-11, 3.89125, 53.98038, 492.961

[LINKS]
Type, SourceID, TargetID
ISL, 0, 1
ISL, 0, 23
ISL, 1, 2
ISL, 1, 12
ISL, 2, 3
ISL, 2, 13
ISL, 3, 4
ISL, 3, 14
ISL, 4, 5
ISL, 4, 15
ISL, 5, 6
ISL, 5, 15
ISL, 6, 7
ISL, 6, 17
ISL, 7, 8
ISL, 7, 18
ISL, 8, 9
ISL, 8, 19
ISL, 9, 10
ISL, 9, 20
ISL, 10, 11
ISL, 10, 21
ISL, 11, 0
ISL, 11, 21
ISL, 12, 13
ISL, 12, 35
ISL, 13, 14
ISL, 13, 24
ISL, 14, 15
ISL, 14, 25
ISL, 15, 16
ISL, 15, 26
ISL, 16, 17
ISL, 16, 27
ISL, 17, 18
ISL, 17, 28
ISL, 18, 19
ISL, 18, 29
ISL, 19, 20
ISL, 19, 30
ISL, 20, 21
ISL, 20, 31
ISL, 21, 22
ISL, 21, 32
ISL, 22, 23
ISL, 22, 33
ISL, 23, 12
ISL, 23, 34
ISL, 24, 25
ISL, 24, 47
ISL, 25, 26
ISL, 25, 36
ISL, 26, 27
ISL, 26, 37
ISL, 27, 28
ISL, 27, 38
ISL, 28, 29
ISL, 28, 39
ISL, 29, 30
ISL, 29, 40
ISL, 30, 31
ISL, 30, 41
ISL, 31, 32
ISL, 31, 42
ISL, 32, 33
ISL, 32, 43
ISL, 33, 34
ISL, 33, 44
ISL, 34, 35
ISL, 34, 45
ISL, 35, 24
ISL, 35, 46
ISL, 36, 37
ISL, 36, 59
ISL, 37, 38
ISL, 37, 48
ISL, 38, 39
ISL, 38, 49
ISL, 39, 40
ISL, 39, 50
ISL, 40, 41
ISL, 40, 50
ISL, 41, 42
ISL, 41, 52
ISL, 42, 43
ISL, 42, 53
ISL, 43, 44
ISL, 43, 54
ISL, 44, 45
ISL, 44, 55
ISL, 45, 46
ISL, 45, 56
ISL, 46, 47
ISL, 46, 56
ISL, 47, 36
ISL, 47, 58
ISL, 48, 49
ISL, 48, 71
ISL, 49, 50
ISL, 49, 60
ISL, 50, 51
ISL, 50, 61
ISL, 51, 52
ISL, 51, 62
ISL, 52, 53
ISL, 52, 63
ISL, 53, 54
ISL, 53, 64
ISL, 54, 55
ISL, 54, 65
ISL, 55, 56
ISL, 55, 66
ISL, 56, 57
ISL, 56, 67
ISL, 57, 58
ISL, 57, 68
ISL, 58, 59
ISL, 58, 69
ISL, 59, 48
ISL, 59, 70
ISL, 60, 61
ISL, 60, 83
ISL, 61, 62
ISL, 61, 72
ISL, 62, 63
ISL, 62, 73
ISL, 63, 64
ISL, 63, 73
ISL, 64, 65
ISL, 64, 75
ISL, 65, 66
ISL, 65, 76
ISL, 66, 67
ISL, 66, 77
ISL, 67, 68
ISL, 67, 78
ISL, 68, 69
ISL, 68, 79
ISL, 69, 70
ISL, 69, 79
ISL, 70, 71
ISL, 70, 81
ISL, 71, 60
ISL, 71, 82
ISL, 72, 73
ISL, 72, 95
ISL, 73, 74
ISL, 73, 84
ISL, 74, 75
ISL, 74, 85
ISL, 75, 76
ISL, 75, 85
ISL, 76, 77
ISL, 76, 87
ISL, 77, 78
ISL, 77, 88
ISL, 78, 79
ISL, 78, 89
ISL, 79, 80
ISL, 79, 90
ISL, 80, 81
ISL, 80, 91
ISL, 81, 82
ISL, 81, 91
ISL, 82, 83
ISL, 82, 93
ISL, 83, 72
ISL, 83, 94
ISL, 84, 85
ISL, 84, 2
ISL, 85, 86
ISL, 85, 3
ISL, 86, 87
ISL, 86, 4
ISL, 87, 88
ISL, 87, 5
ISL, 88, 89
ISL, 88, 6
ISL, 89, 90
ISL, 89, 7
ISL, 90, 91
ISL, 90, 8
ISL, 91, 92
ISL, 91, 9
ISL, 92, 93
ISL, 92, 10
ISL, 93, 94
ISL, 93, 11
ISL, 94, 95
ISL, 94, 0
ISL, 95, 84
ISL, 95, 1
