[METADATA]
Time: 2026-04-12 03:10:43
Step: 53
Total_Sats: 96

[NODES]
ID, Name, Lat(deg), Lon(deg), Alt(km)
0, W-00-00, 50.36065, 176.66458, 505.504
1, W-00-01, 50.93784, -135.35097, 505.715
2, W-00-02, 35.15693, -99.85300, 499.916
3, W-00-03, 12.70646, -77.74217, 493.890
4, W-00-04, -11.29555, -59.41843, 493.677
5, W-00-05, -33.93671, -37.76125, 499.492
6, W-00-06, -50.36065, -3.33542, 505.504
7, W-00-07, -50.93784, 44.64903, 505.715
8, W-00-08, -35.15693, 80.14700, 499.916
9, W-00-09, -12.70646, 102.25783, 493.890
10, W-00-10, 11.29555, 120.58157, 493.677
11, W-00-11, 33.93671, 142.23875, 499.492
12, W-01-00, 52.92318, -120.70099, 506.436
13, W-01-01, 46.37089, -74.79715, 504.025
14, W-01-02, 27.14238, -45.59750, 497.286
15, W-01-03, 3.72703, -25.81707, 492.953
16, W-01-04, -20.11766, -7.10003, 495.375
17, W-01-05, -41.25369, 18.03783, 502.120
18, W-01-06, -52.92318, 59.29901, 506.436
19, W-01-07, -46.37089, 105.20285, 504.025
20, W-01-08, -27.14238, 134.40250, 497.286
21, W-01-09, -3.72703, 154.18293, 492.953
22, W-01-10, 20.11766, 172.89997, 495.375
23, W-01-11, 41.25369, -161.96217, 502.120
24, W-02-00, 52.66949, -57.12138, 506.344
25, W-02-01, 40.04747, -17.02979, 501.675
26, W-02-02, 18.59190, 7.38874, 495.021
27, W-02-03, -5.30778, 25.96853, 493.045
28, W-02-04, -28.59258, 46.06921, 497.731
29, W-02-05, -47.31697, 76.27423, 504.377
30, W-02-06, -52.66949, 122.87862, 506.344
31, W-02-07, -40.04747, 162.97021, 501.675
32, W-02-08, -18.59190, -172.61126, 495.021
33, W-02-09, 5.30778, -154.03147, 493.045
34, W-02-10, 28.59258, -133.93079, 497.731
35, W-02-11, 47.31697, -103.72577, 504.377
36, W-03-00, 49.65317, 5.14475, 505.243
37, W-03-01, 32.56234, 38.40903, 499.023
38, W-03-02, 9.72792, 59.60291, 493.469
39, W-03-03, -14.26330, 77.95368, 494.151
40, W-03-04, -36.48351, 100.60754, 500.385
41, W-03-05, -51.50552, 137.31072, 505.922
42, W-03-06, -49.65317, -174.85525, 505.243
43, W-03-07, -32.56234, -141.59097, 499.023
44, W-03-08, -9.72792, -120.39709, 493.469
45, W-03-09, 14.26330, -102.04632, 494.151
46, W-03-10, 36.48351, -79.39246, 500.385
47, W-03-11, 51.50552, -42.68928, 505.922
48, W-04-00, 44.42549, 64.75557, 503.299
49, W-04-01, 24.33916, 92.17857, 496.472
50, W-04-02, 0.71496, 111.44360, 492.866
51, W-04-03, -22.99118, 130.50546, 496.104
52, W-04-04, -43.44158, 157.14960, 502.932
53, W-04-05, -53.16205, -159.49906, 506.522
54, W-04-06, -44.42549, -115.24443, 503.299
55, W-04-07, -24.33916, -87.82143, 496.472
56, W-04-08, -0.71496, -68.55640, 492.866
57, W-04-09, 22.99118, -49.49454, 496.104
58, W-04-10, 43.44158, -22.85040, 502.932
59, W-04-11, 53.16205, 20.50094, 506.522
60, W-05-00, 37.65714, 121.67586, 500.805
61, W-05-01, 15.66311, 144.85796, 494.410
62, W-05-02, -8.30858, 163.25765, 493.306
63, W-05-03, -31.30217, -175.93272, 498.602
64, W-05-04, -48.95579, -143.68805, 504.986
65, W-05-05, -51.95074, -96.12328, 506.084
66, W-05-06, -37.65714, -58.32414, 500.805
67, W-05-07, -15.66311, -35.14204, 494.410
68, W-05-08, 8.30858, -16.74235, 493.306
69, W-05-09, 31.30217, 4.06728, 498.602
70, W-05-10, 48.95579, 36.31195, 504.986
71, W-05-11, 51.95074, 83.87672, 506.084
72, W-06-00, 29.88688, 176.48649, 498.141
73, W-06-01, 6.73303, -163.09309, 493.155
74, W-06-02, -17.20608, -144.61188, 494.721
75, W-06-03, -38.92804, -120.80127, 501.266
76, W-06-04, -52.36637, -81.79069, 506.235
77, W-06-05, -48.12207, -34.66659, 504.677
78, W-06-06, -29.88688, -3.51351, 498.141
79, W-06-07, -6.73303, 16.90691, 493.155
80, W-06-08, 17.20608, 35.38812, 494.721
81, W-06-09, 38.92804, 59.19873, 501.266
82, W-06-10, 52.36637, 98.20931, 506.235
83, W-06-11, 48.12207, 145.33341, 504.677
84, W-07-00, 21.48632, -130.16544, 495.712
85, W-07-01, -2.29828, -111.29865, 492.897
86, W-07-02, -25.81901, -91.77782, 496.893
87, W-07-03, -45.47048, -63.44387, 503.689
88, W-07-04, -53.07674, -18.27505, 506.491
89, W-07-05, -42.31025, 24.00470, 502.511
90, W-07-06, -21.48632, 49.83456, 495.712
91, W-07-07, 2.29828, 68.70135, 492.897
92, W-07-08, 25.81901, 88.22218, 496.893
93, W-07-09, 45.47048, 116.55613, 503.689
94, W-07-10, 53.07674, 161.72495, 506.491
95, W-07-11, 42.31025, -155.99530, 502.511

[LINKS]
Type, SourceID, TargetID
ISL, 0, 1
ISL, 0, 23
ISL, 1, 2
ISL, 1, 12
ISL, 2, 3
ISL, 2, 13
ISL, 3, 4
ISL, 3, 14
ISL, 4, 5
ISL, 4, 15
ISL, 5, 6
ISL, 5, 15
ISL, 6, 7
ISL, 6, 17
ISL, 7, 8
ISL, 7, 18
ISL, 8, 9
ISL, 8, 19
ISL, 9, 10
ISL, 9, 20
ISL, 10, 11
ISL, 10, 21
ISL, 11, 0
ISL, 11, 21
ISL, 12, 13
ISL, 12, 35
ISL, 13, 14
ISL, 13, 24
ISL, 14, 15
ISL, 14, 25
ISL, 15, 16
ISL, 15, 26
ISL, 16, 17
ISL, 16, 27
ISL, 17, 18
ISL, 17, 28
ISL, 18, 19
ISL, 18, 29
ISL, 19, 20
ISL, 19, 30
ISL, 20, 21
ISL, 20, 31
ISL, 21, 22
ISL, 21, 32
ISL, 22, 23
ISL, 22, 33
ISL, 23, 12
ISL, 23, 34
ISL, 24, 25
ISL, 24, 47
ISL, 25, 26
ISL, 25, 36
ISL, 26, 27
ISL, 26, 37
ISL, 27, 28
ISL, 27, 38
ISL, 28, 29
ISL, 28, 39
ISL, 29, 30
ISL, 29, 40
ISL, 30, 31
ISL, 30, 41
ISL, 31, 32
ISL, 31, 42
ISL, 32, 33
ISL, 32, 43
ISL, 33, 34
ISL, 33, 44
ISL, 34, 35
ISL, 34, 45
ISL, 35, 24
ISL, 35, 46
ISL, 36, 37
ISL, 36, 59
ISL, 37, 38
ISL, 37, 48
ISL, 38, 39
ISL, 38, 49
ISL, 39, 40
ISL, 39, 50
ISL, 40, 41
ISL, 40, 50
ISL, 41, 42
ISL, 41, 52
ISL, 42, 43
ISL, 42, 53
ISL, 43, 44
ISL, 43, 54
ISL, 44, 45
ISL, 44, 55
ISL, 45, 46
ISL, 45, 56
ISL, 46, 47
ISL, 46, 56
ISL, 47, 36
ISL, 47, 58
ISL, 48, 49
ISL, 48, 71
ISL, 49, 50
ISL, 49, 60
ISL, 50, 51
ISL, 50, 61
ISL, 51, 52
ISL, 51, 62
ISL, 52, 53
ISL, 52, 63
ISL, 53, 54
ISL, 53, 64
ISL, 54, 55
ISL, 54, 65
ISL, 55, 56
ISL, 55, 66
ISL, 56, 57
ISL, 56, 67
ISL, 57, 58
ISL, 57, 68
ISL, 58, 59
ISL, 58, 69
ISL, 59, 48
ISL, 59, 70
ISL, 60, 61
ISL, 60, 83
ISL, 61, 62
ISL, 61, 72
ISL, 62, 63
ISL, 62, 73
ISL, 63, 64
ISL, 63, 73
ISL, 64, 65
ISL, 64, 75
ISL, 65, 66
ISL, 65, 76
ISL, 66, 67
ISL, 66, 77
ISL, 67, 68
ISL, 67, 78
ISL, 68, 69
ISL, 68, 79
ISL, 69, 70
ISL, 69, 79
ISL, 70, 71
ISL, 70, 81
ISL, 71, 60
ISL, 71, 82
ISL, 72, 73
ISL, 72, 95
ISL, 73, 74
ISL, 73, 84
ISL, 74, 75
ISL, 74, 85
ISL, 75, 76
ISL, 75, 85
ISL, 76, 77
ISL, 76, 87
ISL, 77, 78
ISL, 77, 88
ISL, 78, 79
ISL, 78, 89
ISL, 79, 80
ISL, 79, 90
ISL, 80, 81
ISL, 80, 91
ISL, 81, 82
ISL, 81, 91
ISL, 82, 83
ISL, 82, 93
ISL, 83, 72
ISL, 83, 94
ISL, 84, 85
ISL, 84, 2
ISL, 85, 86
ISL, 85, 3
ISL, 86, 87
ISL, 86, 4
ISL, 87, 88
ISL, 87, 5
ISL, 88, 89
ISL, 88, 6
ISL, 89, 90
ISL, 89, 7
ISL, 90, 91
ISL, 90, 8
ISL, 91, 92
ISL, 91, 9
ISL, 92, 93
ISL, 92, 10
ISL, 93, 94
ISL, 93, 11
ISL, 94, 95
ISL, 94, 0
ISL, 95, 84
ISL, 95, 1
