[METADATA]
Time: 2026-04-12 03:52:13
Step: 136
Total_Sats: 96

[NODES]
ID, Name, Lat(deg), Lon(deg), Alt(km)
0, W-00-00, -39.33827, -40.56072, 501.415
1, W-00-01, -52.48461, -1.15507, 506.278
2, W-00-02, -47.83491, 45.79302, 504.570
3, W-00-03, -29.41799, 76.59709, 497.991
4, W-00-04, -6.21505, 96.89783, 493.112
5, W-00-05, 17.71083, 115.41212, 494.828
6, W-00-06, 39.33827, 139.43928, 501.415
7, W-00-07, 52.48461, 178.84493, 506.278
8, W-00-08, 47.83491, -134.20698, 504.570
9, W-00-09, 29.41799, -103.40291, 497.991
10, W-00-10, 6.21505, -83.10217, 493.112
11, W-00-11, -17.71083, -64.58788, 494.828
12, W-01-00, -45.80277, 16.94415, 503.813
13, W-01-01, -53.02927, 62.39079, 506.474
14, W-01-02, -41.92979, 104.30509, 502.370
15, W-01-03, -20.98969, 129.87861, 495.588
16, W-01-04, 2.81792, 148.68808, 492.914
17, W-01-05, 26.30167, 168.30012, 497.035
18, W-01-06, 45.80277, -163.05585, 503.813
19, W-01-07, 53.02927, -117.60921, 506.474
20, W-01-08, 41.92979, -75.69491, 502.370
21, W-01-09, 20.98969, -50.12139, 495.588
22, W-01-10, -2.81792, -31.31192, 492.914
23, W-01-11, -26.30167, -11.69988, 497.035
24, W-02-00, -50.57744, 77.21524, 505.583
25, W-02-01, -50.73491, 125.21466, 505.641
26, W-02-02, -34.71562, 160.32062, 499.762
27, W-02-03, -12.19397, -177.73745, 493.810
28, W-02-04, 11.80911, -159.41639, 493.752
29, W-02-05, 34.38276, -137.59820, 499.646
30, W-02-06, 50.57744, -102.78476, 505.583
31, W-02-07, 50.73491, -54.78534, 505.641
32, W-02-08, 34.71562, -19.67938, 499.762
33, W-02-09, 12.19397, 2.26255, 493.810
34, W-02-10, -11.80911, 20.58361, 493.752
35, W-02-11, -34.38276, 42.40180, 499.646
36, W-03-00, -52.98737, 139.96005, 506.459
37, W-03-01, -46.04840, -174.39271, 503.904
38, W-03-02, -26.66266, -145.51253, 497.142
39, W-03-03, -3.20765, -125.82969, 492.929
40, W-03-04, 20.61635, -107.06106, 495.496
41, W-03-05, 41.64157, -81.67629, 502.263
42, W-03-06, 52.98737, -40.03995, 506.459
43, W-03-07, 46.04840, 5.60729, 503.904
44, W-03-08, 26.66266, 34.48747, 497.142
45, W-03-09, 3.20765, 54.17031, 492.929
46, W-03-10, -20.61635, 72.93894, 495.496
47, W-03-11, -41.64157, 98.32371, 502.263
48, W-04-00, -52.56732, -156.47664, 506.308
49, W-04-01, -39.64364, -116.77600, 501.527
50, W-04-02, -18.08885, -92.58303, 494.910
51, W-04-03, 5.82628, -74.04185, 493.082
52, W-04-04, 29.06493, -53.82832, 497.879
53, W-04-05, 47.61527, -23.28288, 504.488
54, W-04-06, 52.56732, 23.52336, 506.308
55, W-04-07, 39.64364, 63.22400, 501.527
56, W-04-08, 18.08885, 87.41697, 494.910
57, W-04-09, -5.82628, 105.95815, 493.082
58, W-04-10, -29.06493, 126.17168, 497.879
59, W-04-11, -47.61527, 156.71712, 504.488
60, W-05-00, -49.40587, -94.34097, 505.152
61, W-05-01, -32.10616, -61.45090, 498.870
62, W-05-02, -9.21223, -40.40042, 493.407
63, W-05-03, 14.77297, -22.03456, 494.243
64, W-05-04, 36.91301, 0.80714, 500.538
65, W-05-05, 51.67494, 37.90844, 505.984
66, W-05-06, 49.40587, 85.65903, 505.152
67, W-05-07, 32.10616, 118.54910, 498.870
68, W-05-08, 9.21223, 139.59958, 493.407
69, W-05-09, -14.77297, 157.96544, 494.243
70, W-05-10, -36.91301, -179.19286, 500.538
71, W-05-11, -51.67494, -142.09156, 505.984
72, W-06-00, -44.07201, -34.89354, 503.167
73, W-06-01, -23.85026, -7.75855, 496.336
74, W-06-02, -0.19502, 11.42959, 492.863
75, W-06-03, 23.48256, 30.56233, 496.236
76, W-06-04, 43.80360, 57.48486, 503.067
77, W-06-05, 53.17052, 101.17240, 506.525
78, W-06-06, 44.07201, 145.10646, 503.167
79, W-06-07, 23.85026, 172.24145, 496.336
80, W-06-08, 0.19502, -168.57041, 492.863
81, W-06-09, -23.48256, -149.43767, 496.236
82, W-06-10, -43.80360, -122.51514, 503.067
83, W-06-11, -53.17052, -78.82760, 506.525
84, W-07-00, -37.23316, 21.88736, 500.653
85, W-07-01, -15.15481, 44.87314, 494.314
86, W-07-02, 8.82506, 63.25235, 493.362
87, W-07-03, 31.76240, 84.19802, 498.755
88, W-07-04, 49.21561, 116.80992, 505.082
89, W-07-05, 51.79641, 164.48702, 506.028
90, W-07-06, 37.23316, -158.11264, 500.653
91, W-07-07, 15.15481, -135.12686, 494.314
92, W-07-08, -8.82506, -116.74765, 493.362
93, W-07-09, -31.76240, -95.80198, 498.755
94, W-07-10, -49.21561, -63.19008, 505.082
95, W-07-11, -51.79641, -15.51298, 506.028

[LINKS]
Type, SourceID, TargetID
ISL, 0, 1
ISL, 0, 23
ISL, 1, 2
ISL, 1, 12
ISL, 2, 3
ISL, 2, 13
ISL, 3, 4
ISL, 3, 14
ISL, 4, 5
ISL, 4, 15
ISL, 5, 6
ISL, 5, 15
ISL, 6, 7
ISL, 6, 17
ISL, 7, 8
ISL, 7, 18
ISL, 8, 9
ISL, 8, 19
ISL, 9, 10
ISL, 9, 20
ISL, 10, 11
ISL, 10, 21
ISL, 11, 0
ISL, 11, 21
ISL, 12, 13
ISL, 12, 35
ISL, 13, 14
ISL, 13, 24
ISL, 14, 15
ISL, 14, 25
ISL, 15, 16
ISL, 15, 26
ISL, 16, 17
ISL, 16, 27
ISL, 17, 18
ISL, 17, 28
ISL, 18, 19
ISL, 18, 29
ISL, 19, 20
ISL, 19, 30
ISL, 20, 21
ISL, 20, 31
ISL, 21, 22
ISL, 21, 32
ISL, 22, 23
ISL, 22, 33
ISL, 23, 12
ISL, 23, 34
ISL, 24, 25
ISL, 24, 47
ISL, 25, 26
ISL, 25, 36
ISL, 26, 27
ISL, 26, 37
ISL, 27, 28
ISL, 27, 38
ISL, 28, 29
ISL, 28, 39
ISL, 29, 30
ISL, 29, 40
ISL, 30, 31
ISL, 30, 41
ISL, 31, 32
ISL, 31, 42
ISL, 32, 33
ISL, 32, 43
ISL, 33, 34
ISL, 33, 44
ISL, 34, 35
ISL, 34, 45
ISL, 35, 24
ISL, 35, 46
ISL, 36, 37
ISL, 36, 59
ISL, 37, 38
ISL, 37, 48
ISL, 38, 39
ISL, 38, 49
ISL, 39, 40
ISL, 39, 50
ISL, 40, 41
ISL, 40, 50
ISL, 41, 42
ISL, 41, 52
ISL, 42, 43
ISL, 42, 53
ISL, 43, 44
ISL, 43, 54
ISL, 44, 45
ISL, 44, 55
ISL, 45, 46
ISL, 45, 56
ISL, 46, 47
ISL, 46, 56
ISL, 47, 36
ISL, 47, 58
ISL, 48, 49
ISL, 48, 71
ISL, 49, 50
ISL, 49, 60
ISL, 50, 51
ISL, 50, 61
ISL, 51, 52
ISL, 51, 62
ISL, 52, 53
ISL, 52, 63
ISL, 53, 54
ISL, 53, 64
ISL, 54, 55
ISL, 54, 65
ISL, 55, 56
ISL, 55, 66
ISL, 56, 57
ISL, 56, 67
ISL, 57, 58
ISL, 57, 68
ISL, 58, 59
ISL, 58, 69
ISL, 59, 48
ISL, 59, 70
ISL, 60, 61
ISL, 60, 83
ISL, 61, 62
ISL, 61, 72
ISL, 62, 63
ISL, 62, 73
ISL, 63, 64
ISL, 63, 73
ISL, 64, 65
ISL, 64, 75
ISL, 65, 66
ISL, 65, 76
ISL, 66, 67
ISL, 66, 77
ISL, 67, 68
ISL, 67, 78
ISL, 68, 69
ISL, 68, 79
ISL, 69, 70
ISL, 69, 79
ISL, 70, 71
ISL, 70, 81
ISL, 71, 60
ISL, 71, 82
ISL, 72, 73
ISL, 72, 95
ISL, 73, 74
ISL, 73, 84
ISL, 74, 75
ISL, 74, 85
ISL, 75, 76
ISL, 75, 85
ISL, 76, 77
ISL, 76, 87
ISL, 77, 78
ISL, 77, 88
ISL, 78, 79
ISL, 78, 89
ISL, 79, 80
ISL, 79, 90
ISL, 80, 81
ISL, 80, 91
ISL, 81, 82
ISL, 81, 91
ISL, 82, 83
ISL, 82, 93
ISL, 83, 72
ISL, 83, 94
ISL, 84, 85
ISL, 84, 2
ISL, 85, 86
ISL, 85, 3
ISL, 86, 87
ISL, 86, 4
ISL, 87, 88
ISL, 87, 5
ISL, 88, 89
ISL, 88, 6
ISL, 89, 90
ISL, 89, 7
ISL, 90, 91
ISL, 90, 8
ISL, 91, 92
ISL, 91, 9
ISL, 92, 93
ISL, 92, 10
ISL, 93, 94
ISL, 93, 11
ISL, 94, 95
ISL, 94, 0
ISL, 95, 84
ISL, 95, 1
