[METADATA]
Time: 2026-04-12 04:09:43
Step: 171
Total_Sats: 96

[NODES]
ID, Name, Lat(deg), Lon(deg), Alt(km)
0, W-00-00, -44.51456, 49.77195, 503.332
1, W-00-01, -24.46324, 77.26906, 496.506
2, W-00-02, -0.84716, 96.55419, 492.868
3, W-00-03, 22.86602, 115.59858, 496.070
4, W-00-04, 43.34876, 142.17279, 502.897
5, W-00-05, 53.15835, -174.56267, 506.520
6, W-00-06, 44.51456, -130.22805, 503.332
7, W-00-07, 24.46324, -102.73094, 496.506
8, W-00-08, 0.84716, -83.44581, 492.868
9, W-00-09, -22.86602, -64.40142, 496.070
10, W-00-10, -43.34876, -37.82721, 502.897
11, W-00-11, -53.15835, 5.43733, 506.520
12, W-01-00, -37.76443, 106.72801, 500.844
13, W-01-01, -15.79223, 129.96082, 494.435
14, W-01-02, 8.17719, 148.36621, 493.292
15, W-01-03, 31.18479, 169.14190, 498.563
16, W-01-04, 48.88861, -158.70614, 504.961
17, W-01-05, 51.98859, -111.17251, 506.098
18, W-01-06, 37.76443, -73.27199, 500.844
19, W-01-07, 15.79223, -50.03918, 494.435
20, W-01-08, -8.17719, -31.63379, 493.292
21, W-01-09, -31.18479, -10.85810, 498.563
22, W-01-10, -48.88861, 21.29386, 504.961
23, W-01-11, -51.98859, 68.82749, 506.098
24, W-02-00, -30.00578, 161.56465, 498.179
25, W-02-01, -6.86469, -177.98387, 493.166
26, W-02-02, 17.07759, -159.51057, 494.694
27, W-02-03, 38.82316, -135.75422, 501.227
28, W-02-04, 52.33485, -96.84437, 506.224
29, W-02-05, 48.19405, -49.67793, 504.703
30, W-02-06, 30.00578, -18.43535, 498.179
31, W-02-07, 6.86469, 2.01613, 493.166
32, W-02-08, -17.07759, 20.48943, 494.694
33, W-02-09, -38.82316, 44.24578, 501.227
34, W-02-10, -52.33485, 83.15563, 506.224
35, W-02-11, -48.19405, 130.32207, 504.703
36, W-03-00, -21.61240, -145.07008, 495.744
37, W-03-01, 2.16613, -126.18819, 492.893
38, W-03-02, 25.69602, -106.68997, 496.858
39, W-03-03, 45.38512, -78.43400, 503.657
40, W-03-04, 53.08728, -33.33767, 506.495
41, W-03-05, 42.40629, 9.03402, 502.547
42, W-03-06, 21.61240, 34.92992, 495.744
43, W-03-07, -2.16613, 53.81181, 492.893
44, W-03-08, -25.69602, 73.31003, 496.858
45, W-03-09, -45.38512, 101.56600, 503.657
46, W-03-10, -53.08728, 146.66233, 506.495
47, W-03-11, -42.40629, -170.96598, 502.547
48, W-04-00, -12.83667, -92.63658, 493.911
49, W-04-01, 11.16487, -74.31167, 493.659
50, W-04-02, 33.82287, -52.69473, 499.453
51, W-04-03, 50.30428, -18.36701, 505.483
52, W-04-04, 50.98815, 29.61091, 505.734
53, W-04-05, 35.26870, 65.20890, 499.955
54, W-04-06, 12.83667, 87.36342, 493.911
55, W-04-07, -11.16487, 105.68833, 493.659
56, W-04-08, -33.82287, 127.30527, 499.453
57, W-04-09, -50.30428, 161.63299, 505.483
58, W-04-10, -50.98815, -150.38909, 505.734
59, W-04-11, -35.26870, -114.79110, 499.955
60, W-05-00, -3.85907, -40.70689, 492.959
61, W-05-01, 19.99068, -22.00245, 495.345
62, W-05-02, 41.15441, 3.07348, 502.083
63, W-05-03, 52.90535, 44.23849, 506.429
64, W-05-04, 46.45197, 90.20555, 504.055
65, W-05-05, 27.26408, 119.48728, 497.323
66, W-05-06, 3.85907, 139.29311, 492.959
67, W-05-07, -19.99068, 157.99755, 495.345
68, W-05-08, -41.15441, -176.92652, 502.083
69, W-05-09, -52.90535, -135.76151, 506.429
70, W-05-10, -46.45197, -89.79445, 504.055
71, W-05-11, -27.26408, -60.51272, 497.323
72, W-06-00, 5.17590, 11.07831, 493.036
73, W-06-01, 28.47217, 31.15092, 497.694
74, W-06-02, 47.24013, 61.27018, 504.349
75, W-06-03, 52.69400, 107.82095, 506.353
76, W-06-04, 40.14955, 148.01149, 501.713
77, W-06-05, 18.71965, 172.48821, 495.050
78, W-06-06, -5.17590, -168.92169, 493.036
79, W-06-07, -28.47217, -148.84908, 497.694
80, W-06-08, -47.24013, -118.72982, 504.349
81, W-06-09, -52.69400, -72.17905, 506.353
82, W-06-10, -40.14955, -31.98851, 501.713
83, W-06-11, -18.71965, -7.51179, 495.050
84, W-07-00, 14.13358, 63.05803, 494.129
85, W-07-01, 36.37382, 85.66489, 500.346
86, W-07-02, 51.46109, 122.26697, 505.906
87, W-07-03, 49.71489, 170.11956, 505.266
88, W-07-04, 32.67795, -156.52041, 499.062
89, W-07-05, 9.85897, -135.28940, 493.485
90, W-07-06, -14.13358, -116.94197, 494.129
91, W-07-07, -36.37382, -94.33511, 500.346
92, W-07-08, -51.46109, -57.73303, 505.906
93, W-07-09, -49.71489, -9.88044, 505.266
94, W-07-10, -32.67795, 23.47959, 499.062
95, W-07-11, -9.85897, 44.71060, 493.485

[LINKS]
Type, SourceID, TargetID
ISL, 0, 1
ISL, 0, 23
ISL, 1, 2
ISL, 1, 12
ISL, 2, 3
ISL, 2, 13
ISL, 3, 4
ISL, 3, 14
ISL, 4, 5
ISL, 4, 15
ISL, 5, 6
ISL, 5, 15
ISL, 6, 7
ISL, 6, 17
ISL, 7, 8
ISL, 7, 18
ISL, 8, 9
ISL, 8, 19
ISL, 9, 10
ISL, 9, 20
ISL, 10, 11
ISL, 10, 21
ISL, 11, 0
ISL, 11, 21
ISL, 12, 13
ISL, 12, 35
ISL, 13, 14
ISL, 13, 24
ISL, 14, 15
ISL, 14, 25
ISL, 15, 16
ISL, 15, 26
ISL, 16, 17
ISL, 16, 27
ISL, 17, 18
ISL, 17, 28
ISL, 18, 19
ISL, 18, 29
ISL, 19, 20
ISL, 19, 30
ISL, 20, 21
ISL, 20, 31
ISL, 21, 22
ISL, 21, 32
ISL, 22, 23
ISL, 22, 33
ISL, 23, 12
ISL, 23, 34
ISL, 24, 25
ISL, 24, 47
ISL, 25, 26
ISL, 25, 36
ISL, 26, 27
ISL, 26, 37
ISL, 27, 28
ISL, 27, 38
ISL, 28, 29
ISL, 28, 39
ISL, 29, 30
ISL, 29, 40
ISL, 30, 31
ISL, 30, 41
ISL, 31, 32
ISL, 31, 42
ISL, 32, 33
ISL, 32, 43
ISL, 33, 34
ISL, 33, 44
ISL, 34, 35
ISL, 34, 45
ISL, 35, 24
ISL, 35, 46
ISL, 36, 37
ISL, 36, 59
ISL, 37, 38
ISL, 37, 48
ISL, 38, 39
ISL, 38, 49
ISL, 39, 40
ISL, 39, 50
ISL, 40, 41
ISL, 40, 50
ISL, 41, 42
ISL, 41, 52
ISL, 42, 43
ISL, 42, 53
ISL, 43, 44
ISL, 43, 54
ISL, 44, 45
ISL, 44, 55
ISL, 45, 46
ISL, 45, 56
ISL, 46, 47
ISL, 46, 56
ISL, 47, 36
ISL, 47, 58
ISL, 48, 49
ISL, 48, 71
ISL, 49, 50
ISL, 49, 60
ISL, 50, 51
ISL, 50, 61
ISL, 51, 52
ISL, 51, 62
ISL, 52, 53
ISL, 52, 63
ISL, 53, 54
ISL, 53, 64
ISL, 54, 55
ISL, 54, 65
ISL, 55, 56
ISL, 55, 66
ISL, 56, 57
ISL, 56, 67
ISL, 57, 58
ISL, 57, 68
ISL, 58, 59
ISL, 58, 69
ISL, 59, 48
ISL, 59, 70
ISL, 60, 61
ISL, 60, 83
ISL, 61, 62
ISL, 61, 72
ISL, 62, 63
ISL, 62, 73
ISL, 63, 64
ISL, 63, 73
ISL, 64, 65
ISL, 64, 75
ISL, 65, 66
ISL, 65, 76
ISL, 66, 67
ISL, 66, 77
ISL, 67, 68
ISL, 67, 78
ISL, 68, 69
ISL, 68, 79
ISL, 69, 70
ISL, 69, 79
ISL, 70, 71
ISL, 70, 81
ISL, 71, 60
ISL, 71, 82
ISL, 72, 73
ISL, 72, 95
ISL, 73, 74
ISL, 73, 84
ISL, 74, 75
ISL, 74, 85
ISL, 75, 76
ISL, 75, 85
ISL, 76, 77
ISL, 76, 87
ISL, 77, 78
ISL, 77, 88
ISL, 78, 79
ISL, 78, 89
ISL, 79, 80
ISL, 79, 90
ISL, 80, 81
ISL, 80, 91
ISL, 81, 82
ISL, 81, 91
ISL, 82, 83
ISL, 82, 93
ISL, 83, 72
ISL, 83, 94
ISL, 84, 85
ISL, 84, 2
ISL, 85, 86
ISL, 85, 3
ISL, 86, 87
ISL, 86, 4
ISL, 87, 88
ISL, 87, 5
ISL, 88, 89
ISL, 88, 6
ISL, 89, 90
ISL, 89, 7
ISL, 90, 91
ISL, 90, 8
ISL, 91, 92
ISL, 91, 9
ISL, 92, 93
ISL, 92, 10
ISL, 93, 94
ISL, 93, 11
ISL, 94, 95
ISL, 94, 0
ISL, 95, 84
ISL, 95, 1
