[METADATA]
Time: 2026-04-12 04:02:13
Step: 156
Total_Sats: 96

[NODES]
ID, Name, Lat(deg), Lon(deg), Alt(km)
0, W-00-00, -53.16966, 9.67533, 506.524
1, W-00-01, -43.73551, 53.29994, 503.041
2, W-00-02, -23.38974, 80.16941, 496.211
3, W-00-03, 0.29335, 99.28848, 492.864
4, W-00-04, 23.94282, 118.49090, 496.362
5, W-00-05, 44.13924, 145.67994, 503.192
6, W-00-06, 53.16966, -170.32467, 506.524
7, W-00-07, 43.73551, -126.70006, 503.041
8, W-00-08, 23.38974, -99.83059, 496.211
9, W-00-09, -0.29335, -80.71152, 492.864
10, W-00-10, -23.94282, -61.50910, 496.362
11, W-00-11, -44.13924, -34.32006, 503.192
12, W-01-00, -51.64355, 72.92589, 505.973
13, W-01-01, -36.83202, 109.95185, 500.509
14, W-01-02, -14.67665, 132.75766, 494.226
15, W-01-03, 9.30978, 151.12043, 493.418
16, W-01-04, 32.19260, 172.19770, 498.899
17, W-01-05, 49.45319, -154.84175, 505.169
18, W-01-06, 51.64355, -107.07411, 505.973
19, W-01-07, 36.83202, -70.04815, 500.509
20, W-01-08, 14.67665, -47.24234, 494.226
21, W-01-09, -9.30978, -28.87957, 493.418
22, W-01-10, -32.19260, -7.80230, 498.899
23, W-01-11, -49.45319, 25.15825, 505.169
24, W-02-00, -47.55934, 134.08809, 504.467
25, W-02-01, -28.97575, 164.56877, 497.851
26, W-02-02, -5.72825, -175.23933, 493.074
27, W-02-03, 18.18406, -156.69109, 494.931
28, W-02-04, 39.72030, -132.45586, 501.555
29, W-02-05, 52.58735, -92.68108, 506.315
30, W-02-06, 47.55934, -45.91191, 504.467
31, W-02-07, 28.97575, -15.43123, 497.851
32, W-02-08, 5.72825, 4.76067, 493.074
33, W-02-09, -18.18406, 23.30891, 494.931
34, W-02-10, -39.72030, 47.54414, 501.555
35, W-02-11, -52.58735, 87.31892, 506.315
36, W-03-00, -41.56853, -167.54829, 502.236
37, W-03-01, -20.52214, -142.21062, 495.473
38, W-03-02, 3.30588, -123.45200, 492.934
39, W-03-03, 26.75351, -103.75099, 497.169
40, W-03-04, 46.10982, -74.81080, 503.927
41, W-03-05, 52.97596, -29.11407, 506.455
42, W-03-06, 41.56853, 12.45171, 502.236
43, W-03-07, 20.52214, 37.78938, 495.473
44, W-03-08, -3.30588, 56.54800, 492.934
45, W-03-09, -26.75351, 76.24901, 497.169
46, W-03-10, -46.10982, 105.18920, 503.927
47, W-03-11, -52.97596, 150.88593, 506.455
48, W-04-00, -34.29861, -111.64978, 499.617
49, W-04-01, -11.71203, -89.86238, 493.738
50, W-04-02, 12.29094, -71.54105, 493.825
51, W-04-03, 34.79929, -49.56753, 499.791
52, W-04-04, 50.77390, -14.38761, 505.655
53, W-04-05, 50.53704, 33.61029, 505.568
54, W-04-06, 34.29861, 68.35022, 499.617
55, W-04-07, 11.71203, 90.13762, 493.738
56, W-04-08, -12.29094, 108.45895, 493.825
57, W-04-09, -34.79929, 130.43247, 499.791
58, W-04-10, -50.77390, 165.61239, 505.655
59, W-04-11, -50.53704, -146.38971, 505.568
60, W-05-00, -26.21052, -57.56435, 497.008
61, W-05-01, -2.71966, -37.96984, 492.911
62, W-05-02, 21.08370, -19.14978, 495.611
63, W-05-03, 42.00207, 6.47180, 502.397
64, W-05-04, 53.03898, 48.45567, 506.477
65, W-05-05, 45.74035, 93.85067, 503.789
66, W-05-06, 26.21052, 122.43565, 497.008
67, W-05-07, 2.71966, 142.03016, 492.911
68, W-05-08, -21.08370, 160.85022, 495.611
69, W-05-09, -42.00207, -173.52820, 502.397
70, W-05-10, -53.03898, -131.54433, 506.477
71, W-05-11, -45.74035, -86.14933, 503.789
72, W-06-00, -17.61545, -4.68668, 494.807
73, W-06-01, 6.31303, 13.82112, 493.120
74, W-06-02, 29.50682, 34.14419, 498.020
75, W-06-03, 47.88971, 65.01389, 504.590
76, W-06-04, 52.46295, 111.99642, 506.270
77, W-06-05, 39.26097, 151.32751, 501.387
78, W-06-06, 17.61545, 175.31332, 494.807
79, W-06-07, -6.31303, -166.17888, 493.120
80, W-06-08, -29.50682, -145.85581, 498.020
81, W-06-09, -47.88971, -114.98611, 504.590
82, W-06-10, -52.46295, -68.00358, 506.270
83, W-06-11, -39.26097, -28.67249, 501.387
84, W-07-00, -8.72742, 47.46746, 493.352
85, W-07-01, 15.25100, 65.85030, 494.332
86, W-07-02, 37.31358, 88.87284, 500.682
87, W-07-03, 51.82626, 126.34859, 506.039
88, W-07-04, 49.16702, 174.00569, 505.064
89, W-07-05, 31.67554, -153.45217, 498.726
90, W-07-06, 8.72742, -132.53254, 493.352
91, W-07-07, -15.25100, -114.14970, 494.332
92, W-07-08, -37.31358, -91.12716, 500.682
93, W-07-09, -51.82626, -53.65141, 506.039
94, W-07-10, -49.16702, -5.99431, 505.064
95, W-07-11, -31.67554, 26.54783, 498.726

[LINKS]
Type, SourceID, TargetID
ISL, 0, 1
ISL, 0, 23
ISL, 1, 2
ISL, 1, 12
ISL, 2, 3
ISL, 2, 13
ISL, 3, 4
ISL, 3, 14
ISL, 4, 5
ISL, 4, 15
ISL, 5, 6
ISL, 5, 15
ISL, 6, 7
ISL, 6, 17
ISL, 7, 8
ISL, 7, 18
ISL, 8, 9
ISL, 8, 19
ISL, 9, 10
ISL, 9, 20
ISL, 10, 11
ISL, 10, 21
ISL, 11, 0
ISL, 11, 21
ISL, 12, 13
ISL, 12, 35
ISL, 13, 14
ISL, 13, 24
ISL, 14, 15
ISL, 14, 25
ISL, 15, 16
ISL, 15, 26
ISL, 16, 17
ISL, 16, 27
ISL, 17, 18
ISL, 17, 28
ISL, 18, 19
ISL, 18, 29
ISL, 19, 20
ISL, 19, 30
ISL, 20, 21
ISL, 20, 31
ISL, 21, 22
ISL, 21, 32
ISL, 22, 23
ISL, 22, 33
ISL, 23, 12
ISL, 23, 34
ISL, 24, 25
ISL, 24, 47
ISL, 25, 26
ISL, 25, 36
ISL, 26, 27
ISL, 26, 37
ISL, 27, 28
ISL, 27, 38
ISL, 28, 29
ISL, 28, 39
ISL, 29, 30
ISL, 29, 40
ISL, 30, 31
ISL, 30, 41
ISL, 31, 32
ISL, 31, 42
ISL, 32, 33
ISL, 32, 43
ISL, 33, 34
ISL, 33, 44
ISL, 34, 35
ISL, 34, 45
ISL, 35, 24
ISL, 35, 46
ISL, 36, 37
ISL, 36, 59
ISL, 37, 38
ISL, 37, 48
ISL, 38, 39
ISL, 38, 49
ISL, 39, 40
ISL, 39, 50
ISL, 40, 41
ISL, 40, 50
ISL, 41, 42
ISL, 41, 52
ISL, 42, 43
ISL, 42, 53
ISL, 43, 44
ISL, 43, 54
ISL, 44, 45
ISL, 44, 55
ISL, 45, 46
ISL, 45, 56
ISL, 46, 47
ISL, 46, 56
ISL, 47, 36
ISL, 47, 58
ISL, 48, 49
ISL, 48, 71
ISL, 49, 50
ISL, 49, 60
ISL, 50, 51
ISL, 50, 61
ISL, 51, 52
ISL, 51, 62
ISL, 52, 53
ISL, 52, 63
ISL, 53, 54
ISL, 53, 64
ISL, 54, 55
ISL, 54, 65
ISL, 55, 56
ISL, 55, 66
ISL, 56, 57
ISL, 56, 67
ISL, 57, 58
ISL, 57, 68
ISL, 58, 59
ISL, 58, 69
ISL, 59, 48
ISL, 59, 70
ISL, 60, 61
ISL, 60, 83
ISL, 61, 62
ISL, 61, 72
ISL, 62, 63
ISL, 62, 73
ISL, 63, 64
ISL, 63, 73
ISL, 64, 65
ISL, 64, 75
ISL, 65, 66
ISL, 65, 76
ISL, 66, 67
ISL, 66, 77
ISL, 67, 68
ISL, 67, 78
ISL, 68, 69
ISL, 68, 79
ISL, 69, 70
ISL, 69, 79
ISL, 70, 71
ISL, 70, 81
ISL, 71, 60
ISL, 71, 82
ISL, 72, 73
ISL, 72, 95
ISL, 73, 74
ISL, 73, 84
ISL, 74, 75
ISL, 74, 85
ISL, 75, 76
ISL, 75, 85
ISL, 76, 77
ISL, 76, 87
ISL, 77, 78
ISL, 77, 88
ISL, 78, 79
ISL, 78, 89
ISL, 79, 80
ISL, 79, 90
ISL, 80, 81
ISL, 80, 91
ISL, 81, 82
ISL, 81, 91
ISL, 82, 83
ISL, 82, 93
ISL, 83, 72
ISL, 83, 94
ISL, 84, 85
ISL, 84, 2
ISL, 85, 86
ISL, 85, 3
ISL, 86, 87
ISL, 86, 4
ISL, 87, 88
ISL, 87, 5
ISL, 88, 89
ISL, 88, 6
ISL, 89, 90
ISL, 89, 7
ISL, 90, 91
ISL, 90, 8
ISL, 91, 92
ISL, 91, 9
ISL, 92, 93
ISL, 92, 10
ISL, 93, 94
ISL, 93, 11
ISL, 94, 95
ISL, 94, 0
ISL, 95, 84
ISL, 95, 1
