[METADATA]
Time: 2026-04-12 03:35:13
Step: 102
Total_Sats: 96

[NODES]
ID, Name, Lat(deg), Lon(deg), Alt(km)
0, W-00-00, 10.03545, -81.77819, 493.507
1, W-00-01, -13.95878, -63.43496, 494.098
2, W-00-02, -36.22575, -40.89093, 500.293
3, W-00-03, -51.40037, -4.42492, 505.884
4, W-00-04, -49.79727, 43.45094, 505.296
5, W-00-05, -32.83343, 76.94032, 499.115
6, W-00-06, -10.03545, 98.22181, 493.507
7, W-00-07, 13.95878, 116.56504, 494.098
8, W-00-08, 36.22575, 139.10907, 500.293
9, W-00-09, 51.40037, 175.57508, 505.884
10, W-00-10, 49.79727, -136.54906, 505.296
11, W-00-11, 32.83343, -103.05968, 499.115
12, W-01-00, 1.02523, -29.93059, 492.870
13, W-01-01, -22.69729, -10.90940, 496.026
14, W-01-02, -43.22327, 15.57120, 502.851
15, W-01-03, -53.15239, 58.71800, 506.518
16, W-01-04, -44.63403, 103.15935, 503.377
17, W-01-05, -24.63022, 130.75684, 496.553
18, W-01-06, -1.02523, 150.06941, 492.870
19, W-01-07, 22.69729, 169.09060, 496.026
20, W-01-08, 43.22327, -164.42880, 502.851
21, W-01-09, 53.15239, -121.28200, 506.518
22, W-01-10, 44.63403, -76.84065, 503.377
23, W-01-11, 24.63022, -49.24316, 496.553
24, W-02-00, -8.00016, 21.87880, 493.274
25, W-02-01, -31.02645, 42.60920, 498.511
26, W-02-02, -48.79741, 74.63673, 504.927
27, W-02-03, -52.03867, 122.12675, 506.116
28, W-02-04, -37.90861, 160.16381, 500.896
29, W-02-05, -15.96606, -176.53459, 494.469
30, W-02-06, 8.00016, -158.12120, 493.274
31, W-02-07, 31.02645, -137.39080, 498.511
32, W-02-08, 48.79741, -105.36327, 504.927
33, W-02-09, 52.03867, -57.87325, 506.116
34, W-02-10, 37.90861, -19.83619, 500.896
35, W-02-11, 15.96606, 3.46541, 494.469
36, W-03-00, -16.90442, 73.99238, 494.658
37, W-03-01, -38.68154, 97.67618, 501.176
38, W-03-02, -52.29147, 136.45018, 506.208
39, W-03-03, -48.29033, -176.32793, 504.739
40, W-03-04, -30.16573, -144.96431, 498.231
41, W-03-05, -7.04200, -124.47058, 493.182
42, W-03-06, 16.90442, -106.00762, 494.658
43, W-03-07, 38.68154, -82.32382, 501.176
44, W-03-08, 52.29147, -43.54982, 506.208
45, W-03-09, 48.29033, 3.67207, 504.739
46, W-03-10, 30.16573, 35.03569, 498.231
47, W-03-11, 7.04200, 55.52942, 493.182
48, W-04-00, -25.53020, 126.79501, 496.810
49, W-04-01, -45.26959, 154.94649, 503.614
50, W-04-02, -53.10050, -160.05596, 506.500
51, W-04-03, -42.53521, -117.56109, 502.595
52, W-04-04, -21.78210, -91.57568, 495.788
53, W-04-05, 1.98812, -72.67311, 492.889
54, W-04-06, 25.53020, -53.20499, 496.810
55, W-04-07, 45.26959, -25.05351, 503.614
56, W-04-08, 53.10050, 19.94404, 506.500
57, W-04-09, 42.53521, 62.43891, 502.595
58, W-04-10, 21.78210, 88.42432, 495.788
59, W-04-11, -1.98812, 107.32689, 492.889
60, W-05-00, -33.66927, -179.23826, 499.400
61, W-05-01, -50.22757, -145.04238, 505.455
62, W-05-02, -51.05509, -97.07500, 505.758
63, W-05-03, -35.41897, -61.34209, 500.008
64, W-05-04, -13.01200, -39.12826, 493.939
65, W-05-05, 10.98879, -20.80147, 493.634
66, W-05-06, 33.66927, 0.76174, 499.400
67, W-05-07, 50.22757, 34.95762, 505.455
68, W-05-08, 51.05509, 82.92500, 505.758
69, W-05-09, 35.41897, 118.65791, 500.008
70, W-05-10, 13.01200, 140.87174, 493.939
71, W-05-11, -10.98879, 159.19853, 493.634
72, W-06-00, -41.02026, -123.51141, 502.033
73, W-06-01, -52.88036, -82.47641, 506.420
74, W-06-02, -46.56059, -36.42553, 504.095
75, W-06-03, -27.42784, -7.03270, 497.372
76, W-06-04, -4.03691, 12.80773, 492.968
77, W-06-05, 19.81951, 31.49553, 495.304
78, W-06-06, 41.02026, 56.48859, 502.033
79, W-06-07, 52.88036, 97.52359, 506.420
80, W-06-08, 46.56059, 143.57447, 504.095
81, W-06-09, 27.42784, 172.96730, 497.372
82, W-06-10, 4.03691, -167.19227, 492.968
83, W-06-11, -19.81951, -148.50447, 495.304
84, W-07-00, -47.13600, -65.36804, 504.310
85, W-07-01, -52.72605, -18.89092, 506.365
86, W-07-02, -40.28666, 21.43256, 501.763
87, W-07-03, -18.89162, 45.98818, 495.089
88, W-07-04, 4.99823, 64.59252, 493.024
89, W-07-05, 28.30978, 84.62769, 497.643
90, W-07-06, 47.13600, 114.63196, 504.310
91, W-07-07, 52.72605, 161.10908, 506.365
92, W-07-08, 40.28666, -158.56744, 501.763
93, W-07-09, 18.89162, -134.01182, 495.089
94, W-07-10, -4.99823, -115.40748, 493.024
95, W-07-11, -28.30978, -95.37231, 497.643

[LINKS]
Type, SourceID, TargetID
ISL, 0, 1
ISL, 0, 23
ISL, 1, 2
ISL, 1, 12
ISL, 2, 3
ISL, 2, 13
ISL, 3, 4
ISL, 3, 14
ISL, 4, 5
ISL, 4, 15
ISL, 5, 6
ISL, 5, 15
ISL, 6, 7
ISL, 6, 17
ISL, 7, 8
ISL, 7, 18
ISL, 8, 9
ISL, 8, 19
ISL, 9, 10
ISL, 9, 20
ISL, 10, 11
ISL, 10, 21
ISL, 11, 0
ISL, 11, 21
ISL, 12, 13
ISL, 12, 35
ISL, 13, 14
ISL, 13, 24
ISL, 14, 15
ISL, 14, 25
ISL, 15, 16
ISL, 15, 26
ISL, 16, 17
ISL, 16, 27
ISL, 17, 18
ISL, 17, 28
ISL, 18, 19
ISL, 18, 29
ISL, 19, 20
ISL, 19, 30
ISL, 20, 21
ISL, 20, 31
ISL, 21, 22
ISL, 21, 32
ISL, 22, 23
ISL, 22, 33
ISL, 23, 12
ISL, 23, 34
ISL, 24, 25
ISL, 24, 47
ISL, 25, 26
ISL, 25, 36
ISL, 26, 27
ISL, 26, 37
ISL, 27, 28
ISL, 27, 38
ISL, 28, 29
ISL, 28, 39
ISL, 29, 30
ISL, 29, 40
ISL, 30, 31
ISL, 30, 41
ISL, 31, 32
ISL, 31, 42
ISL, 32, 33
ISL, 32, 43
ISL, 33, 34
ISL, 33, 44
ISL, 34, 35
ISL, 34, 45
ISL, 35, 24
ISL, 35, 46
ISL, 36, 37
ISL, 36, 59
ISL, 37, 38
ISL, 37, 48
ISL, 38, 39
ISL, 38, 49
ISL, 39, 40
ISL, 39, 50
ISL, 40, 41
ISL, 40, 50
ISL, 41, 42
ISL, 41, 52
ISL, 42, 43
ISL, 42, 53
ISL, 43, 44
ISL, 43, 54
ISL, 44, 45
ISL, 44, 55
ISL, 45, 46
ISL, 45, 56
ISL, 46, 47
ISL, 46, 56
ISL, 47, 36
ISL, 47, 58
ISL, 48, 49
ISL, 48, 71
ISL, 49, 50
ISL, 49, 60
ISL, 50, 51
ISL, 50, 61
ISL, 51, 52
ISL, 51, 62
ISL, 52, 53
ISL, 52, 63
ISL, 53, 54
ISL, 53, 64
ISL, 54, 55
ISL, 54, 65
ISL, 55, 56
ISL, 55, 66
ISL, 56, 57
ISL, 56, 67
ISL, 57, 58
ISL, 57, 68
ISL, 58, 59
ISL, 58, 69
ISL, 59, 48
ISL, 59, 70
ISL, 60, 61
ISL, 60, 83
ISL, 61, 62
ISL, 61, 72
ISL, 62, 63
ISL, 62, 73
ISL, 63, 64
ISL, 63, 73
ISL, 64, 65
ISL, 64, 75
ISL, 65, 66
ISL, 65, 76
ISL, 66, 67
ISL, 66, 77
ISL, 67, 68
ISL, 67, 78
ISL, 68, 69
ISL, 68, 79
ISL, 69, 70
ISL, 69, 79
ISL, 70, 71
ISL, 70, 81
ISL, 71, 60
ISL, 71, 82
ISL, 72, 73
ISL, 72, 95
ISL, 73, 74
ISL, 73, 84
ISL, 74, 75
ISL, 74, 85
ISL, 75, 76
ISL, 75, 85
ISL, 76, 77
ISL, 76, 87
ISL, 77, 78
ISL, 77, 88
ISL, 78, 79
ISL, 78, 89
ISL, 79, 80
ISL, 79, 90
ISL, 80, 81
ISL, 80, 91
ISL, 81, 82
ISL, 81, 91
ISL, 82, 83
ISL, 82, 93
ISL, 83, 72
ISL, 83, 94
ISL, 84, 85
ISL, 84, 2
ISL, 85, 86
ISL, 85, 3
ISL, 86, 87
ISL, 86, 4
ISL, 87, 88
ISL, 87, 5
ISL, 88, 89
ISL, 88, 6
ISL, 89, 90
ISL, 89, 7
ISL, 90, 91
ISL, 90, 8
ISL, 91, 92
ISL, 91, 9
ISL, 92, 93
ISL, 92, 10
ISL, 93, 94
ISL, 93, 11
ISL, 94, 95
ISL, 94, 0
ISL, 95, 84
ISL, 95, 1
