[METADATA]
Time: 2026-04-12 02:56:13
Step: 24
Total_Sats: 96

[NODES]
ID, Name, Lat(deg), Lon(deg), Alt(km)
0, W-00-00, 15.04587, 127.22711, 494.293
1, W-00-01, 37.14196, 150.17149, 500.620
2, W-00-02, 51.76223, -172.51354, 506.016
3, W-00-03, 49.27032, -124.81453, 505.102
4, W-00-04, 31.86065, -92.12346, 498.788
5, W-00-05, 8.93559, -71.14811, 493.375
6, W-00-06, -15.04587, -52.77289, 494.293
7, W-00-07, -37.14196, -29.82851, 500.620
8, W-00-08, -51.76223, 7.48646, 506.016
9, W-00-09, -49.27032, 55.18547, 505.102
10, W-00-10, -31.86065, 87.87654, 498.788
11, W-00-11, -8.93559, 108.85189, 493.375
12, W-01-00, 23.74539, 179.84878, 496.308
13, W-01-01, 43.99568, -153.07718, 503.138
14, W-01-02, 53.17107, -109.21297, 506.525
15, W-01-03, 43.88049, -65.45456, 503.095
16, W-01-04, 23.58759, -38.47170, 496.264
17, W-01-05, -0.08370, -19.32335, 492.863
18, W-01-06, -23.74539, -0.15122, 496.308
19, W-01-07, -43.99568, 26.92282, 503.138
20, W-01-08, -53.17107, 70.78703, 506.525
21, W-01-09, -43.88049, 114.54544, 503.095
22, W-01-10, -23.58759, 141.52830, 496.264
23, W-01-11, 0.08370, 160.67665, 492.863
24, W-02-00, 32.00817, -126.47514, 498.837
25, W-02-01, 49.35197, -93.66470, 505.132
26, W-02-02, 51.71010, -45.93414, 505.997
27, W-02-03, 37.00457, -8.74751, 500.571
28, W-02-04, 14.88200, 14.13504, 494.263
29, W-02-05, -9.10175, 32.50453, 493.394
30, W-02-06, -32.00817, 53.52486, 498.837
31, W-02-07, -49.35197, 86.33530, 505.132
32, W-02-08, -51.71010, 134.06586, 505.997
33, W-02-09, -37.00457, 171.25249, 500.571
34, W-02-10, -14.88200, -165.86496, 494.263
35, W-02-11, 9.10175, -147.49547, 493.394
36, W-03-00, 39.55670, -71.17410, 501.495
37, W-03-01, 52.54424, -31.55753, 506.299
38, W-03-02, 47.67833, 15.29005, 504.512
39, W-03-03, 29.16581, 45.90902, 497.911
40, W-03-04, 5.93726, 66.14722, 493.090
41, W-03-05, -17.98101, 84.68055, 494.886
42, W-03-06, -39.55670, 108.82590, 501.495
43, W-03-07, -52.54424, 148.44247, 506.299
44, W-03-08, -47.67833, -164.70995, 504.512
45, W-03-09, -29.16581, -134.09098, 497.911
46, W-03-10, -5.93726, -113.85278, 493.090
47, W-03-11, 17.98101, -95.31945, 494.886
48, W-04-00, 45.97861, -13.58942, 503.878
49, W-04-01, 52.99988, 32.00126, 506.463
50, W-04-02, 41.72407, 73.71726, 502.294
51, W-04-03, 20.72298, 99.15559, 495.522
52, W-04-04, -3.09642, 117.93569, 492.925
53, W-04-05, -26.55972, 137.59811, 497.111
54, W-04-06, -45.97861, 166.41058, 503.878
55, W-04-07, -52.99988, -147.99874, 506.463
56, W-04-08, -41.72407, -106.28274, 502.294
57, W-04-09, -20.72298, -80.84441, 495.522
58, W-04-10, 3.09642, -62.06431, 492.925
59, W-04-11, 26.55972, -42.40189, 497.111
60, W-05-00, 50.69042, 46.76857, 505.625
61, W-05-01, 50.62284, 94.76897, 505.600
62, W-05-02, 34.47792, 129.66576, 499.679
63, W-05-03, 11.91899, 151.51901, 493.768
64, W-05-04, -12.08416, 169.83989, 493.793
65, W-05-05, -34.62077, -168.25376, 499.729
66, W-05-06, -50.69042, -133.23143, 505.625
67, W-05-07, -50.62284, -85.23103, 505.600
68, W-05-08, -34.47792, -50.33424, 499.679
69, W-05-09, -11.91899, -28.48099, 493.768
70, W-05-10, 12.08416, -10.16011, 493.793
71, W-05-11, 34.62077, 11.74624, 499.729
72, W-06-00, 53.01786, 109.57020, 506.470
73, W-06-01, 45.87320, 155.07479, 503.839
74, W-06-02, 26.40480, -176.21408, 497.065
75, W-06-03, 2.92917, -156.58205, 492.918
76, W-06-04, -20.88320, -137.78442, 495.562
77, W-06-05, -41.84777, -112.26508, 502.339
78, W-06-06, -53.01786, -70.42980, 506.470
79, W-06-07, -45.87320, -24.92521, 503.839
80, W-06-08, -26.40480, 3.78592, 497.065
81, W-06-09, -2.92917, 23.41795, 492.918
82, W-06-10, 20.88320, 42.21558, 495.562
83, W-06-11, 41.84777, 67.73492, 502.339
84, W-07-00, 52.50874, 173.12150, 506.286
85, W-07-01, 39.42564, -147.38852, 501.447
86, W-07-02, 17.81879, -123.31433, 494.851
87, W-07-03, -6.10410, -104.79254, 493.103
88, W-07-04, -29.31733, -84.51692, 497.959
89, W-07-05, -47.77259, -53.78695, 504.547
90, W-07-06, -52.50874, -6.87850, 506.286
91, W-07-07, -39.42564, 32.61148, 501.447
92, W-07-08, -17.81879, 56.68567, 494.851
93, W-07-09, 6.10410, 75.20746, 493.103
94, W-07-10, 29.31733, 95.48308, 497.959
95, W-07-11, 47.77259, 126.21305, 504.547

[LINKS]
Type, SourceID, TargetID
ISL, 0, 1
ISL, 0, 23
ISL, 1, 2
ISL, 1, 12
ISL, 2, 3
ISL, 2, 13
ISL, 3, 4
ISL, 3, 14
ISL, 4, 5
ISL, 4, 15
ISL, 5, 6
ISL, 5, 15
ISL, 6, 7
ISL, 6, 17
ISL, 7, 8
ISL, 7, 18
ISL, 8, 9
ISL, 8, 19
ISL, 9, 10
ISL, 9, 20
ISL, 10, 11
ISL, 10, 21
ISL, 11, 0
ISL, 11, 21
ISL, 12, 13
ISL, 12, 35
ISL, 13, 14
ISL, 13, 24
ISL, 14, 15
ISL, 14, 25
ISL, 15, 16
ISL, 15, 26
ISL, 16, 17
ISL, 16, 27
ISL, 17, 18
ISL, 17, 28
ISL, 18, 19
ISL, 18, 29
ISL, 19, 20
ISL, 19, 30
ISL, 20, 21
ISL, 20, 31
ISL, 21, 22
ISL, 21, 32
ISL, 22, 23
ISL, 22, 33
ISL, 23, 12
ISL, 23, 34
ISL, 24, 25
ISL, 24, 47
ISL, 25, 26
ISL, 25, 36
ISL, 26, 27
ISL, 26, 37
ISL, 27, 28
ISL, 27, 38
ISL, 28, 29
ISL, 28, 39
ISL, 29, 30
ISL, 29, 40
ISL, 30, 31
ISL, 30, 41
ISL, 31, 32
ISL, 31, 42
ISL, 32, 33
ISL, 32, 43
ISL, 33, 34
ISL, 33, 44
ISL, 34, 35
ISL, 34, 45
ISL, 35, 24
ISL, 35, 46
ISL, 36, 37
ISL, 36, 59
ISL, 37, 38
ISL, 37, 48
ISL, 38, 39
ISL, 38, 49
ISL, 39, 40
ISL, 39, 50
ISL, 40, 41
ISL, 40, 50
ISL, 41, 42
ISL, 41, 52
ISL, 42, 43
ISL, 42, 53
ISL, 43, 44
ISL, 43, 54
ISL, 44, 45
ISL, 44, 55
ISL, 45, 46
ISL, 45, 56
ISL, 46, 47
ISL, 46, 56
ISL, 47, 36
ISL, 47, 58
ISL, 48, 49
ISL, 48, 71
ISL, 49, 50
ISL, 49, 60
ISL, 50, 51
ISL, 50, 61
ISL, 51, 52
ISL, 51, 62
ISL, 52, 53
ISL, 52, 63
ISL, 53, 54
ISL, 53, 64
ISL, 54, 55
ISL, 54, 65
ISL, 55, 56
ISL, 55, 66
ISL, 56, 57
ISL, 56, 67
ISL, 57, 58
ISL, 57, 68
ISL, 58, 59
ISL, 58, 69
ISL, 59, 48
ISL, 59, 70
ISL, 60, 61
ISL, 60, 83
ISL, 61, 62
ISL, 61, 72
ISL, 62, 63
ISL, 62, 73
ISL, 63, 64
ISL, 63, 73
ISL, 64, 65
ISL, 64, 75
ISL, 65, 66
ISL, 65, 76
ISL, 66, 67
ISL, 66, 77
ISL, 67, 68
ISL, 67, 78
ISL, 68, 69
ISL, 68, 79
ISL, 69, 70
ISL, 69, 79
ISL, 70, 71
ISL, 70, 81
ISL, 71, 60
ISL, 71, 82
ISL, 72, 73
ISL, 72, 95
ISL, 73, 74
ISL, 73, 84
ISL, 74, 75
ISL, 74, 85
ISL, 75, 76
ISL, 75, 85
ISL, 76, 77
ISL, 76, 87
ISL, 77, 78
ISL, 77, 88
ISL, 78, 79
ISL, 78, 89
ISL, 79, 80
ISL, 79, 90
ISL, 80, 81
ISL, 80, 91
ISL, 81, 82
ISL, 81, 91
ISL, 82, 83
ISL, 82, 93
ISL, 83, 72
ISL, 83, 94
ISL, 84, 85
ISL, 84, 2
ISL, 85, 86
ISL, 85, 3
ISL, 86, 87
ISL, 86, 4
ISL, 87, 88
ISL, 87, 5
ISL, 88, 89
ISL, 88, 6
ISL, 89, 90
ISL, 89, 7
ISL, 90, 91
ISL, 90, 8
ISL, 91, 92
ISL, 91, 9
ISL, 92, 93
ISL, 92, 10
ISL, 93, 94
ISL, 93, 11
ISL, 94, 95
ISL, 94, 0
ISL, 95, 84
ISL, 95, 1
