[METADATA]
Time: 2026-04-12 03:57:43
Step: 147
Total_Sats: 96

[NODES]
ID, Name, Lat(deg), Lon(deg), Alt(km)
0, W-00-00, -50.04846, -16.42108, 505.389
1, W-00-01, -51.20482, 31.51464, 505.813
2, W-00-02, -35.76194, 67.55745, 500.129
3, W-00-03, -13.41335, 89.90919, 494.005
4, W-00-04, 10.58518, 108.24166, 493.579
5, W-00-05, 33.31626, 129.68371, 499.279
6, W-00-06, 50.04846, 163.57892, 505.389
7, W-00-07, 51.20482, -148.48536, 505.813
8, W-00-08, 35.76194, -112.44255, 500.129
9, W-00-09, 13.41335, -90.09081, 494.005
10, W-00-10, -10.58518, -71.75834, 493.579
11, W-00-11, -33.31626, -50.31629, 499.279
12, W-01-00, -52.81893, 46.05205, 506.398
13, W-01-01, -46.80684, 92.28916, 504.187
14, W-01-02, -27.80219, 121.93881, 497.486
15, W-01-03, -4.44421, 141.86016, 492.990
16, W-01-04, 19.42691, 160.51126, 495.212
17, W-01-05, 40.71116, -174.68319, 501.919
18, W-01-06, 52.81893, -133.94795, 506.398
19, W-01-07, 46.80684, -87.71084, 504.187
20, W-01-08, 27.80219, -58.06119, 497.486
21, W-01-09, 4.44421, -38.13984, 492.990
22, W-01-10, -19.42691, -19.48874, 495.212
23, W-01-11, -40.71116, 5.31681, 501.919
24, W-02-00, -52.79535, 109.64092, 506.390
25, W-02-01, -40.59906, 150.26743, 501.878
26, W-02-02, -19.28512, 175.00614, 495.179
27, W-02-03, 4.59111, -166.35551, 492.999
28, W-02-04, 27.93695, -146.40442, 497.528
29, W-02-05, 46.89477, -116.66133, 504.220
30, W-02-06, 52.79535, -70.35908, 506.390
31, W-02-07, 40.59906, -29.73257, 501.878
32, W-02-08, 19.28512, -4.99386, 495.179
33, W-02-09, -4.59111, 13.64449, 492.999
34, W-02-10, -27.93695, 33.59558, 497.528
35, W-02-11, -46.89477, 63.33867, 504.220
36, W-03-00, -49.98270, 172.07980, 505.365
37, W-03-01, -33.18854, -154.13295, 499.235
38, W-03-02, -10.43951, -132.73395, 493.560
39, W-03-03, 13.55802, -114.39897, 494.029
40, W-03-04, 35.88522, -91.99677, 500.172
41, W-03-05, 51.25758, -55.84193, 505.832
42, W-03-06, 49.98270, -7.92020, 505.365
43, W-03-07, 33.18854, 25.86705, 499.235
44, W-03-08, 10.43951, 47.26605, 493.560
45, W-03-09, -13.55802, 65.60103, 494.029
46, W-03-10, -35.88522, 88.00323, 500.172
47, W-03-11, -51.25758, 124.15807, 505.832
48, W-04-00, -44.90544, -128.08350, 503.478
49, W-04-01, -25.01210, -100.25362, 496.661
50, W-04-02, -1.43314, -80.87664, 492.876
51, W-04-03, 22.31016, -61.90711, 495.924
52, W-04-04, 42.93372, -35.63855, 502.743
53, W-04-05, 53.13445, 7.23513, 506.512
54, W-04-06, 44.90544, 51.91650, 503.478
55, W-04-07, 25.01210, 79.74638, 496.661
56, W-04-08, 1.43314, 99.12336, 492.876
57, W-04-09, -22.31016, 118.09289, 495.924
58, W-04-10, -42.93372, 144.36145, 502.743
59, W-04-11, -53.13445, -172.76487, 506.512
60, W-05-00, -38.23744, -70.96726, 501.015
61, W-05-01, -16.36391, -47.50585, 494.548
62, W-05-02, 7.59444, -29.07277, 493.234
63, W-05-03, 30.66275, -8.44432, 498.392
64, W-05-04, 48.58544, 23.30009, 504.848
65, W-05-05, 52.14949, 70.68314, 506.156
66, W-05-06, 38.23744, 109.03274, 501.015
67, W-05-07, 16.36391, 132.49415, 494.548
68, W-05-08, -7.59444, 150.92723, 493.234
69, W-05-09, -30.66275, 171.55568, 498.392
70, W-05-10, -48.58544, -156.69991, 504.848
71, W-05-11, -52.14949, -109.31686, 506.156
72, W-06-00, -30.53123, -16.01366, 498.349
73, W-06-01, -7.44803, 4.57863, 493.220
74, W-06-02, 16.50730, 23.01929, 494.577
75, W-06-03, 38.35555, 46.53910, 501.058
76, W-06-04, 52.18813, 85.00131, 506.170
77, W-06-05, 48.50795, 132.34338, 504.820
78, W-06-06, 30.53123, 163.98634, 498.349
79, W-06-07, 7.44803, -175.42137, 493.220
80, W-06-08, -16.50730, -156.98071, 494.577
81, W-06-09, -38.35555, -133.46090, 501.058
82, W-06-10, -52.18813, -94.99869, 506.170
83, W-06-11, -48.50795, -47.65662, 504.820
84, W-07-00, -22.17032, 37.42927, 495.888
85, W-07-01, 1.58027, 56.38068, 492.879
86, W-07-02, 25.14962, 75.78143, 496.700
87, W-07-03, 45.00256, 103.69595, 503.514
88, W-07-04, 53.12652, 148.46234, 506.509
89, W-07-05, 42.82858, -168.76362, 502.704
90, W-07-06, 22.17032, -142.57073, 495.888
91, W-07-07, -1.58027, -123.61932, 492.879
92, W-07-08, -25.14962, -104.21857, 496.700
93, W-07-09, -45.00256, -76.30405, 503.514
94, W-07-10, -53.12652, -31.53766, 506.509
95, W-07-11, -42.82858, 11.23638, 502.704

[LINKS]
Type, SourceID, TargetID
ISL, 0, 1
ISL, 0, 23
ISL, 1, 2
ISL, 1, 12
ISL, 2, 3
ISL, 2, 13
ISL, 3, 4
ISL, 3, 14
ISL, 4, 5
ISL, 4, 15
ISL, 5, 6
ISL, 5, 15
ISL, 6, 7
ISL, 6, 17
ISL, 7, 8
ISL, 7, 18
ISL, 8, 9
ISL, 8, 19
ISL, 9, 10
ISL, 9, 20
ISL, 10, 11
ISL, 10, 21
ISL, 11, 0
ISL, 11, 21
ISL, 12, 13
ISL, 12, 35
ISL, 13, 14
ISL, 13, 24
ISL, 14, 15
ISL, 14, 25
ISL, 15, 16
ISL, 15, 26
ISL, 16, 17
ISL, 16, 27
ISL, 17, 18
ISL, 17, 28
ISL, 18, 19
ISL, 18, 29
ISL, 19, 20
ISL, 19, 30
ISL, 20, 21
ISL, 20, 31
ISL, 21, 22
ISL, 21, 32
ISL, 22, 23
ISL, 22, 33
ISL, 23, 12
ISL, 23, 34
ISL, 24, 25
ISL, 24, 47
ISL, 25, 26
ISL, 25, 36
ISL, 26, 27
ISL, 26, 37
ISL, 27, 28
ISL, 27, 38
ISL, 28, 29
ISL, 28, 39
ISL, 29, 30
ISL, 29, 40
ISL, 30, 31
ISL, 30, 41
ISL, 31, 32
ISL, 31, 42
ISL, 32, 33
ISL, 32, 43
ISL, 33, 34
ISL, 33, 44
ISL, 34, 35
ISL, 34, 45
ISL, 35, 24
ISL, 35, 46
ISL, 36, 37
ISL, 36, 59
ISL, 37, 38
ISL, 37, 48
ISL, 38, 39
ISL, 38, 49
ISL, 39, 40
ISL, 39, 50
ISL, 40, 41
ISL, 40, 50
ISL, 41, 42
ISL, 41, 52
ISL, 42, 43
ISL, 42, 53
ISL, 43, 44
ISL, 43, 54
ISL, 44, 45
ISL, 44, 55
ISL, 45, 46
ISL, 45, 56
ISL, 46, 47
ISL, 46, 56
ISL, 47, 36
ISL, 47, 58
ISL, 48, 49
ISL, 48, 71
ISL, 49, 50
ISL, 49, 60
ISL, 50, 51
ISL, 50, 61
ISL, 51, 52
ISL, 51, 62
ISL, 52, 53
ISL, 52, 63
ISL, 53, 54
ISL, 53, 64
ISL, 54, 55
ISL, 54, 65
ISL, 55, 56
ISL, 55, 66
ISL, 56, 57
ISL, 56, 67
ISL, 57, 58
ISL, 57, 68
ISL, 58, 59
ISL, 58, 69
ISL, 59, 48
ISL, 59, 70
ISL, 60, 61
ISL, 60, 83
ISL, 61, 62
ISL, 61, 72
ISL, 62, 63
ISL, 62, 73
ISL, 63, 64
ISL, 63, 73
ISL, 64, 65
ISL, 64, 75
ISL, 65, 66
ISL, 65, 76
ISL, 66, 67
ISL, 66, 77
ISL, 67, 68
ISL, 67, 78
ISL, 68, 69
ISL, 68, 79
ISL, 69, 70
ISL, 69, 79
ISL, 70, 71
ISL, 70, 81
ISL, 71, 60
ISL, 71, 82
ISL, 72, 73
ISL, 72, 95
ISL, 73, 74
ISL, 73, 84
ISL, 74, 75
ISL, 74, 85
ISL, 75, 76
ISL, 75, 85
ISL, 76, 77
ISL, 76, 87
ISL, 77, 78
ISL, 77, 88
ISL, 78, 79
ISL, 78, 89
ISL, 79, 80
ISL, 79, 90
ISL, 80, 81
ISL, 80, 91
ISL, 81, 82
ISL, 81, 91
ISL, 82, 83
ISL, 82, 93
ISL, 83, 72
ISL, 83, 94
ISL, 84, 85
ISL, 84, 2
ISL, 85, 86
ISL, 85, 3
ISL, 86, 87
ISL, 86, 4
ISL, 87, 88
ISL, 87, 5
ISL, 88, 89
ISL, 88, 6
ISL, 89, 90
ISL, 89, 7
ISL, 90, 91
ISL, 90, 8
ISL, 91, 92
ISL, 91, 9
ISL, 92, 93
ISL, 92, 10
ISL, 93, 94
ISL, 93, 11
ISL, 94, 95
ISL, 94, 0
ISL, 95, 84
ISL, 95, 1
