[METADATA]
Time: 2026-04-12 04:04:13
Step: 160
Total_Sats: 96

[NODES]
ID, Name, Lat(deg), Lon(deg), Alt(km)
0, W-00-00, -52.44111, 21.69047, 506.262
1, W-00-01, -39.18405, 60.94742, 501.359
2, W-00-02, -17.52067, 84.89234, 494.787
3, W-00-03, 6.41035, 103.39379, 493.127
4, W-00-04, 29.59498, 123.73919, 498.048
5, W-00-05, 47.94392, 154.67426, 504.610
6, W-00-06, 52.44111, -158.30953, 506.262
7, W-00-07, 39.18405, -119.05258, 501.359
8, W-00-08, 17.52067, -95.10766, 494.787
9, W-00-09, -6.41035, -76.60621, 493.127
10, W-00-10, -29.59498, -56.26081, 498.048
11, W-00-11, -47.94392, -25.32574, 504.610
12, W-01-00, -49.11849, 83.67404, 505.046
13, W-01-01, -31.58918, 116.14702, 498.697
14, W-01-02, -8.63042, 137.04092, 493.341
15, W-01-03, 15.34652, 155.42748, 494.350
16, W-01-04, 37.39336, 178.48670, 500.710
17, W-01-05, 51.85561, -143.96263, 506.050
18, W-01-06, 49.11849, -96.32596, 505.046
19, W-01-07, 31.58918, -63.85298, 498.697
20, W-01-08, 8.63042, -42.95908, 493.341
21, W-01-09, -15.34652, -24.57252, 494.350
22, W-01-10, -37.39336, -1.51330, 500.710
23, W-01-11, -51.85561, 36.03737, 506.050
24, W-02-00, -43.66769, 142.93770, 503.016
25, W-02-01, -23.29749, 169.75465, 496.186
26, W-02-02, 0.39102, -171.13974, 492.864
27, W-02-03, 24.03473, -151.92302, 496.387
28, W-02-04, 44.20584, -124.68010, 503.217
29, W-02-05, 53.16846, -80.62410, 506.524
30, W-02-06, 43.66769, -37.06230, 503.016
31, W-02-07, 23.29749, -10.24535, 496.186
32, W-02-08, -0.39102, 8.86026, 492.864
33, W-02-09, -24.03473, 28.07698, 496.387
34, W-02-10, -44.20584, 55.31990, 503.217
35, W-02-11, -53.16846, 99.37590, 506.524
36, W-03-00, -36.75147, -160.43597, 500.480
37, W-03-01, -14.58093, -137.66564, 494.208
38, W-03-02, 9.40668, -119.30583, 493.430
39, W-03-03, 32.27840, -98.20179, 498.927
40, W-03-04, 49.49994, -65.17111, 505.187
41, W-03-05, 51.61207, -17.38711, 505.961
42, W-03-06, 36.75147, 19.56403, 500.480
43, W-03-07, 14.58093, 42.33436, 494.208
44, W-03-08, -9.40668, 60.69417, 493.430
45, W-03-09, -32.27840, 81.79821, 498.927
46, W-03-10, -49.49994, 114.82889, 505.187
47, W-03-11, -51.61207, 162.61289, 505.961
48, W-04-00, -28.88709, -105.83738, 497.823
49, W-04-01, -5.63086, -85.66684, 493.067
50, W-04-02, 18.27860, -67.11148, 494.952
51, W-04-03, 39.79631, -42.83409, 501.583
52, W-04-04, 52.60692, -2.98575, 506.322
53, W-04-05, 47.50356, 43.74609, 504.447
54, W-04-06, 28.88709, 74.16262, 497.823
55, W-04-07, 5.63086, 94.33316, 493.067
56, W-04-08, -18.27860, 112.88852, 494.952
57, W-04-09, -39.79631, 137.16591, 501.583
58, W-04-10, -52.60692, 177.01425, 506.322
59, W-04-11, -47.50356, -136.25391, 504.447
60, W-05-00, -20.42850, -52.62877, 495.450
61, W-05-01, 3.40346, -33.87997, 492.938
62, W-05-02, 26.84370, -14.16078, 497.196
63, W-05-03, 46.17064, 14.83921, 503.950
64, W-05-04, 52.96429, 60.58465, 506.451
65, W-05-05, 41.49584, 102.08016, 502.209
66, W-05-06, 20.42850, 127.37123, 495.450
67, W-05-07, -3.40346, 146.12003, 492.938
68, W-05-08, -26.84370, 165.83922, 497.196
69, W-05-09, -46.17064, -165.16079, 503.950
70, W-05-10, -52.96429, -119.41535, 506.451
71, W-05-11, -41.49584, -77.91984, 502.209
72, W-06-00, -11.61558, -0.28752, 493.723
73, W-06-01, 12.38724, 18.03419, 493.840
74, W-06-02, 34.88230, 40.03925, 499.820
75, W-06-03, 50.81235, 75.29272, 505.669
76, W-06-04, 50.49663, 123.28850, 505.554
77, W-06-05, 34.21493, 157.95551, 499.588
78, W-06-06, 11.61558, 179.71248, 493.723
79, W-06-07, -12.38724, -161.96581, 493.840
80, W-06-08, -34.88230, -139.96075, 499.820
81, W-06-09, -50.81235, -104.70728, 505.669
82, W-06-10, -50.49663, -56.71150, 505.554
83, W-06-11, -34.21493, -22.04449, 499.588
84, W-07-00, -2.62205, 51.60209, 492.907
85, W-07-01, 21.17705, 70.43279, 495.635
86, W-07-02, 42.07372, 96.10230, 502.423
87, W-07-03, 53.04829, 138.15507, 506.481
88, W-07-04, 45.67815, -176.50164, 503.766
89, W-07-05, 26.11991, -147.97514, 496.981
90, W-07-06, 2.62205, -128.39791, 492.907
91, W-07-07, -21.17705, -109.56721, 495.635
92, W-07-08, -42.07372, -83.89770, 502.423
93, W-07-09, -53.04829, -41.84493, 506.481
94, W-07-10, -45.67815, 3.49836, 503.766
95, W-07-11, -26.11991, 32.02486, 496.981

[LINKS]
Type, SourceID, TargetID
ISL, 0, 1
ISL, 0, 23
ISL, 1, 2
ISL, 1, 12
ISL, 2, 3
ISL, 2, 13
ISL, 3, 4
ISL, 3, 14
ISL, 4, 5
ISL, 4, 15
ISL, 5, 6
ISL, 5, 15
ISL, 6, 7
ISL, 6, 17
ISL, 7, 8
ISL, 7, 18
ISL, 8, 9
ISL, 8, 19
ISL, 9, 10
ISL, 9, 20
ISL, 10, 11
ISL, 10, 21
ISL, 11, 0
ISL, 11, 21
ISL, 12, 13
ISL, 12, 35
ISL, 13, 14
ISL, 13, 24
ISL, 14, 15
ISL, 14, 25
ISL, 15, 16
ISL, 15, 26
ISL, 16, 17
ISL, 16, 27
ISL, 17, 18
ISL, 17, 28
ISL, 18, 19
ISL, 18, 29
ISL, 19, 20
ISL, 19, 30
ISL, 20, 21
ISL, 20, 31
ISL, 21, 22
ISL, 21, 32
ISL, 22, 23
ISL, 22, 33
ISL, 23, 12
ISL, 23, 34
ISL, 24, 25
ISL, 24, 47
ISL, 25, 26
ISL, 25, 36
ISL, 26, 27
ISL, 26, 37
ISL, 27, 28
ISL, 27, 38
ISL, 28, 29
ISL, 28, 39
ISL, 29, 30
ISL, 29, 40
ISL, 30, 31
ISL, 30, 41
ISL, 31, 32
ISL, 31, 42
ISL, 32, 33
ISL, 32, 43
ISL, 33, 34
ISL, 33, 44
ISL, 34, 35
ISL, 34, 45
ISL, 35, 24
ISL, 35, 46
ISL, 36, 37
ISL, 36, 59
ISL, 37, 38
ISL, 37, 48
ISL, 38, 39
ISL, 38, 49
ISL, 39, 40
ISL, 39, 50
ISL, 40, 41
ISL, 40, 50
ISL, 41, 42
ISL, 41, 52
ISL, 42, 43
ISL, 42, 53
ISL, 43, 44
ISL, 43, 54
ISL, 44, 45
ISL, 44, 55
ISL, 45, 46
ISL, 45, 56
ISL, 46, 47
ISL, 46, 56
ISL, 47, 36
ISL, 47, 58
ISL, 48, 49
ISL, 48, 71
ISL, 49, 50
ISL, 49, 60
ISL, 50, 51
ISL, 50, 61
ISL, 51, 52
ISL, 51, 62
ISL, 52, 53
ISL, 52, 63
ISL, 53, 54
ISL, 53, 64
ISL, 54, 55
ISL, 54, 65
ISL, 55, 56
ISL, 55, 66
ISL, 56, 57
ISL, 56, 67
ISL, 57, 58
ISL, 57, 68
ISL, 58, 59
ISL, 58, 69
ISL, 59, 48
ISL, 59, 70
ISL, 60, 61
ISL, 60, 83
ISL, 61, 62
ISL, 61, 72
ISL, 62, 63
ISL, 62, 73
ISL, 63, 64
ISL, 63, 73
ISL, 64, 65
ISL, 64, 75
ISL, 65, 66
ISL, 65, 76
ISL, 66, 67
ISL, 66, 77
ISL, 67, 68
ISL, 67, 78
ISL, 68, 69
ISL, 68, 79
ISL, 69, 70
ISL, 69, 79
ISL, 70, 71
ISL, 70, 81
ISL, 71, 60
ISL, 71, 82
ISL, 72, 73
ISL, 72, 95
ISL, 73, 74
ISL, 73, 84
ISL, 74, 75
ISL, 74, 85
ISL, 75, 76
ISL, 75, 85
ISL, 76, 77
ISL, 76, 87
ISL, 77, 78
ISL, 77, 88
ISL, 78, 79
ISL, 78, 89
ISL, 79, 80
ISL, 79, 90
ISL, 80, 81
ISL, 80, 91
ISL, 81, 82
ISL, 81, 91
ISL, 82, 83
ISL, 82, 93
ISL, 83, 72
ISL, 83, 94
ISL, 84, 85
ISL, 84, 2
ISL, 85, 86
ISL, 85, 3
ISL, 86, 87
ISL, 86, 4
ISL, 87, 88
ISL, 87, 5
ISL, 88, 89
ISL, 88, 6
ISL, 89, 90
ISL, 89, 7
ISL, 90, 91
ISL, 90, 8
ISL, 91, 92
ISL, 91, 9
ISL, 92, 93
ISL, 92, 10
ISL, 93, 94
ISL, 93, 11
ISL, 94, 95
ISL, 94, 0
ISL, 95, 84
ISL, 95, 1
