[METADATA]
Time: 2026-04-12 04:11:13
Step: 174
Total_Sats: 96

[NODES]
ID, Name, Lat(deg), Lon(deg), Alt(km)
0, W-00-00, -41.24025, 55.77747, 502.115
1, W-00-01, -20.10046, 80.90691, 495.371
2, W-00-02, 3.74493, 99.62224, 492.954
3, W-00-03, 27.15888, 119.40609, 497.291
4, W-00-04, 46.38190, 148.61685, 504.029
5, W-00-05, 52.92080, -165.47070, 506.435
6, W-00-06, 41.24025, -124.22253, 502.115
7, W-00-07, 20.10046, -99.09309, 495.371
8, W-00-08, -3.74493, -80.37776, 492.954
9, W-00-09, -27.15888, -60.59391, 497.291
10, W-00-10, -46.38190, -31.38315, 504.029
11, W-00-11, -52.92080, 14.52930, 506.435
12, W-01-00, -33.92129, 111.57235, 499.486
13, W-01-01, -11.27784, 133.22406, 493.675
14, W-01-02, 12.72411, 151.54795, 493.893
15, W-01-03, 35.17209, 173.66469, 499.921
16, W-01-04, 50.94468, -150.82380, 505.718
17, W-01-05, 50.35304, -102.84017, 505.501
18, W-01-06, 33.92129, -68.42765, 499.486
19, W-01-07, 11.27784, -46.77594, 493.675
20, W-01-08, -12.72411, -28.45205, 493.893
21, W-01-09, -35.17209, -6.33531, 499.921
22, W-01-10, -50.94468, 29.17620, 505.718
23, W-01-11, -50.35304, 77.15983, 505.501
24, W-02-00, -25.80235, 165.58602, 496.889
25, W-02-01, -2.28037, -174.89622, 492.897
26, W-02-02, 21.50341, -156.02740, 495.717
27, W-02-03, 42.32328, -130.18861, 502.516
28, W-02-04, 53.07820, -87.89638, 506.492
29, W-02-05, 45.45894, -42.73734, 503.684
30, W-02-06, 25.80235, -14.41398, 496.889
31, W-02-07, 2.28037, 5.10378, 492.897
32, W-02-08, -21.50341, 23.97260, 495.717
33, W-02-09, -42.32328, 49.81139, 502.516
34, W-02-10, -53.07820, 92.10362, 506.492
35, W-02-11, -45.45894, 137.26266, 503.684
36, W-03-00, -17.18867, -141.58174, 494.717
37, W-03-01, 6.75088, -123.10162, 493.156
38, W-03-02, 29.90300, -102.67700, 498.146
39, W-03-03, 48.13185, -71.51182, 504.680
40, W-03-04, 52.36213, -24.38191, 506.233
41, W-03-05, 38.91384, 14.61502, 501.260
42, W-03-06, 17.18867, 38.41826, 494.717
43, W-03-07, -6.75088, 56.89838, 493.156
44, W-03-08, -29.90300, 77.32300, 498.146
45, W-03-09, -48.13185, 108.48818, 504.680
46, W-03-10, -52.36213, 155.61809, 506.233
47, W-03-11, -38.91384, -165.38498, 501.260
48, W-04-00, -8.29077, -89.45226, 493.304
49, W-04-01, 15.68061, -71.05182, 494.414
50, W-04-02, 37.67169, -47.86286, 500.810
51, W-04-03, 51.95590, -10.04998, 506.086
52, W-04-04, 48.94671, 37.51064, 504.982
53, W-04-05, 31.28627, 69.74273, 498.597
54, W-04-06, 8.29077, 90.54774, 493.304
55, W-04-07, -15.68061, 108.94818, 494.414
56, W-04-08, -37.67169, 132.13714, 500.810
57, W-04-09, -51.95590, 169.95002, 506.086
58, W-04-10, -48.94671, -142.48936, 504.982
59, W-04-11, -31.28627, -110.25727, 498.597
60, W-05-00, 0.73287, -37.63850, 492.866
61, W-05-01, 24.35598, -18.37075, 496.476
62, W-05-02, 44.43758, 9.06227, 503.303
63, W-05-03, 53.16159, 53.32778, 506.522
64, W-05-04, 43.42901, 96.66739, 502.927
65, W-05-05, 22.97422, 123.30203, 496.099
66, W-05-06, -0.73287, 142.36150, 492.866
67, W-05-07, -24.35598, 161.62925, 496.476
68, W-05-08, -44.43758, -170.93773, 503.303
69, W-05-09, -53.16159, -126.67222, 506.522
70, W-05-10, -43.42901, -83.33261, 502.927
71, W-05-11, -22.97422, -56.69797, 496.099
72, W-06-00, 9.74568, 14.20259, 493.471
73, W-06-01, 32.57801, 35.40148, 499.028
74, W-06-02, 49.66156, 68.67872, 505.246
75, W-06-03, 51.49953, 116.51534, 505.920
76, W-06-04, 36.46866, 153.20481, 500.379
77, W-06-05, 14.24572, 175.85228, 494.148
78, W-06-06, -9.74568, -165.79741, 493.471
79, W-06-07, -32.57801, -144.59852, 499.028
80, W-06-08, -49.66156, -111.32128, 505.246
81, W-06-09, -51.49953, -63.48466, 505.920
82, W-06-10, -36.46866, -26.79519, 500.379
83, W-06-11, -14.24572, -4.14772, 494.148
84, W-07-00, 18.60922, 66.41786, 495.025
85, W-07-01, 40.06132, 90.84426, 501.680
86, W-07-02, 52.67285, 130.94928, 506.346
87, W-07-03, 47.30658, 177.54645, 504.373
88, W-07-04, 28.57627, -152.26017, 497.726
89, W-07-05, 5.28991, -132.16331, 493.043
90, W-07-06, -18.60922, -113.58214, 495.025
91, W-07-07, -40.06132, -89.15574, 501.680
92, W-07-08, -52.67285, -49.05072, 506.346
93, W-07-09, -47.30658, -2.45355, 504.373
94, W-07-10, -28.57627, 27.73983, 497.726
95, W-07-11, -5.28991, 47.83669, 493.043

[LINKS]
Type, SourceID, TargetID
ISL, 0, 1
ISL, 0, 23
ISL, 1, 2
ISL, 1, 12
ISL, 2, 3
ISL, 2, 13
ISL, 3, 4
ISL, 3, 14
ISL, 4, 5
ISL, 4, 15
ISL, 5, 6
ISL, 5, 15
ISL, 6, 7
ISL, 6, 17
ISL, 7, 8
ISL, 7, 18
ISL, 8, 9
ISL, 8, 19
ISL, 9, 10
ISL, 9, 20
ISL, 10, 11
ISL, 10, 21
ISL, 11, 0
ISL, 11, 21
ISL, 12, 13
ISL, 12, 35
ISL, 13, 14
ISL, 13, 24
ISL, 14, 15
ISL, 14, 25
ISL, 15, 16
ISL, 15, 26
ISL, 16, 17
ISL, 16, 27
ISL, 17, 18
ISL, 17, 28
ISL, 18, 19
ISL, 18, 29
ISL, 19, 20
ISL, 19, 30
ISL, 20, 21
ISL, 20, 31
ISL, 21, 22
ISL, 21, 32
ISL, 22, 23
ISL, 22, 33
ISL, 23, 12
ISL, 23, 34
ISL, 24, 25
ISL, 24, 47
ISL, 25, 26
ISL, 25, 36
ISL, 26, 27
ISL, 26, 37
ISL, 27, 28
ISL, 27, 38
ISL, 28, 29
ISL, 28, 39
ISL, 29, 30
ISL, 29, 40
ISL, 30, 31
ISL, 30, 41
ISL, 31, 32
ISL, 31, 42
ISL, 32, 33
ISL, 32, 43
ISL, 33, 34
ISL, 33, 44
ISL, 34, 35
ISL, 34, 45
ISL, 35, 24
ISL, 35, 46
ISL, 36, 37
ISL, 36, 59
ISL, 37, 38
ISL, 37, 48
ISL, 38, 39
ISL, 38, 49
ISL, 39, 40
ISL, 39, 50
ISL, 40, 41
ISL, 40, 50
ISL, 41, 42
ISL, 41, 52
ISL, 42, 43
ISL, 42, 53
ISL, 43, 44
ISL, 43, 54
ISL, 44, 45
ISL, 44, 55
ISL, 45, 46
ISL, 45, 56
ISL, 46, 47
ISL, 46, 56
ISL, 47, 36
ISL, 47, 58
ISL, 48, 49
ISL, 48, 71
ISL, 49, 50
ISL, 49, 60
ISL, 50, 51
ISL, 50, 61
ISL, 51, 52
ISL, 51, 62
ISL, 52, 53
ISL, 52, 63
ISL, 53, 54
ISL, 53, 64
ISL, 54, 55
ISL, 54, 65
ISL, 55, 56
ISL, 55, 66
ISL, 56, 57
ISL, 56, 67
ISL, 57, 58
ISL, 57, 68
ISL, 58, 59
ISL, 58, 69
ISL, 59, 48
ISL, 59, 70
ISL, 60, 61
ISL, 60, 83
ISL, 61, 62
ISL, 61, 72
ISL, 62, 63
ISL, 62, 73
ISL, 63, 64
ISL, 63, 73
ISL, 64, 65
ISL, 64, 75
ISL, 65, 66
ISL, 65, 76
ISL, 66, 67
ISL, 66, 77
ISL, 67, 68
ISL, 67, 78
ISL, 68, 69
ISL, 68, 79
ISL, 69, 70
ISL, 69, 79
ISL, 70, 71
ISL, 70, 81
ISL, 71, 60
ISL, 71, 82
ISL, 72, 73
ISL, 72, 95
ISL, 73, 74
ISL, 73, 84
ISL, 74, 75
ISL, 74, 85
ISL, 75, 76
ISL, 75, 85
ISL, 76, 77
ISL, 76, 87
ISL, 77, 78
ISL, 77, 88
ISL, 78, 79
ISL, 78, 89
ISL, 79, 80
ISL, 79, 90
ISL, 80, 81
ISL, 80, 91
ISL, 81, 82
ISL, 81, 91
ISL, 82, 83
ISL, 82, 93
ISL, 83, 72
ISL, 83, 94
ISL, 84, 85
ISL, 84, 2
ISL, 85, 86
ISL, 85, 3
ISL, 86, 87
ISL, 86, 4
ISL, 87, 88
ISL, 87, 5
ISL, 88, 89
ISL, 88, 6
ISL, 89, 90
ISL, 89, 7
ISL, 90, 91
ISL, 90, 8
ISL, 91, 92
ISL, 91, 9
ISL, 92, 93
ISL, 92, 10
ISL, 93, 94
ISL, 93, 11
ISL, 94, 95
ISL, 94, 0
ISL, 95, 84
ISL, 95, 1
