[METADATA]
Time: 2026-04-12 03:02:43
Step: 37
Total_Sats: 96

[NODES]
ID, Name, Lat(deg), Lon(deg), Alt(km)
0, W-00-00, 33.59982, 143.82245, 499.376
1, W-00-01, 50.19264, 177.95891, 505.442
2, W-00-02, 51.08500, -134.07912, 505.769
3, W-00-03, 35.48671, -98.28521, 500.032
4, W-00-04, 13.09113, -76.04443, 493.952
5, W-00-05, -10.90927, -57.71667, 493.623
6, W-00-06, -33.59982, -36.17755, 499.376
7, W-00-07, -50.19264, -2.04109, 505.442
8, W-00-08, -51.08500, 45.92088, 505.769
9, W-00-09, -35.48671, 81.71479, 500.032
10, W-00-10, -13.09113, 103.95557, 493.952
11, W-00-11, 10.90927, 122.28333, 493.623
12, W-01-00, 40.95953, -160.46929, 502.011
13, W-01-01, 52.86871, -119.49316, 506.416
14, W-01-02, 46.60941, -73.40493, 504.114
15, W-01-03, 27.50171, -43.96174, 497.395
16, W-01-04, 4.11720, -24.10554, 492.972
17, W-01-05, -19.74218, -5.42513, 495.286
18, W-01-06, -40.95953, 19.53071, 502.011
19, W-01-07, -52.86871, 60.50684, 506.416
20, W-01-08, -46.60941, 106.59507, 504.114
21, W-01-09, -27.50171, 136.03826, 497.395
22, W-01-10, -4.11720, 155.89446, 492.972
23, W-01-11, 19.74218, 174.57487, 495.286
24, W-02-00, 47.08875, -102.34994, 504.292
25, W-02-01, 52.74016, -55.90661, 506.370
26, W-02-02, 40.34842, -15.52323, 501.786
27, W-02-03, 18.96923, 9.06822, 495.107
28, W-02-04, -4.91800, 27.67911, 493.019
29, W-02-05, -28.23639, 47.69752, 497.620
30, W-02-06, -47.08875, 77.65006, 504.292
31, W-02-07, -52.74016, 124.09339, 506.370
32, W-02-08, -40.34842, 164.47677, 501.786
33, W-02-09, -18.96923, -170.93178, 495.107
34, W-02-10, 4.91800, -152.32089, 493.019
35, W-02-11, 28.23639, -132.30248, 497.620
36, W-03-00, 51.37264, -41.43112, 505.874
37, W-03-01, 49.83418, 6.45461, 505.310
38, W-03-02, 32.90354, 40.00252, 499.138
39, W-03-03, 10.11511, 61.30696, 493.518
40, W-03-04, -13.87983, 79.64842, 494.084
41, W-03-05, -36.15877, 102.16427, 500.269
42, W-03-06, -51.37264, 138.56888, 505.874
43, W-03-07, -49.83418, -173.54539, 505.310
44, W-03-08, -32.90354, -139.99748, 499.138
45, W-03-09, -10.11511, -118.69304, 493.518
46, W-03-10, 13.87983, -100.35158, 494.084
47, W-03-11, 36.15877, -77.83573, 500.269
48, W-04-00, 53.14932, 21.69914, 506.517
49, W-04-01, 44.68778, 66.18830, 503.397
50, W-04-02, 24.70556, 93.83132, 496.574
51, W-04-03, 1.10563, 113.15642, 492.871
52, W-04-04, -22.62105, 132.16726, 496.005
53, W-04-05, -43.16642, 158.60580, 502.829
54, W-04-06, -53.14932, -158.30086, 506.517
55, W-04-07, -44.68778, -113.81170, 503.397
56, W-04-08, -24.70556, -86.16868, 496.574
57, W-04-09, -1.10563, -66.84358, 492.871
58, W-04-10, 22.62105, -47.83274, 496.005
59, W-04-11, 43.16642, -21.39420, 502.829
60, W-05-00, 52.06095, 85.11600, 506.124
61, W-05-01, 37.97359, 123.21469, 500.919
62, W-05-02, 16.04452, 146.54755, 494.485
63, W-05-03, -7.92021, 164.96467, 493.266
64, W-05-04, -30.95487, -174.32522, 498.488
65, W-05-05, -48.75596, -142.35371, 504.912
66, W-05-06, -52.06095, -94.88400, 506.124
67, W-05-07, -37.97359, -56.78531, 500.919
68, W-05-08, -16.04452, -33.45245, 494.485
69, W-05-09, 7.92021, -15.03533, 493.266
70, W-05-10, 30.95487, 5.67478, 498.488
71, W-05-11, 48.75596, 37.64629, 504.912
72, W-06-00, 48.33355, 146.68412, 504.755
73, W-06-01, 30.23787, 178.10257, 498.254
74, W-06-02, 7.12204, -161.38446, 493.189
75, W-06-03, -16.82619, -142.92605, 494.642
76, W-06-04, -38.61745, -119.27482, 501.153
77, W-06-05, -52.27154, -80.56222, 506.201
78, W-06-06, -48.33355, -33.31588, 504.755
79, W-06-07, -30.23787, -1.89743, 498.254
80, W-06-08, -7.12204, 18.61554, 493.189
81, W-06-09, 16.82619, 37.07395, 494.642
82, W-06-10, 38.61745, 60.72518, 501.153
83, W-06-11, 52.27154, 99.43778, 506.201
84, W-07-00, 42.59325, -154.52422, 502.616
85, W-07-01, 21.85868, -128.49818, 495.807
86, W-07-02, -1.90774, -109.58615, 492.887
87, W-07-03, -25.45526, -90.13148, 496.788
88, W-07-04, -45.21722, -62.02697, 503.594
89, W-07-05, -53.10609, -17.07445, 506.502
90, W-07-06, -42.59325, 25.47578, 502.616
91, W-07-07, -21.85868, 51.50182, 495.807
92, W-07-08, 1.90774, 70.41385, 492.887
93, W-07-09, 25.45526, 89.86852, 496.788
94, W-07-10, 45.21722, 117.97303, 503.594
95, W-07-11, 53.10609, 162.92555, 506.502

[LINKS]
Type, SourceID, TargetID
ISL, 0, 1
ISL, 0, 23
ISL, 1, 2
ISL, 1, 12
ISL, 2, 3
ISL, 2, 13
ISL, 3, 4
ISL, 3, 14
ISL, 4, 5
ISL, 4, 15
ISL, 5, 6
ISL, 5, 15
ISL, 6, 7
ISL, 6, 17
ISL, 7, 8
ISL, 7, 18
ISL, 8, 9
ISL, 8, 19
ISL, 9, 10
ISL, 9, 20
ISL, 10, 11
ISL, 10, 21
ISL, 11, 0
ISL, 11, 21
ISL, 12, 13
ISL, 12, 35
ISL, 13, 14
ISL, 13, 24
ISL, 14, 15
ISL, 14, 25
ISL, 15, 16
ISL, 15, 26
ISL, 16, 17
ISL, 16, 27
ISL, 17, 18
ISL, 17, 28
ISL, 18, 19
ISL, 18, 29
ISL, 19, 20
ISL, 19, 30
ISL, 20, 21
ISL, 20, 31
ISL, 21, 22
ISL, 21, 32
ISL, 22, 23
ISL, 22, 33
ISL, 23, 12
ISL, 23, 34
ISL, 24, 25
ISL, 24, 47
ISL, 25, 26
ISL, 25, 36
ISL, 26, 27
ISL, 26, 37
ISL, 27, 28
ISL, 27, 38
ISL, 28, 29
ISL, 28, 39
ISL, 29, 30
ISL, 29, 40
ISL, 30, 31
ISL, 30, 41
ISL, 31, 32
ISL, 31, 42
ISL, 32, 33
ISL, 32, 43
ISL, 33, 34
ISL, 33, 44
ISL, 34, 35
ISL, 34, 45
ISL, 35, 24
ISL, 35, 46
ISL, 36, 37
ISL, 36, 59
ISL, 37, 38
ISL, 37, 48
ISL, 38, 39
ISL, 38, 49
ISL, 39, 40
ISL, 39, 50
ISL, 40, 41
ISL, 40, 50
ISL, 41, 42
ISL, 41, 52
ISL, 42, 43
ISL, 42, 53
ISL, 43, 44
ISL, 43, 54
ISL, 44, 45
ISL, 44, 55
ISL, 45, 46
ISL, 45, 56
ISL, 46, 47
ISL, 46, 56
ISL, 47, 36
ISL, 47, 58
ISL, 48, 49
ISL, 48, 71
ISL, 49, 50
ISL, 49, 60
ISL, 50, 51
ISL, 50, 61
ISL, 51, 52
ISL, 51, 62
ISL, 52, 53
ISL, 52, 63
ISL, 53, 54
ISL, 53, 64
ISL, 54, 55
ISL, 54, 65
ISL, 55, 56
ISL, 55, 66
ISL, 56, 57
ISL, 56, 67
ISL, 57, 58
ISL, 57, 68
ISL, 58, 59
ISL, 58, 69
ISL, 59, 48
ISL, 59, 70
ISL, 60, 61
ISL, 60, 83
ISL, 61, 62
ISL, 61, 72
ISL, 62, 63
ISL, 62, 73
ISL, 63, 64
ISL, 63, 73
ISL, 64, 65
ISL, 64, 75
ISL, 65, 66
ISL, 65, 76
ISL, 66, 67
ISL, 66, 77
ISL, 67, 68
ISL, 67, 78
ISL, 68, 69
ISL, 68, 79
ISL, 69, 70
ISL, 69, 79
ISL, 70, 71
ISL, 70, 81
ISL, 71, 60
ISL, 71, 82
ISL, 72, 73
ISL, 72, 95
ISL, 73, 74
ISL, 73, 84
ISL, 74, 75
ISL, 74, 85
ISL, 75, 76
ISL, 75, 85
ISL, 76, 77
ISL, 76, 87
ISL, 77, 78
ISL, 77, 88
ISL, 78, 79
ISL, 78, 89
ISL, 79, 80
ISL, 79, 90
ISL, 80, 81
ISL, 80, 91
ISL, 81, 82
ISL, 81, 91
ISL, 82, 83
ISL, 82, 93
ISL, 83, 72
ISL, 83, 94
ISL, 84, 85
ISL, 84, 2
ISL, 85, 86
ISL, 85, 3
ISL, 86, 87
ISL, 86, 4
ISL, 87, 88
ISL, 87, 5
ISL, 88, 89
ISL, 88, 6
ISL, 89, 90
ISL, 89, 7
ISL, 90, 91
ISL, 90, 8
ISL, 91, 92
ISL, 91, 9
ISL, 92, 93
ISL, 92, 10
ISL, 93, 94
ISL, 93, 11
ISL, 94, 95
ISL, 94, 0
ISL, 95, 84
ISL, 95, 1
