[METADATA]
Time: 2026-04-12 03:53:13
Step: 138
Total_Sats: 96

[NODES]
ID, Name, Lat(deg), Lon(deg), Alt(km)
0, W-00-00, -41.67778, -36.86181, 502.276
1, W-00-01, -52.99291, 4.80950, 506.461
2, W-00-02, -46.01782, 50.43200, 503.893
3, W-00-03, -26.61751, 79.28245, 497.129
4, W-00-04, -3.15886, 98.95631, 492.927
5, W-00-05, 20.66314, 117.72995, 495.507
6, W-00-06, 41.67778, 143.13819, 502.276
7, W-00-07, 52.99291, -175.19050, 506.461
8, W-00-08, 46.01782, -129.56800, 503.893
9, W-00-09, 26.61751, -100.71755, 497.129
10, W-00-10, 3.15886, -81.04369, 492.927
11, W-00-11, -20.66314, -62.27005, 495.507
12, W-01-00, -47.64297, 21.54642, 504.498
13, W-01-01, -52.55724, 68.37088, 506.304
14, W-01-02, -39.60552, 108.03465, 501.513
15, W-01-03, -18.04155, 132.20670, 494.900
16, W-01-04, 5.87496, 150.74442, 493.085
17, W-01-05, 29.10919, 170.96875, 497.893
18, W-01-06, 47.64297, -158.45358, 504.498
19, W-01-07, 52.55724, -111.62912, 506.304
20, W-01-08, 39.60552, -71.96535, 501.513
21, W-01-09, 18.04155, -47.79330, 494.900
22, W-01-10, -5.87496, -29.25558, 493.085
23, W-01-11, -29.10919, -9.03125, 497.893
24, W-02-00, -51.69041, 82.75217, 505.990
25, W-02-01, -49.38227, 130.49407, 505.143
26, W-02-02, -32.06319, 163.34918, 498.855
27, W-02-03, -9.16376, -175.61359, 493.401
28, W-02-04, 14.82081, -157.24615, 494.252
29, W-02-05, 36.95319, -134.38656, 500.552
30, W-02-06, 51.69041, -97.24783, 505.990
31, W-02-07, 49.38227, -49.50593, 505.143
32, W-02-08, 32.06319, -16.65082, 498.855
33, W-02-09, 9.16376, 4.38641, 493.401
34, W-02-10, -14.82081, 22.75385, 494.252
35, W-02-11, -36.95319, 45.61344, 500.552
36, W-03-00, -53.17082, 146.02270, 506.525
37, W-03-01, -44.03856, -170.07384, 503.154
38, W-03-02, -23.80426, -142.96562, 496.324
39, W-03-03, -0.14619, -123.78452, 492.863
40, W-03-04, 23.52864, -104.64495, 496.248
41, W-03-05, 43.83736, -77.69598, 503.079
42, W-03-06, 53.17082, -33.97730, 506.525
43, W-03-07, 44.03856, 9.92616, 503.154
44, W-03-08, 23.80426, 37.03438, 496.324
45, W-03-09, 0.14619, 56.21548, 492.863
46, W-03-10, -23.52864, 75.35505, 496.248
47, W-03-11, -43.83736, 102.30402, 503.079
48, W-04-00, -51.78146, -150.66881, 506.023
49, W-04-01, -37.19317, -113.30592, 500.638
50, W-04-02, -15.10703, -90.33833, 494.305
51, W-04-03, 8.87355, -71.96089, 493.368
52, W-04-04, 31.80552, -51.00222, 498.769
53, W-04-05, 49.23965, -18.35561, 505.091
54, W-04-06, 51.78146, 29.33119, 506.023
55, W-04-07, 37.19317, 66.69408, 500.638
56, W-04-08, 15.10703, 89.66167, 494.305
57, W-04-09, -8.87355, 108.03911, 493.368
58, W-04-10, -31.80552, 128.99778, 498.769
59, W-04-11, -49.23965, 161.64439, 505.091
60, W-05-00, -47.80761, -89.37709, 504.560
61, W-05-01, -29.37384, -58.60556, 497.977
62, W-05-02, -6.16638, -38.31586, 493.108
63, W-05-03, 17.75820, -19.79829, 494.838
64, W-05-04, 39.37662, 4.24947, 501.429
65, W-05-05, 52.49525, 43.69212, 506.282
66, W-05-06, 47.80761, 90.62291, 504.560
67, W-05-07, 29.37384, 121.39444, 497.977
68, W-05-08, 6.16638, 141.68414, 493.108
69, W-05-09, -17.75820, 160.20171, 494.838
70, W-05-10, -39.37662, -175.75053, 501.429
71, W-05-11, -52.49525, -136.30788, 506.282
72, W-06-00, -41.89383, -30.87992, 502.357
73, W-06-01, -20.94299, -5.33020, 495.576
74, W-06-02, 2.86672, 13.47406, 492.916
75, W-06-03, 26.34692, 33.09485, 497.048
76, W-06-04, 45.83370, 61.76829, 503.824
77, W-06-05, 53.02431, 107.24041, 506.472
78, W-06-06, 41.89383, 149.12008, 502.357
79, W-06-07, 20.94299, 174.66980, 495.576
80, W-06-08, -2.86672, -166.52594, 492.916
81, W-06-09, -26.34692, -146.90515, 497.048
82, W-06-10, -45.83370, -118.23171, 503.824
83, W-06-11, -53.02431, -72.75959, 506.472
84, W-07-00, -34.67402, 25.12382, 499.747
85, W-07-01, -12.14580, 47.05012, 493.803
86, W-07-02, 11.85731, 65.37108, 493.759
87, W-07-03, 34.42452, 87.20462, 499.661
88, W-07-04, 50.59740, 122.05462, 505.591
89, W-07-05, 50.71544, 170.05456, 505.634
90, W-07-06, 34.67402, -154.87618, 499.747
91, W-07-07, 12.14580, -132.94988, 493.803
92, W-07-08, -11.85731, -114.62892, 493.759
93, W-07-09, -34.42452, -92.79538, 499.661
94, W-07-10, -50.59740, -57.94538, 505.591
95, W-07-11, -50.71544, -9.94544, 505.634

[LINKS]
Type, SourceID, TargetID
ISL, 0, 1
ISL, 0, 23
ISL, 1, 2
ISL, 1, 12
ISL, 2, 3
ISL, 2, 13
ISL, 3, 4
ISL, 3, 14
ISL, 4, 5
ISL, 4, 15
ISL, 5, 6
ISL, 5, 15
ISL, 6, 7
ISL, 6, 17
ISL, 7, 8
ISL, 7, 18
ISL, 8, 9
ISL, 8, 19
ISL, 9, 10
ISL, 9, 20
ISL, 10, 11
ISL, 10, 21
ISL, 11, 0
ISL, 11, 21
ISL, 12, 13
ISL, 12, 35
ISL, 13, 14
ISL, 13, 24
ISL, 14, 15
ISL, 14, 25
ISL, 15, 16
ISL, 15, 26
ISL, 16, 17
ISL, 16, 27
ISL, 17, 18
ISL, 17, 28
ISL, 18, 19
ISL, 18, 29
ISL, 19, 20
ISL, 19, 30
ISL, 20, 21
ISL, 20, 31
ISL, 21, 22
ISL, 21, 32
ISL, 22, 23
ISL, 22, 33
ISL, 23, 12
ISL, 23, 34
ISL, 24, 25
ISL, 24, 47
ISL, 25, 26
ISL, 25, 36
ISL, 26, 27
ISL, 26, 37
ISL, 27, 28
ISL, 27, 38
ISL, 28, 29
ISL, 28, 39
ISL, 29, 30
ISL, 29, 40
ISL, 30, 31
ISL, 30, 41
ISL, 31, 32
ISL, 31, 42
ISL, 32, 33
ISL, 32, 43
ISL, 33, 34
ISL, 33, 44
ISL, 34, 35
ISL, 34, 45
ISL, 35, 24
ISL, 35, 46
ISL, 36, 37
ISL, 36, 59
ISL, 37, 38
ISL, 37, 48
ISL, 38, 39
ISL, 38, 49
ISL, 39, 40
ISL, 39, 50
ISL, 40, 41
ISL, 40, 50
ISL, 41, 42
ISL, 41, 52
ISL, 42, 43
ISL, 42, 53
ISL, 43, 44
ISL, 43, 54
ISL, 44, 45
ISL, 44, 55
ISL, 45, 46
ISL, 45, 56
ISL, 46, 47
ISL, 46, 56
ISL, 47, 36
ISL, 47, 58
ISL, 48, 49
ISL, 48, 71
ISL, 49, 50
ISL, 49, 60
ISL, 50, 51
ISL, 50, 61
ISL, 51, 52
ISL, 51, 62
ISL, 52, 53
ISL, 52, 63
ISL, 53, 54
ISL, 53, 64
ISL, 54, 55
ISL, 54, 65
ISL, 55, 56
ISL, 55, 66
ISL, 56, 57
ISL, 56, 67
ISL, 57, 58
ISL, 57, 68
ISL, 58, 59
ISL, 58, 69
ISL, 59, 48
ISL, 59, 70
ISL, 60, 61
ISL, 60, 83
ISL, 61, 62
ISL, 61, 72
ISL, 62, 63
ISL, 62, 73
ISL, 63, 64
ISL, 63, 73
ISL, 64, 65
ISL, 64, 75
ISL, 65, 66
ISL, 65, 76
ISL, 66, 67
ISL, 66, 77
ISL, 67, 68
ISL, 67, 78
ISL, 68, 69
ISL, 68, 79
ISL, 69, 70
ISL, 69, 79
ISL, 70, 71
ISL, 70, 81
ISL, 71, 60
ISL, 71, 82
ISL, 72, 73
ISL, 72, 95
ISL, 73, 74
ISL, 73, 84
ISL, 74, 75
ISL, 74, 85
ISL, 75, 76
ISL, 75, 85
ISL, 76, 77
ISL, 76, 87
ISL, 77, 78
ISL, 77, 88
ISL, 78, 79
ISL, 78, 89
ISL, 79, 80
ISL, 79, 90
ISL, 80, 81
ISL, 80, 91
ISL, 81, 82
ISL, 81, 91
ISL, 82, 83
ISL, 82, 93
ISL, 83, 72
ISL, 83, 94
ISL, 84, 85
ISL, 84, 2
ISL, 85, 86
ISL, 85, 3
ISL, 86, 87
ISL, 86, 4
ISL, 87, 88
ISL, 87, 5
ISL, 88, 89
ISL, 88, 6
ISL, 89, 90
ISL, 89, 7
ISL, 90, 91
ISL, 90, 8
ISL, 91, 92
ISL, 91, 9
ISL, 92, 93
ISL, 92, 10
ISL, 93, 94
ISL, 93, 11
ISL, 94, 95
ISL, 94, 0
ISL, 95, 84
ISL, 95, 1
