[METADATA]
Time: 2026-04-12 03:11:13
Step: 54
Total_Sats: 96

[NODES]
ID, Name, Lat(deg), Lon(deg), Alt(km)
0, W-00-00, 50.97643, 179.37347, 505.729
1, W-00-01, 50.31751, -132.64698, 505.488
2, W-00-02, 33.84951, -98.29633, 499.462
3, W-00-03, 11.19544, -76.67000, 493.663
4, W-00-04, -12.80622, -58.34539, 493.906
5, W-00-05, -35.24258, -36.20111, 499.946
6, W-00-06, -50.97643, -0.62653, 505.729
7, W-00-07, -50.31751, 47.35302, 505.488
8, W-00-08, -33.84951, 81.70367, 499.462
9, W-00-09, -11.19544, 103.33000, 493.663
10, W-00-10, 12.80622, 121.65461, 493.906
11, W-00-11, 35.24258, 143.79889, 499.946
12, W-01-00, 53.08487, -117.68364, 506.494
13, W-01-01, 45.40512, -72.57029, 503.664
14, W-01-02, 25.72479, -44.29611, 496.866
15, W-01-03, 2.19704, -24.79263, 492.894
16, W-01-04, -21.58292, -5.91429, 495.737
17, W-01-05, -42.38385, 19.96613, 502.538
18, W-01-06, -53.08487, 62.31636, 506.494
19, W-01-07, -45.40512, 107.42971, 503.664
20, W-01-08, -25.72479, 135.70389, 496.866
21, W-01-09, -2.19704, 155.20737, 492.894
22, W-01-10, 21.58292, 174.08571, 495.737
23, W-01-11, 42.38385, -160.03387, 502.538
24, W-02-00, 52.34227, -54.17480, 506.226
25, W-02-01, 38.84771, -15.24139, 501.236
26, W-02-02, 17.10765, 8.52763, 494.700
27, W-02-03, -6.83390, 27.00276, 493.163
28, W-02-04, -29.97799, 47.44695, 498.170
29, W-02-05, -48.17725, 78.66857, 504.697
30, W-02-06, -52.34227, 125.82520, 506.226
31, W-02-07, -38.84771, 164.75861, 501.236
32, W-02-08, -17.10765, -171.47237, 494.700
33, W-02-09, 6.83390, -152.99724, 493.163
34, W-02-10, 29.97799, -132.55305, 498.170
35, W-02-11, 48.17725, -101.33143, 504.697
36, W-03-00, 48.90436, 7.69531, 504.967
37, W-03-01, 31.21226, 39.86893, 498.573
38, W-03-02, 8.20792, 60.65253, 493.295
39, W-03-03, -15.76204, 79.05657, 494.429
40, W-03-04, -37.73936, 102.27749, 500.835
41, W-03-05, -51.97979, 140.15431, 506.095
42, W-03-06, -48.90436, -172.30469, 504.967
43, W-03-07, -31.21226, -140.13107, 498.573
44, W-03-08, -8.20792, -119.34747, 493.295
45, W-03-09, 15.76204, -100.94343, 494.429
46, W-03-10, 37.73936, -77.72251, 500.835
47, W-03-11, 51.97979, -39.84569, 506.095
48, W-04-00, 43.37050, 66.82603, 502.905
49, W-04-01, 22.89530, 93.41657, 496.078
50, W-04-02, -0.81624, 112.46502, 492.867
51, W-04-03, -24.43423, 131.74543, 496.498
52, W-04-04, -44.49376, 159.22517, 503.324
53, W-04-05, -53.15927, -156.45886, 506.521
54, W-04-06, -43.37050, -113.17397, 502.905
55, W-04-07, -22.89530, -86.58343, 496.078
56, W-04-08, 0.81624, -67.53498, 492.867
57, W-04-09, 24.43423, -48.25457, 496.498
58, W-04-10, 44.49376, -20.77483, 503.324
59, W-04-11, 53.15927, 23.54114, 506.521
60, W-05-00, 36.39949, 123.34191, 500.355
61, W-05-01, 14.16393, 145.95973, 494.134
62, W-05-02, -9.82833, 164.30792, 493.481
63, W-05-03, -32.65092, -174.46977, 499.053
64, W-05-04, -49.70050, -141.13215, 505.261
65, W-05-05, -51.47153, -93.28381, 505.910
66, W-05-06, -36.39949, -56.65809, 500.355
67, W-05-07, -14.16393, -34.04027, 494.134
68, W-05-08, 9.82833, -15.69208, 493.481
69, W-05-09, 32.65092, 5.53023, 499.053
70, W-05-10, 49.70050, 38.86785, 505.261
71, W-05-11, 51.47153, 86.71619, 505.910
72, W-06-00, 28.50034, 177.86156, 497.702
73, W-06-01, 5.20675, -162.05929, 493.038
74, W-06-02, -18.68978, -143.47161, 495.043
75, W-06-03, -40.12570, -119.00853, 501.704
76, W-06-04, -52.68832, -78.84112, 506.351
77, W-06-05, -47.25814, -32.27773, 504.355
78, W-06-06, -28.50034, -2.13844, 497.702
79, W-06-07, -5.20675, 17.94071, 493.038
80, W-06-08, 18.68978, 36.52839, 495.043
81, W-06-09, 40.12570, 60.99147, 501.704
82, W-06-10, 52.68832, 101.15888, 506.351
83, W-06-11, 47.25814, 147.72227, 504.355
84, W-07-00, 20.02038, -128.98136, 495.352
85, W-07-01, -3.82819, -110.27399, 492.958
86, W-07-02, -27.23563, -90.47412, 497.314
87, W-07-03, -46.43304, -61.21162, 504.048
88, W-07-04, -52.90957, -15.25928, 506.431
89, W-07-05, -41.17765, 25.92825, 502.091
90, W-07-06, -20.02038, 51.01864, 495.352
91, W-07-07, 3.82819, 69.72601, 492.958
92, W-07-08, 27.23563, 89.52588, 497.314
93, W-07-09, 46.43304, 118.78838, 504.048
94, W-07-10, 52.90957, 164.74072, 506.431
95, W-07-11, 41.17765, -154.07175, 502.091

[LINKS]
Type, SourceID, TargetID
ISL, 0, 1
ISL, 0, 23
ISL, 1, 2
ISL, 1, 12
ISL, 2, 3
ISL, 2, 13
ISL, 3, 4
ISL, 3, 14
ISL, 4, 5
ISL, 4, 15
ISL, 5, 6
ISL, 5, 15
ISL, 6, 7
ISL, 6, 17
ISL, 7, 8
ISL, 7, 18
ISL, 8, 9
ISL, 8, 19
ISL, 9, 10
ISL, 9, 20
ISL, 10, 11
ISL, 10, 21
ISL, 11, 0
ISL, 11, 21
ISL, 12, 13
ISL, 12, 35
ISL, 13, 14
ISL, 13, 24
ISL, 14, 15
ISL, 14, 25
ISL, 15, 16
ISL, 15, 26
ISL, 16, 17
ISL, 16, 27
ISL, 17, 18
ISL, 17, 28
ISL, 18, 19
ISL, 18, 29
ISL, 19, 20
ISL, 19, 30
ISL, 20, 21
ISL, 20, 31
ISL, 21, 22
ISL, 21, 32
ISL, 22, 23
ISL, 22, 33
ISL, 23, 12
ISL, 23, 34
ISL, 24, 25
ISL, 24, 47
ISL, 25, 26
ISL, 25, 36
ISL, 26, 27
ISL, 26, 37
ISL, 27, 28
ISL, 27, 38
ISL, 28, 29
ISL, 28, 39
ISL, 29, 30
ISL, 29, 40
ISL, 30, 31
ISL, 30, 41
ISL, 31, 32
ISL, 31, 42
ISL, 32, 33
ISL, 32, 43
ISL, 33, 34
ISL, 33, 44
ISL, 34, 35
ISL, 34, 45
ISL, 35, 24
ISL, 35, 46
ISL, 36, 37
ISL, 36, 59
ISL, 37, 38
ISL, 37, 48
ISL, 38, 39
ISL, 38, 49
ISL, 39, 40
ISL, 39, 50
ISL, 40, 41
ISL, 40, 50
ISL, 41, 42
ISL, 41, 52
ISL, 42, 43
ISL, 42, 53
ISL, 43, 44
ISL, 43, 54
ISL, 44, 45
ISL, 44, 55
ISL, 45, 46
ISL, 45, 56
ISL, 46, 47
ISL, 46, 56
ISL, 47, 36
ISL, 47, 58
ISL, 48, 49
ISL, 48, 71
ISL, 49, 50
ISL, 49, 60
ISL, 50, 51
ISL, 50, 61
ISL, 51, 52
ISL, 51, 62
ISL, 52, 53
ISL, 52, 63
ISL, 53, 54
ISL, 53, 64
ISL, 54, 55
ISL, 54, 65
ISL, 55, 56
ISL, 55, 66
ISL, 56, 57
ISL, 56, 67
ISL, 57, 58
ISL, 57, 68
ISL, 58, 59
ISL, 58, 69
ISL, 59, 48
ISL, 59, 70
ISL, 60, 61
ISL, 60, 83
ISL, 61, 62
ISL, 61, 72
ISL, 62, 63
ISL, 62, 73
ISL, 63, 64
ISL, 63, 73
ISL, 64, 65
ISL, 64, 75
ISL, 65, 66
ISL, 65, 76
ISL, 66, 67
ISL, 66, 77
ISL, 67, 68
ISL, 67, 78
ISL, 68, 69
ISL, 68, 79
ISL, 69, 70
ISL, 69, 79
ISL, 70, 71
ISL, 70, 81
ISL, 71, 60
ISL, 71, 82
ISL, 72, 73
ISL, 72, 95
ISL, 73, 74
ISL, 73, 84
ISL, 74, 75
ISL, 74, 85
ISL, 75, 76
ISL, 75, 85
ISL, 76, 77
ISL, 76, 87
ISL, 77, 78
ISL, 77, 88
ISL, 78, 79
ISL, 78, 89
ISL, 79, 80
ISL, 79, 90
ISL, 80, 81
ISL, 80, 91
ISL, 81, 82
ISL, 81, 91
ISL, 82, 83
ISL, 82, 93
ISL, 83, 72
ISL, 83, 94
ISL, 84, 85
ISL, 84, 2
ISL, 85, 86
ISL, 85, 3
ISL, 86, 87
ISL, 86, 4
ISL, 87, 88
ISL, 87, 5
ISL, 88, 89
ISL, 88, 6
ISL, 89, 90
ISL, 89, 7
ISL, 90, 91
ISL, 90, 8
ISL, 91, 92
ISL, 91, 9
ISL, 92, 93
ISL, 92, 10
ISL, 93, 94
ISL, 93, 11
ISL, 94, 95
ISL, 94, 0
ISL, 95, 84
ISL, 95, 1
