[METADATA]
Time: 2026-04-12 03:52:43
Step: 137
Total_Sats: 96

[NODES]
ID, Name, Lat(deg), Lon(deg), Alt(km)
0, W-00-00, -40.52498, -38.74548, 501.851
1, W-00-01, -52.77939, 1.80916, 506.384
2, W-00-02, -46.95248, 48.15376, 504.241
3, W-00-03, -28.02572, 77.95868, 497.555
4, W-00-04, -4.68794, 97.92956, 493.005
5, W-00-05, 19.19160, 116.55965, 495.158
6, W-00-06, 40.52498, 141.25452, 501.851
7, W-00-07, 52.77939, -178.19084, 506.384
8, W-00-08, 46.95248, -131.84624, 504.241
9, W-00-09, 28.02572, -102.04132, 497.555
10, W-00-10, 4.68794, -82.07044, 493.005
11, W-00-11, -19.19160, -63.44035, 495.158
12, W-01-00, -46.74860, 19.20412, 504.165
13, W-01-01, -52.83406, 65.39768, 506.404
14, W-01-02, -40.78489, 106.20444, 501.946
15, W-01-03, -19.52034, 131.05429, 495.234
16, W-01-04, 4.34736, 149.71394, 492.985
17, W-01-05, 27.71326, 169.61583, 497.459
18, W-01-06, 46.74860, -160.79588, 504.165
19, W-01-07, 52.83406, -114.60232, 506.404
20, W-01-08, 40.78489, -73.79556, 501.946
21, W-01-09, 19.52034, -48.94571, 495.234
22, W-01-10, -4.34736, -30.28606, 492.985
23, W-01-11, -27.71326, -10.38417, 497.459
24, W-02-00, -51.16967, 79.94897, 505.800
25, W-02-01, -50.09148, 127.89317, 505.405
26, W-02-02, -33.40036, 161.85971, 499.308
27, W-02-03, -10.68120, -176.66967, 493.592
28, W-02-04, 13.31793, -158.33872, 493.989
29, W-02-05, 35.68053, -136.02004, 500.100
30, W-02-06, 51.16967, -100.05103, 505.800
31, W-02-07, 50.09148, -52.10683, 505.405
32, W-02-08, 33.40036, -18.14029, 499.308
33, W-02-09, 10.68120, 3.33033, 493.592
34, W-02-10, -13.31793, 21.66128, 493.989
35, W-02-11, -35.68053, 43.97996, 500.100
36, W-03-00, -53.12087, 142.98467, 506.507
37, W-03-01, -45.06636, -172.19336, 503.538
38, W-03-02, -25.24022, -144.22279, 496.726
39, W-03-03, -1.67727, -124.80622, 492.881
40, W-03-04, 22.07806, -105.86661, 495.864
41, W-03-05, 42.75906, -79.72337, 502.678
42, W-03-06, 53.12087, -37.01533, 506.507
43, W-03-07, 45.06636, 7.80664, 503.538
44, W-03-08, 25.24022, 35.77721, 496.726
45, W-03-09, 1.67727, 55.19378, 492.881
46, W-03-10, -22.07806, 74.13339, 495.864
47, W-03-11, -42.75906, 100.27663, 502.678
48, W-04-00, -52.21320, -153.54606, 506.180
49, W-04-01, -38.43327, -115.00963, 501.086
50, W-04-02, -16.60179, -91.45111, 494.596
51, W-04-03, 7.35148, -73.00532, 493.210
52, W-04-04, 30.44442, -52.43669, 498.321
53, W-04-05, 48.45657, -20.86042, 504.801
54, W-04-06, 52.21320, 26.45394, 506.180
55, W-04-07, 38.43327, 64.99037, 501.086
56, W-04-08, 16.60179, 88.54889, 494.596
57, W-04-09, -7.35148, 106.99468, 493.210
58, W-04-10, -30.44442, 127.56331, 498.321
59, W-04-11, -48.45657, 159.13958, 504.801
60, W-05-00, -48.63623, -91.81797, 504.867
61, W-05-01, -30.74937, -60.00647, 498.421
62, W-05-02, -7.69095, -39.35400, 493.243
63, W-05-03, 16.26934, -20.92577, 494.529
64, W-05-04, 38.15943, 2.49735, 500.987
65, W-05-05, 52.12363, 40.77266, 506.147
66, W-05-06, 48.63623, 88.18203, 504.867
67, W-05-07, 30.74937, 119.99353, 498.421
68, W-05-08, 7.69095, 140.64600, 493.243
69, W-05-09, -16.26934, 159.07423, 494.529
70, W-05-10, -38.15943, -177.50265, 500.987
71, W-05-11, -52.12363, -139.22734, 506.147
72, W-06-00, -43.00284, -32.84919, 502.768
73, W-06-01, -22.40230, -6.53051, 495.948
74, W-06-02, 1.33613, 12.45112, 492.875
75, W-06-03, 24.92136, 31.81259, 496.635
76, W-06-04, 44.84118, 59.58689, 503.454
77, W-06-05, 53.13925, 104.21176, 506.514
78, W-06-06, 43.00284, 147.15081, 502.768
79, W-06-07, 22.40230, 173.46949, 495.948
80, W-06-08, -1.33613, -167.54888, 492.875
81, W-06-09, -24.92136, -148.18741, 496.635
82, W-06-10, -44.84118, -120.41311, 503.454
83, W-06-11, -53.13925, -75.78824, 506.514
84, W-07-00, -35.96637, 23.53362, 500.201
85, W-07-01, -13.65337, 45.96928, 494.046
86, W-07-02, 10.34344, 64.30606, 493.547
87, W-07-03, 33.10423, 85.67687, 499.207
88, W-07-04, 49.93902, 119.39309, 505.349
89, W-07-05, 51.29201, 167.30485, 505.845
90, W-07-06, 35.96637, -156.46638, 500.201
91, W-07-07, 13.65337, -134.03072, 494.046
92, W-07-08, -10.34344, -115.69394, 493.547
93, W-07-09, -33.10423, -94.32313, 499.207
94, W-07-10, -49.93902, -60.60691, 505.349
95, W-07-11, -51.29201, -12.69515, 505.845

[LINKS]
Type, SourceID, TargetID
ISL, 0, 1
ISL, 0, 23
ISL, 1, 2
ISL, 1, 12
ISL, 2, 3
ISL, 2, 13
ISL, 3, 4
ISL, 3, 14
ISL, 4, 5
ISL, 4, 15
ISL, 5, 6
ISL, 5, 15
ISL, 6, 7
ISL, 6, 17
ISL, 7, 8
ISL, 7, 18
ISL, 8, 9
ISL, 8, 19
ISL, 9, 10
ISL, 9, 20
ISL, 10, 11
ISL, 10, 21
ISL, 11, 0
ISL, 11, 21
ISL, 12, 13
ISL, 12, 35
ISL, 13, 14
ISL, 13, 24
ISL, 14, 15
ISL, 14, 25
ISL, 15, 16
ISL, 15, 26
ISL, 16, 17
ISL, 16, 27
ISL, 17, 18
ISL, 17, 28
ISL, 18, 19
ISL, 18, 29
ISL, 19, 20
ISL, 19, 30
ISL, 20, 21
ISL, 20, 31
ISL, 21, 22
ISL, 21, 32
ISL, 22, 23
ISL, 22, 33
ISL, 23, 12
ISL, 23, 34
ISL, 24, 25
ISL, 24, 47
ISL, 25, 26
ISL, 25, 36
ISL, 26, 27
ISL, 26, 37
ISL, 27, 28
ISL, 27, 38
ISL, 28, 29
ISL, 28, 39
ISL, 29, 30
ISL, 29, 40
ISL, 30, 31
ISL, 30, 41
ISL, 31, 32
ISL, 31, 42
ISL, 32, 33
ISL, 32, 43
ISL, 33, 34
ISL, 33, 44
ISL, 34, 35
ISL, 34, 45
ISL, 35, 24
ISL, 35, 46
ISL, 36, 37
ISL, 36, 59
ISL, 37, 38
ISL, 37, 48
ISL, 38, 39
ISL, 38, 49
ISL, 39, 40
ISL, 39, 50
ISL, 40, 41
ISL, 40, 50
ISL, 41, 42
ISL, 41, 52
ISL, 42, 43
ISL, 42, 53
ISL, 43, 44
ISL, 43, 54
ISL, 44, 45
ISL, 44, 55
ISL, 45, 46
ISL, 45, 56
ISL, 46, 47
ISL, 46, 56
ISL, 47, 36
ISL, 47, 58
ISL, 48, 49
ISL, 48, 71
ISL, 49, 50
ISL, 49, 60
ISL, 50, 51
ISL, 50, 61
ISL, 51, 52
ISL, 51, 62
ISL, 52, 53
ISL, 52, 63
ISL, 53, 54
ISL, 53, 64
ISL, 54, 55
ISL, 54, 65
ISL, 55, 56
ISL, 55, 66
ISL, 56, 57
ISL, 56, 67
ISL, 57, 58
ISL, 57, 68
ISL, 58, 59
ISL, 58, 69
ISL, 59, 48
ISL, 59, 70
ISL, 60, 61
ISL, 60, 83
ISL, 61, 62
ISL, 61, 72
ISL, 62, 63
ISL, 62, 73
ISL, 63, 64
ISL, 63, 73
ISL, 64, 65
ISL, 64, 75
ISL, 65, 66
ISL, 65, 76
ISL, 66, 67
ISL, 66, 77
ISL, 67, 68
ISL, 67, 78
ISL, 68, 69
ISL, 68, 79
ISL, 69, 70
ISL, 69, 79
ISL, 70, 71
ISL, 70, 81
ISL, 71, 60
ISL, 71, 82
ISL, 72, 73
ISL, 72, 95
ISL, 73, 74
ISL, 73, 84
ISL, 74, 75
ISL, 74, 85
ISL, 75, 76
ISL, 75, 85
ISL, 76, 77
ISL, 76, 87
ISL, 77, 78
ISL, 77, 88
ISL, 78, 79
ISL, 78, 89
ISL, 79, 80
ISL, 79, 90
ISL, 80, 81
ISL, 80, 91
ISL, 81, 82
ISL, 81, 91
ISL, 82, 83
ISL, 82, 93
ISL, 83, 72
ISL, 83, 94
ISL, 84, 85
ISL, 84, 2
ISL, 85, 86
ISL, 85, 3
ISL, 86, 87
ISL, 86, 4
ISL, 87, 88
ISL, 87, 5
ISL, 88, 89
ISL, 88, 6
ISL, 89, 90
ISL, 89, 7
ISL, 90, 91
ISL, 90, 8
ISL, 91, 92
ISL, 91, 9
ISL, 92, 93
ISL, 92, 10
ISL, 93, 94
ISL, 93, 11
ISL, 94, 95
ISL, 94, 0
ISL, 95, 84
ISL, 95, 1
