[METADATA]
Time: 2026-04-12 02:49:43
Step: 11
Total_Sats: 96

[NODES]
ID, Name, Lat(deg), Lon(deg), Alt(km)
0, W-00-00, -4.75096, 113.67508, 493.009
1, W-00-01, 19.13071, 132.29984, 495.144
2, W-00-02, 40.47670, 156.96629, 501.833
3, W-00-03, 52.76883, -162.52591, 506.380
4, W-00-04, 46.98992, -116.15399, 504.255
5, W-00-05, 28.08346, -86.30874, 497.573
6, W-00-06, 4.75096, -66.32492, 493.009
7, W-00-07, -19.13071, -47.70016, 495.144
8, W-00-08, -40.47670, -23.03371, 501.833
9, W-00-09, -52.76883, 17.47409, 506.380
10, W-00-10, -46.98992, 63.84601, 504.255
11, W-00-11, -28.08346, 93.69126, 497.573
12, W-01-00, 4.28432, 165.45951, 492.981
13, W-01-01, 27.65535, -174.65119, 497.442
14, W-01-02, 46.71060, -145.10274, 504.151
15, W-01-03, 52.84374, -98.93777, 506.407
16, W-01-04, 40.83280, -58.08454, 501.964
17, W-01-05, 19.58112, -33.20576, 495.248
18, W-01-06, -4.28432, -14.54049, 492.981
19, W-01-07, -27.65535, 5.34881, 497.442
20, W-01-08, -46.71060, 34.89726, 504.151
21, W-01-09, -52.84374, 81.06223, 506.407
22, W-01-10, -40.83280, 121.91546, 501.964
23, W-01-11, -19.58112, 146.79424, 495.248
24, W-02-00, 13.25583, -142.59549, 493.979
25, W-02-01, 35.62750, -120.29823, 500.081
26, W-02-02, 51.14664, -84.37722, 505.792
27, W-02-03, 50.11934, -36.42782, 505.415
28, W-02-04, 33.45504, -2.41480, 499.326
29, W-02-05, 10.74368, 19.07450, 493.600
30, W-02-06, -13.25583, 37.40451, 493.979
31, W-02-07, -35.62750, 59.70177, 500.081
32, W-02-08, -51.14664, 95.62278, 505.792
33, W-02-09, -50.11934, 143.57218, 505.415
34, W-02-10, -33.45504, 177.58520, 499.326
35, W-02-11, -10.74368, -160.92550, 493.600
36, W-03-00, 22.01800, -90.12843, 495.848
37, W-03-01, 42.71373, -64.01740, 502.661
38, W-03-02, 53.11701, -21.35245, 506.506
39, W-03-03, 45.10779, 23.50549, 503.553
40, W-03-04, 25.29915, 51.51264, 496.743
41, W-03-05, 1.74040, 70.93958, 492.883
42, W-03-06, -22.01800, 89.87157, 495.848
43, W-03-07, -42.71373, 115.98260, 502.661
44, W-03-08, -53.11701, 158.64755, 506.506
45, W-03-09, -45.10779, -156.49451, 503.553
46, W-03-10, -25.29915, -128.48736, 496.743
47, W-03-11, -1.74040, -109.06042, 492.883
48, W-04-00, 30.38789, -36.70695, 498.303
49, W-04-01, 48.42301, -5.17400, 504.788
50, W-04-02, 52.22936, 42.12204, 506.185
51, W-04-03, 38.48378, 80.70674, 501.104
52, W-04-04, 16.66327, 104.29056, 494.609
53, W-04-05, -7.28865, 122.73974, 493.205
54, W-04-06, -30.38789, 143.29305, 498.303
55, W-04-07, -48.42301, 174.82600, 504.788
56, W-04-08, -52.22936, -137.87796, 506.185
57, W-04-09, -38.48378, -99.29326, 501.104
58, W-04-10, -16.66327, -75.70944, 494.609
59, W-04-11, 7.28865, -57.26026, 493.205
60, W-05-00, 38.10859, 18.21441, 500.968
61, W-05-01, 52.10664, 56.44135, 506.141
62, W-05-02, 48.66916, 103.86756, 504.879
63, W-05-03, 30.80570, 135.72280, 498.439
64, W-05-04, 7.75375, 156.39098, 493.249
65, W-05-05, -16.20778, 174.81610, 494.517
66, W-05-06, -38.10859, -161.78559, 500.968
67, W-05-07, -52.10664, -123.55865, 506.141
68, W-05-08, -48.66916, -76.13244, 504.879
69, W-05-09, -30.80570, -44.27720, 498.439
70, W-05-10, -7.75375, -23.60902, 493.249
71, W-05-11, 16.20778, -5.18390, 494.517
72, W-06-00, 44.79927, 75.28661, 503.438
73, W-06-01, 53.14220, 119.87451, 506.515
74, W-06-02, 43.04773, 162.85597, 502.785
75, W-06-03, 22.46224, -170.79263, 495.964
76, W-06-04, -1.27300, -151.80307, 492.873
77, W-06-05, -24.86229, -132.45163, 496.619
78, W-06-06, -44.79927, -104.71339, 503.438
79, W-06-07, -53.14220, -60.12549, 506.515
80, W-06-08, -43.04773, -17.14403, 502.785
81, W-06-09, -22.46224, 9.20737, 495.964
82, W-06-10, 1.27300, 28.19693, 492.873
83, W-06-11, 24.86229, 47.54837, 496.619
84, W-07-00, 49.91045, 135.07295, 505.338
85, W-07-01, 51.31425, -177.02209, 505.853
86, W-07-02, 36.01913, -140.74518, 500.220
87, W-07-03, 13.71541, -118.28765, 494.056
88, W-07-04, -10.28091, -99.94965, 493.539
89, W-07-05, -33.04931, -78.59710, 499.188
90, W-07-06, -49.91045, -44.92705, 505.338
91, W-07-07, -51.31425, 2.97791, 505.853
92, W-07-08, -36.01913, 39.25482, 500.220
93, W-07-09, -13.71541, 61.71235, 494.056
94, W-07-10, 10.28091, 80.05035, 493.539
95, W-07-11, 33.04931, 101.40290, 499.188

[LINKS]
Type, SourceID, TargetID
ISL, 0, 1
ISL, 0, 23
ISL, 1, 2
ISL, 1, 12
ISL, 2, 3
ISL, 2, 13
ISL, 3, 4
ISL, 3, 14
ISL, 4, 5
ISL, 4, 15
ISL, 5, 6
ISL, 5, 15
ISL, 6, 7
ISL, 6, 17
ISL, 7, 8
ISL, 7, 18
ISL, 8, 9
ISL, 8, 19
ISL, 9, 10
ISL, 9, 20
ISL, 10, 11
ISL, 10, 21
ISL, 11, 0
ISL, 11, 21
ISL, 12, 13
ISL, 12, 35
ISL, 13, 14
ISL, 13, 24
ISL, 14, 15
ISL, 14, 25
ISL, 15, 16
ISL, 15, 26
ISL, 16, 17
ISL, 16, 27
ISL, 17, 18
ISL, 17, 28
ISL, 18, 19
ISL, 18, 29
ISL, 19, 20
ISL, 19, 30
ISL, 20, 21
ISL, 20, 31
ISL, 21, 22
ISL, 21, 32
ISL, 22, 23
ISL, 22, 33
ISL, 23, 12
ISL, 23, 34
ISL, 24, 25
ISL, 24, 47
ISL, 25, 26
ISL, 25, 36
ISL, 26, 27
ISL, 26, 37
ISL, 27, 28
ISL, 27, 38
ISL, 28, 29
ISL, 28, 39
ISL, 29, 30
ISL, 29, 40
ISL, 30, 31
ISL, 30, 41
ISL, 31, 32
ISL, 31, 42
ISL, 32, 33
ISL, 32, 43
ISL, 33, 34
ISL, 33, 44
ISL, 34, 35
ISL, 34, 45
ISL, 35, 24
ISL, 35, 46
ISL, 36, 37
ISL, 36, 59
ISL, 37, 38
ISL, 37, 48
ISL, 38, 39
ISL, 38, 49
ISL, 39, 40
ISL, 39, 50
ISL, 40, 41
ISL, 40, 50
ISL, 41, 42
ISL, 41, 52
ISL, 42, 43
ISL, 42, 53
ISL, 43, 44
ISL, 43, 54
ISL, 44, 45
ISL, 44, 55
ISL, 45, 46
ISL, 45, 56
ISL, 46, 47
ISL, 46, 56
ISL, 47, 36
ISL, 47, 58
ISL, 48, 49
ISL, 48, 71
ISL, 49, 50
ISL, 49, 60
ISL, 50, 51
ISL, 50, 61
ISL, 51, 52
ISL, 51, 62
ISL, 52, 53
ISL, 52, 63
ISL, 53, 54
ISL, 53, 64
ISL, 54, 55
ISL, 54, 65
ISL, 55, 56
ISL, 55, 66
ISL, 56, 57
ISL, 56, 67
ISL, 57, 58
ISL, 57, 68
ISL, 58, 59
ISL, 58, 69
ISL, 59, 48
ISL, 59, 70
ISL, 60, 61
ISL, 60, 83
ISL, 61, 62
ISL, 61, 72
ISL, 62, 63
ISL, 62, 73
ISL, 63, 64
ISL, 63, 73
ISL, 64, 65
ISL, 64, 75
ISL, 65, 66
ISL, 65, 76
ISL, 66, 67
ISL, 66, 77
ISL, 67, 68
ISL, 67, 78
ISL, 68, 69
ISL, 68, 79
ISL, 69, 70
ISL, 69, 79
ISL, 70, 71
ISL, 70, 81
ISL, 71, 60
ISL, 71, 82
ISL, 72, 73
ISL, 72, 95
ISL, 73, 74
ISL, 73, 84
ISL, 74, 75
ISL, 74, 85
ISL, 75, 76
ISL, 75, 85
ISL, 76, 77
ISL, 76, 87
ISL, 77, 78
ISL, 77, 88
ISL, 78, 79
ISL, 78, 89
ISL, 79, 80
ISL, 79, 90
ISL, 80, 81
ISL, 80, 91
ISL, 81, 82
ISL, 81, 91
ISL, 82, 83
ISL, 82, 93
ISL, 83, 72
ISL, 83, 94
ISL, 84, 85
ISL, 84, 2
ISL, 85, 86
ISL, 85, 3
ISL, 86, 87
ISL, 86, 4
ISL, 87, 88
ISL, 87, 5
ISL, 88, 89
ISL, 88, 6
ISL, 89, 90
ISL, 89, 7
ISL, 90, 91
ISL, 90, 8
ISL, 91, 92
ISL, 91, 9
ISL, 92, 93
ISL, 92, 10
ISL, 93, 94
ISL, 93, 11
ISL, 94, 95
ISL, 94, 0
ISL, 95, 84
ISL, 95, 1
