[METADATA]
Time: 2026-04-12 03:50:13
Step: 132
Total_Sats: 96

[NODES]
ID, Name, Lat(deg), Lon(deg), Alt(km)
0, W-00-00, -34.29917, -47.20370, 499.617
1, W-00-01, -50.53731, -12.46328, 505.568
2, W-00-02, -50.77364, 35.53463, 505.655
3, W-00-03, -34.79873, 70.71406, 499.791
4, W-00-04, -12.29030, 92.68737, 493.825
5, W-00-05, 11.71268, 111.00870, 493.738
6, W-00-06, 34.29917, 132.79630, 499.617
7, W-00-07, 50.53731, 167.53672, 505.568
8, W-00-08, 50.77364, -144.46537, 505.655
9, W-00-09, 34.79873, -109.28594, 499.791
10, W-00-10, 12.29030, -87.31263, 493.825
11, W-00-11, -11.71268, -68.99130, 493.738
12, W-01-00, -41.56902, 8.69496, 502.236
13, W-01-01, -52.97604, 50.26122, 506.455
14, W-01-02, -46.10942, 95.95762, 503.927
15, W-01-03, -26.75291, 124.89741, 497.169
16, W-01-04, -3.30523, 144.59830, 492.934
17, W-01-05, 20.52276, 163.35699, 495.473
18, W-01-06, 41.56902, -171.30504, 502.236
19, W-01-07, 52.97604, -129.73878, 506.455
20, W-01-08, 46.10942, -84.04238, 503.927
21, W-01-09, 26.75291, -55.10259, 497.169
22, W-01-10, 3.30523, -35.40170, 492.934
23, W-01-11, -20.52276, -16.64301, 495.473
24, W-02-00, -47.55971, 67.05878, 504.468
25, W-02-01, -52.58722, 113.82821, 506.315
26, W-02-02, -39.71979, 153.60249, 501.555
27, W-02-03, -18.18343, 177.83744, 494.931
28, W-02-04, 5.72890, -163.61437, 493.074
29, W-02-05, 28.97634, -143.42233, 497.851
30, W-02-06, 47.55971, -112.94122, 504.468
31, W-02-07, 52.58722, -66.17179, 506.315
32, W-02-08, 39.71979, -26.39751, 501.555
33, W-02-09, 18.18343, -2.16256, 494.931
34, W-02-10, -5.72890, 16.38563, 493.074
35, W-02-11, -28.97634, 36.57767, 497.851
36, W-03-00, -51.64376, 128.22118, 505.973
37, W-03-01, -49.45288, 175.98871, 505.169
38, W-03-02, -32.19203, -151.05121, 498.898
39, W-03-03, -9.30914, -129.97412, 493.418
40, W-03-04, 14.67729, -111.61133, 494.226
41, W-03-05, 36.83256, -88.80528, 500.509
42, W-03-06, 51.64376, -51.77882, 505.973
43, W-03-07, 49.45288, -4.01129, 505.169
44, W-03-08, 32.19203, 28.94879, 498.898
45, W-03-09, 9.30914, 50.02588, 493.418
46, W-03-10, -14.67729, 68.38867, 494.226
47, W-03-11, -36.83256, 91.19472, 500.509
48, W-04-00, -53.16966, -168.52818, 506.524
49, W-04-01, -44.13879, -124.53318, 503.192
50, W-04-02, -23.94221, -97.34451, 496.362
51, W-04-03, -0.29270, -78.14218, 492.864
52, W-04-04, 23.39035, -59.02303, 496.211
53, W-04-05, 43.73596, -32.15321, 503.042
54, W-04-06, 53.16966, 11.47182, 506.524
55, W-04-07, 44.13879, 55.46682, 503.192
56, W-04-08, 23.94221, 82.65549, 496.362
57, W-04-09, 0.29270, 101.85782, 492.864
58, W-04-10, -23.39035, 120.97697, 496.211
59, W-04-11, -43.73596, 147.84679, 503.042
60, W-05-00, -51.82606, -105.20151, 506.039
61, W-05-01, -37.31305, -67.72626, 500.681
62, W-05-02, -15.25036, -44.70397, 494.332
63, W-05-03, 8.72807, -26.32115, 493.352
64, W-05-04, 31.67612, -5.40135, 498.726
65, W-05-05, 49.16734, 27.14125, 505.064
66, W-05-06, 51.82606, 74.79849, 506.039
67, W-05-07, 37.31305, 112.27374, 500.681
68, W-05-08, 15.25036, 135.29603, 494.332
69, W-05-09, -8.72807, 153.67885, 493.352
70, W-05-10, -31.67612, 174.59865, 498.726
71, W-05-11, -49.16734, -152.85875, 505.064
72, W-06-00, -47.88935, -43.86700, 504.590
73, W-06-01, -29.50623, -12.99774, 498.019
74, W-06-02, -6.31238, 7.32518, 493.120
75, W-06-03, 17.61609, 25.83302, 494.808
76, W-06-04, 39.26148, 49.81911, 501.387
77, W-06-05, 52.46310, 89.15069, 506.270
78, W-06-06, 47.88935, 136.13300, 504.590
79, W-06-07, 29.50623, 167.00226, 498.019
80, W-06-08, 6.31238, -172.67482, 493.120
81, W-06-09, -17.61609, -154.16698, 494.808
82, W-06-10, -39.26148, -130.18089, 501.387
83, W-06-11, -52.46310, -90.84931, 506.270
84, W-07-00, -42.00159, 14.67489, 502.396
85, W-07-01, -21.08308, 40.29615, 495.611
86, W-07-02, 2.72031, 59.11614, 492.911
87, W-07-03, 26.21112, 78.71077, 497.008
88, W-07-04, 45.74077, 107.29614, 503.790
89, W-07-05, 53.03891, 152.69148, 506.477
90, W-07-06, 42.00159, -165.32511, 502.396
91, W-07-07, 21.08308, -139.70385, 495.611
92, W-07-08, -2.72031, -120.88386, 492.911
93, W-07-09, -26.21112, -101.28923, 497.008
94, W-07-10, -45.74077, -72.70386, 503.790
95, W-07-11, -53.03891, -27.30852, 506.477

[LINKS]
Type, SourceID, TargetID
ISL, 0, 1
ISL, 0, 23
ISL, 1, 2
ISL, 1, 12
ISL, 2, 3
ISL, 2, 13
ISL, 3, 4
ISL, 3, 14
ISL, 4, 5
ISL, 4, 15
ISL, 5, 6
ISL, 5, 15
ISL, 6, 7
ISL, 6, 17
ISL, 7, 8
ISL, 7, 18
ISL, 8, 9
ISL, 8, 19
ISL, 9, 10
ISL, 9, 20
ISL, 10, 11
ISL, 10, 21
ISL, 11, 0
ISL, 11, 21
ISL, 12, 13
ISL, 12, 35
ISL, 13, 14
ISL, 13, 24
ISL, 14, 15
ISL, 14, 25
ISL, 15, 16
ISL, 15, 26
ISL, 16, 17
ISL, 16, 27
ISL, 17, 18
ISL, 17, 28
ISL, 18, 19
ISL, 18, 29
ISL, 19, 20
ISL, 19, 30
ISL, 20, 21
ISL, 20, 31
ISL, 21, 22
ISL, 21, 32
ISL, 22, 23
ISL, 22, 33
ISL, 23, 12
ISL, 23, 34
ISL, 24, 25
ISL, 24, 47
ISL, 25, 26
ISL, 25, 36
ISL, 26, 27
ISL, 26, 37
ISL, 27, 28
ISL, 27, 38
ISL, 28, 29
ISL, 28, 39
ISL, 29, 30
ISL, 29, 40
ISL, 30, 31
ISL, 30, 41
ISL, 31, 32
ISL, 31, 42
ISL, 32, 33
ISL, 32, 43
ISL, 33, 34
ISL, 33, 44
ISL, 34, 35
ISL, 34, 45
ISL, 35, 24
ISL, 35, 46
ISL, 36, 37
ISL, 36, 59
ISL, 37, 38
ISL, 37, 48
ISL, 38, 39
ISL, 38, 49
ISL, 39, 40
ISL, 39, 50
ISL, 40, 41
ISL, 40, 50
ISL, 41, 42
ISL, 41, 52
ISL, 42, 43
ISL, 42, 53
ISL, 43, 44
ISL, 43, 54
ISL, 44, 45
ISL, 44, 55
ISL, 45, 46
ISL, 45, 56
ISL, 46, 47
ISL, 46, 56
ISL, 47, 36
ISL, 47, 58
ISL, 48, 49
ISL, 48, 71
ISL, 49, 50
ISL, 49, 60
ISL, 50, 51
ISL, 50, 61
ISL, 51, 52
ISL, 51, 62
ISL, 52, 53
ISL, 52, 63
ISL, 53, 54
ISL, 53, 64
ISL, 54, 55
ISL, 54, 65
ISL, 55, 56
ISL, 55, 66
ISL, 56, 57
ISL, 56, 67
ISL, 57, 58
ISL, 57, 68
ISL, 58, 59
ISL, 58, 69
ISL, 59, 48
ISL, 59, 70
ISL, 60, 61
ISL, 60, 83
ISL, 61, 62
ISL, 61, 72
ISL, 62, 63
ISL, 62, 73
ISL, 63, 64
ISL, 63, 73
ISL, 64, 65
ISL, 64, 75
ISL, 65, 66
ISL, 65, 76
ISL, 66, 67
ISL, 66, 77
ISL, 67, 68
ISL, 67, 78
ISL, 68, 69
ISL, 68, 79
ISL, 69, 70
ISL, 69, 79
ISL, 70, 71
ISL, 70, 81
ISL, 71, 60
ISL, 71, 82
ISL, 72, 73
ISL, 72, 95
ISL, 73, 74
ISL, 73, 84
ISL, 74, 75
ISL, 74, 85
ISL, 75, 76
ISL, 75, 85
ISL, 76, 77
ISL, 76, 87
ISL, 77, 78
ISL, 77, 88
ISL, 78, 79
ISL, 78, 89
ISL, 79, 80
ISL, 79, 90
ISL, 80, 81
ISL, 80, 91
ISL, 81, 82
ISL, 81, 91
ISL, 82, 83
ISL, 82, 93
ISL, 83, 72
ISL, 83, 94
ISL, 84, 85
ISL, 84, 2
ISL, 85, 86
ISL, 85, 3
ISL, 86, 87
ISL, 86, 4
ISL, 87, 88
ISL, 87, 5
ISL, 88, 89
ISL, 88, 6
ISL, 89, 90
ISL, 89, 7
ISL, 90, 91
ISL, 90, 8
ISL, 91, 92
ISL, 91, 9
ISL, 92, 93
ISL, 92, 10
ISL, 93, 94
ISL, 93, 11
ISL, 94, 95
ISL, 94, 0
ISL, 95, 84
ISL, 95, 1
