[METADATA]
Time: 2026-04-12 04:18:13
Step: 188
Total_Sats: 96

[NODES]
ID, Name, Lat(deg), Lon(deg), Alt(km)
0, W-00-00, -22.65037, 76.84798, 496.013
1, W-00-01, 1.07471, 95.86279, 492.870
2, W-00-02, 24.67660, 115.18306, 496.566
3, W-00-03, 44.66712, 142.80856, 503.389
4, W-00-04, 53.15053, -172.72064, 506.518
5, W-00-05, 43.18829, -129.60672, 502.838
6, W-00-06, 22.65037, -103.15202, 496.013
7, W-00-07, -1.07471, -84.13721, 492.870
8, W-00-08, -24.67660, -64.81694, 496.566
9, W-00-09, -44.66712, -37.19144, 503.389
10, W-00-10, -53.15053, 7.27936, 506.518
11, W-00-11, -43.18829, 50.39328, 502.838
12, W-01-00, -13.91019, 129.36940, 494.090
13, W-01-01, 10.08448, 147.71153, 493.514
14, W-01-02, 32.87659, 169.00713, 499.129
15, W-01-03, 49.82001, -157.46747, 505.305
16, W-01-04, 51.38333, -109.58549, 505.878
17, W-01-05, 36.18454, -73.15727, 500.278
18, W-01-06, 13.91019, -50.63060, 494.090
19, W-01-07, -10.08448, -32.28847, 493.514
20, W-01-08, -32.87659, -10.99287, 499.129
21, W-01-09, -49.82001, 22.53253, 505.305
22, W-01-10, -51.38333, 70.41451, 505.878
23, W-01-11, -36.18454, 106.84273, 500.278
24, W-02-00, -4.94885, -178.66006, 493.021
25, W-02-01, 18.93939, -160.05170, 495.100
26, W-02-02, 40.32469, -135.47404, 501.777
27, W-02-03, 52.73476, -95.11369, 506.368
28, W-02-04, 47.10694, -48.65732, 504.299
29, W-02-05, 28.26462, -18.68491, 497.629
30, W-02-06, 4.94885, 1.33994, 493.021
31, W-02-07, -18.93939, 19.94830, 495.100
32, W-02-08, -40.32469, 44.52596, 501.777
33, W-02-09, -52.73476, 84.88631, 506.368
34, W-02-10, -47.10694, 131.34268, 504.299
35, W-02-11, -28.26462, 161.31509, 497.629
36, W-03-00, 4.08632, -126.87536, 492.971
37, W-03-01, 27.47331, -107.02524, 497.386
38, W-03-02, 46.59066, -77.60143, 504.107
39, W-03-03, 52.87321, -31.52752, 506.418
40, W-03-04, 40.98289, 9.47126, 502.020
41, W-03-05, 19.77192, 34.44140, 495.293
42, W-03-06, -4.08632, 53.12464, 492.971
43, W-03-07, -27.47331, 72.97476, 497.386
44, W-03-08, -46.59066, 102.39857, 504.107
45, W-03-09, -52.87321, 148.47248, 506.418
46, W-03-10, -40.98289, -170.52874, 502.020
47, W-03-11, -19.77192, -145.55860, 495.293
48, W-04-00, 13.06071, -74.93759, 493.947
49, W-04-01, 35.46067, -52.70718, 500.023
50, W-04-02, 51.07352, -16.93674, 505.765
51, W-04-03, 50.20609, 31.02736, 505.447
52, W-04-04, 33.62653, 65.18666, 499.385
53, W-04-05, 10.93985, 86.73503, 493.627
54, W-04-06, -13.06071, 105.06241, 493.947
55, W-04-07, -35.46067, 127.29282, 500.023
56, W-04-08, -51.07352, 163.06326, 505.765
57, W-04-09, -50.20609, -148.97264, 505.447
58, W-04-10, -33.62653, -114.81334, 499.385
59, W-04-11, -10.93985, -93.26497, 493.627
60, W-05-00, 21.82924, -22.48628, 495.800
61, W-05-01, 42.57095, 3.52413, 502.608
62, W-05-02, 53.10397, 46.05308, 506.501
63, W-05-03, 45.23737, 91.02295, 503.602
64, W-05-04, 25.48408, 119.14551, 496.796
65, W-05-05, 1.93865, 138.60534, 492.887
66, W-05-06, -21.82924, 157.51372, 495.800
67, W-05-07, -42.57095, -176.47587, 502.608
68, W-05-08, -53.10397, -133.94692, 506.501
69, W-05-09, -45.23737, -88.97705, 503.602
70, W-05-10, -25.48408, -60.85449, 496.796
71, W-05-11, -1.93865, -41.39466, 492.887
72, W-06-00, 30.21014, 30.90888, 498.245
73, W-06-01, 48.31695, 62.30624, 504.749
74, W-06-02, 52.27923, 109.54322, 506.203
75, W-06-03, 38.64211, 148.27943, 501.162
76, W-06-04, 16.85627, 171.94317, 494.648
77, W-06-05, -7.09126, -169.59668, 493.186
78, W-06-06, -30.21014, -149.09112, 498.245
79, W-06-07, -48.31695, -117.69376, 504.749
80, W-06-08, -52.27923, -70.45678, 506.203
81, W-06-09, -38.64211, -31.72057, 501.162
82, W-06-10, -16.85627, -8.05683, 494.648
83, W-06-11, 7.09126, 10.40332, 493.186
84, W-07-00, 37.94861, 85.79061, 500.910
85, W-07-01, 52.05240, 123.86560, 506.121
86, W-07-02, 48.77192, 171.34316, 504.918
87, W-07-03, 30.98240, -156.66380, 498.497
88, W-07-04, 7.95096, -135.94590, 493.269
89, W-07-05, -16.01435, -117.53022, 494.479
90, W-07-06, -37.94861, -94.20939, 500.910
91, W-07-07, -52.05240, -56.13440, 506.121
92, W-07-08, -48.77192, -8.65684, 504.918
93, W-07-09, -30.98240, 23.33620, 498.497
94, W-07-10, -7.95096, 44.05410, 493.269
95, W-07-11, 16.01435, 62.46978, 494.479

[LINKS]
Type, SourceID, TargetID
ISL, 0, 1
ISL, 0, 23
ISL, 1, 2
ISL, 1, 12
ISL, 2, 3
ISL, 2, 13
ISL, 3, 4
ISL, 3, 14
ISL, 4, 5
ISL, 4, 15
ISL, 5, 6
ISL, 5, 15
ISL, 6, 7
ISL, 6, 17
ISL, 7, 8
ISL, 7, 18
ISL, 8, 9
ISL, 8, 19
ISL, 9, 10
ISL, 9, 20
ISL, 10, 11
ISL, 10, 21
ISL, 11, 0
ISL, 11, 21
ISL, 12, 13
ISL, 12, 35
ISL, 13, 14
ISL, 13, 24
ISL, 14, 15
ISL, 14, 25
ISL, 15, 16
ISL, 15, 26
ISL, 16, 17
ISL, 16, 27
ISL, 17, 18
ISL, 17, 28
ISL, 18, 19
ISL, 18, 29
ISL, 19, 20
ISL, 19, 30
ISL, 20, 21
ISL, 20, 31
ISL, 21, 22
ISL, 21, 32
ISL, 22, 23
ISL, 22, 33
ISL, 23, 12
ISL, 23, 34
ISL, 24, 25
ISL, 24, 47
ISL, 25, 26
ISL, 25, 36
ISL, 26, 27
ISL, 26, 37
ISL, 27, 28
ISL, 27, 38
ISL, 28, 29
ISL, 28, 39
ISL, 29, 30
ISL, 29, 40
ISL, 30, 31
ISL, 30, 41
ISL, 31, 32
ISL, 31, 42
ISL, 32, 33
ISL, 32, 43
ISL, 33, 34
ISL, 33, 44
ISL, 34, 35
ISL, 34, 45
ISL, 35, 24
ISL, 35, 46
ISL, 36, 37
ISL, 36, 59
ISL, 37, 38
ISL, 37, 48
ISL, 38, 39
ISL, 38, 49
ISL, 39, 40
ISL, 39, 50
ISL, 40, 41
ISL, 40, 50
ISL, 41, 42
ISL, 41, 52
ISL, 42, 43
ISL, 42, 53
ISL, 43, 44
ISL, 43, 54
ISL, 44, 45
ISL, 44, 55
ISL, 45, 46
ISL, 45, 56
ISL, 46, 47
ISL, 46, 56
ISL, 47, 36
ISL, 47, 58
ISL, 48, 49
ISL, 48, 71
ISL, 49, 50
ISL, 49, 60
ISL, 50, 51
ISL, 50, 61
ISL, 51, 52
ISL, 51, 62
ISL, 52, 53
ISL, 52, 63
ISL, 53, 54
ISL, 53, 64
ISL, 54, 55
ISL, 54, 65
ISL, 55, 56
ISL, 55, 66
ISL, 56, 57
ISL, 56, 67
ISL, 57, 58
ISL, 57, 68
ISL, 58, 59
ISL, 58, 69
ISL, 59, 48
ISL, 59, 70
ISL, 60, 61
ISL, 60, 83
ISL, 61, 62
ISL, 61, 72
ISL, 62, 63
ISL, 62, 73
ISL, 63, 64
ISL, 63, 73
ISL, 64, 65
ISL, 64, 75
ISL, 65, 66
ISL, 65, 76
ISL, 66, 67
ISL, 66, 77
ISL, 67, 68
ISL, 67, 78
ISL, 68, 69
ISL, 68, 79
ISL, 69, 70
ISL, 69, 79
ISL, 70, 71
ISL, 70, 81
ISL, 71, 60
ISL, 71, 82
ISL, 72, 73
ISL, 72, 95
ISL, 73, 74
ISL, 73, 84
ISL, 74, 75
ISL, 74, 85
ISL, 75, 76
ISL, 75, 85
ISL, 76, 77
ISL, 76, 87
ISL, 77, 78
ISL, 77, 88
ISL, 78, 79
ISL, 78, 89
ISL, 79, 80
ISL, 79, 90
ISL, 80, 81
ISL, 80, 91
ISL, 81, 82
ISL, 81, 91
ISL, 82, 83
ISL, 82, 93
ISL, 83, 72
ISL, 83, 94
ISL, 84, 85
ISL, 84, 2
ISL, 85, 86
ISL, 85, 3
ISL, 86, 87
ISL, 86, 4
ISL, 87, 88
ISL, 87, 5
ISL, 88, 89
ISL, 88, 6
ISL, 89, 90
ISL, 89, 7
ISL, 90, 91
ISL, 90, 8
ISL, 91, 92
ISL, 91, 9
ISL, 92, 93
ISL, 92, 10
ISL, 93, 94
ISL, 93, 11
ISL, 94, 95
ISL, 94, 0
ISL, 95, 84
ISL, 95, 1
