[METADATA]
Time: 2026-04-12 03:00:43
Step: 33
Total_Sats: 96

[NODES]
ID, Name, Lat(deg), Lon(deg), Alt(km)
0, W-00-00, 28.14718, 138.10499, 497.593
1, W-00-01, 47.03116, 167.99486, 504.271
2, W-00-02, 52.75701, -145.60331, 506.376
3, W-00-03, 40.42332, -105.14728, 501.813
4, W-00-04, 19.06347, -80.51214, 495.128
5, W-00-05, -4.82053, -61.89319, 493.013
6, W-00-06, -28.14718, -41.89501, 497.593
7, W-00-07, -47.03116, -12.00514, 504.271
8, W-00-08, -52.75701, 34.39669, 506.376
9, W-00-09, -40.42332, 74.85272, 501.813
10, W-00-10, -19.06347, 99.48786, 495.128
11, W-00-11, 4.82053, 118.10681, 493.013
12, W-01-00, 36.07733, -167.44598, 500.240
13, W-01-01, 51.33867, -131.11590, 505.862
14, W-01-02, 49.87878, -83.21874, 505.326
15, W-01-03, 32.98863, -49.59959, 499.167
16, W-01-04, 10.21186, -28.26714, 493.530
17, W-01-05, -13.78390, -9.92774, 494.068
18, W-01-06, -36.07733, 12.55402, 500.240
19, W-01-07, -51.33867, 48.88410, 505.862
20, W-01-08, -49.87878, 96.78126, 505.326
21, W-01-09, -32.98863, 130.40041, 499.167
22, W-01-10, -10.21186, 151.73286, 493.530
23, W-01-11, 13.78390, 170.07226, 494.068
24, W-02-00, 43.09722, -111.02938, 502.804
25, W-02-01, 53.14529, -68.00122, 506.516
26, W-02-02, 44.75290, -23.45432, 503.421
27, W-02-03, 24.79703, 4.24419, 496.600
28, W-02-04, 1.20329, 23.58461, 492.872
29, W-02-05, -22.52840, 42.58300, 495.981
30, W-02-06, -43.09722, 68.97062, 502.804
31, W-02-07, -53.14529, 111.99878, 506.516
32, W-02-08, -44.75290, 156.54568, 503.421
33, W-02-09, -24.79703, -175.75581, 496.600
34, W-02-10, -1.20329, -156.41539, 492.872
35, W-02-11, 22.52840, -137.41700, 495.981
36, W-03-00, 48.70540, -52.01929, 504.893
37, W-03-01, 52.08772, -4.57476, 506.134
38, W-03-02, 38.05241, 33.59877, 500.948
39, W-03-03, 16.13979, 56.96976, 494.503
40, W-03-04, -7.82308, 75.39151, 493.256
41, W-03-05, -30.86785, 96.07710, 498.459
42, W-03-06, -48.70540, 127.98071, 504.893
43, W-03-07, -52.08772, 175.42524, 506.134
44, W-03-08, -38.05241, -146.40123, 500.948
45, W-03-09, -16.13979, -123.03024, 494.503
46, W-03-10, 7.82308, -104.60849, 493.256
47, W-03-11, 30.86785, -83.92290, 498.459
48, W-04-00, 52.24704, 9.74542, 506.192
49, W-04-01, 48.38583, 57.02096, 504.774
50, W-04-02, 30.32543, 88.50617, 498.283
51, W-04-03, 7.21926, 109.04262, 493.198
52, W-04-04, -16.73114, 127.49560, 494.622
53, W-04-05, -38.53950, 151.10744, 501.124
54, W-04-06, -52.24704, -170.25458, 506.192
55, W-04-07, -48.38583, -122.97904, 504.774
56, W-04-08, -30.32543, -91.49383, 498.283
57, W-04-09, -7.21926, -70.95738, 493.198
58, W-04-10, 16.73114, -52.50440, 494.622
59, W-04-11, 38.53950, -28.89256, 501.124
60, W-05-00, 53.11258, 73.22554, 506.504
61, W-05-01, 42.66361, 115.84279, 502.642
62, W-05-02, 21.95166, 141.91836, 495.831
63, W-05-03, -1.81009, 160.84200, 492.884
64, W-05-04, -25.36419, -179.71956, 496.762
65, W-05-05, -45.15343, -151.67193, 503.570
66, W-05-06, -53.11258, -106.77446, 506.504
67, W-05-07, -42.66361, -64.15721, 502.642
68, W-05-08, -21.95166, -38.08164, 495.831
69, W-05-09, 1.81009, -19.15800, 492.884
70, W-05-10, 25.36419, 0.28044, 496.762
71, W-05-11, 45.15343, 28.32807, 503.570
72, W-06-00, 51.12107, 136.23813, 505.782
73, W-06-01, 35.56890, 172.10618, 500.061
74, W-06-02, 13.18724, -165.62014, 493.968
75, W-06-03, -10.81265, -147.29110, 493.610
76, W-06-04, -33.51537, -125.78111, 499.347
77, W-06-05, -50.14996, -91.71672, 505.426
78, W-06-06, -51.12107, -43.76187, 505.782
79, W-06-07, -35.56890, -7.89382, 500.061
80, W-06-08, -13.18724, 14.37986, 493.968
81, W-06-09, 10.81265, 32.70890, 493.610
82, W-06-10, 33.51537, 54.21889, 499.347
83, W-06-11, 50.14996, 88.28328, 505.426
84, W-07-00, 46.66853, -163.05771, 504.136
85, W-07-01, 27.59138, -133.55317, 497.422
86, W-07-02, 4.21472, -113.67770, 492.978
87, W-07-03, -19.64822, -95.00616, 495.264
88, W-07-04, -40.88563, -70.09536, 501.984
89, W-07-05, -52.85426, -29.19089, 506.411
90, W-07-06, -46.66853, 16.94229, 504.136
91, W-07-07, -27.59138, 46.44683, 497.422
92, W-07-08, -4.21472, 66.32230, 492.978
93, W-07-09, 19.64822, 84.99384, 495.264
94, W-07-10, 40.88563, 109.90464, 501.984
95, W-07-11, 52.85426, 150.80911, 506.411

[LINKS]
Type, SourceID, TargetID
ISL, 0, 1
ISL, 0, 23
ISL, 1, 2
ISL, 1, 12
ISL, 2, 3
ISL, 2, 13
ISL, 3, 4
ISL, 3, 14
ISL, 4, 5
ISL, 4, 15
ISL, 5, 6
ISL, 5, 15
ISL, 6, 7
ISL, 6, 17
ISL, 7, 8
ISL, 7, 18
ISL, 8, 9
ISL, 8, 19
ISL, 9, 10
ISL, 9, 20
ISL, 10, 11
ISL, 10, 21
ISL, 11, 0
ISL, 11, 21
ISL, 12, 13
ISL, 12, 35
ISL, 13, 14
ISL, 13, 24
ISL, 14, 15
ISL, 14, 25
ISL, 15, 16
ISL, 15, 26
ISL, 16, 17
ISL, 16, 27
ISL, 17, 18
ISL, 17, 28
ISL, 18, 19
ISL, 18, 29
ISL, 19, 20
ISL, 19, 30
ISL, 20, 21
ISL, 20, 31
ISL, 21, 22
ISL, 21, 32
ISL, 22, 23
ISL, 22, 33
ISL, 23, 12
ISL, 23, 34
ISL, 24, 25
ISL, 24, 47
ISL, 25, 26
ISL, 25, 36
ISL, 26, 27
ISL, 26, 37
ISL, 27, 28
ISL, 27, 38
ISL, 28, 29
ISL, 28, 39
ISL, 29, 30
ISL, 29, 40
ISL, 30, 31
ISL, 30, 41
ISL, 31, 32
ISL, 31, 42
ISL, 32, 33
ISL, 32, 43
ISL, 33, 34
ISL, 33, 44
ISL, 34, 35
ISL, 34, 45
ISL, 35, 24
ISL, 35, 46
ISL, 36, 37
ISL, 36, 59
ISL, 37, 38
ISL, 37, 48
ISL, 38, 39
ISL, 38, 49
ISL, 39, 40
ISL, 39, 50
ISL, 40, 41
ISL, 40, 50
ISL, 41, 42
ISL, 41, 52
ISL, 42, 43
ISL, 42, 53
ISL, 43, 44
ISL, 43, 54
ISL, 44, 45
ISL, 44, 55
ISL, 45, 46
ISL, 45, 56
ISL, 46, 47
ISL, 46, 56
ISL, 47, 36
ISL, 47, 58
ISL, 48, 49
ISL, 48, 71
ISL, 49, 50
ISL, 49, 60
ISL, 50, 51
ISL, 50, 61
ISL, 51, 52
ISL, 51, 62
ISL, 52, 53
ISL, 52, 63
ISL, 53, 54
ISL, 53, 64
ISL, 54, 55
ISL, 54, 65
ISL, 55, 56
ISL, 55, 66
ISL, 56, 57
ISL, 56, 67
ISL, 57, 58
ISL, 57, 68
ISL, 58, 59
ISL, 58, 69
ISL, 59, 48
ISL, 59, 70
ISL, 60, 61
ISL, 60, 83
ISL, 61, 62
ISL, 61, 72
ISL, 62, 63
ISL, 62, 73
ISL, 63, 64
ISL, 63, 73
ISL, 64, 65
ISL, 64, 75
ISL, 65, 66
ISL, 65, 76
ISL, 66, 67
ISL, 66, 77
ISL, 67, 68
ISL, 67, 78
ISL, 68, 69
ISL, 68, 79
ISL, 69, 70
ISL, 69, 79
ISL, 70, 71
ISL, 70, 81
ISL, 71, 60
ISL, 71, 82
ISL, 72, 73
ISL, 72, 95
ISL, 73, 74
ISL, 73, 84
ISL, 74, 75
ISL, 74, 85
ISL, 75, 76
ISL, 75, 85
ISL, 76, 77
ISL, 76, 87
ISL, 77, 78
ISL, 77, 88
ISL, 78, 79
ISL, 78, 89
ISL, 79, 80
ISL, 79, 90
ISL, 80, 81
ISL, 80, 91
ISL, 81, 82
ISL, 81, 91
ISL, 82, 83
ISL, 82, 93
ISL, 83, 72
ISL, 83, 94
ISL, 84, 85
ISL, 84, 2
ISL, 85, 86
ISL, 85, 3
ISL, 86, 87
ISL, 86, 4
ISL, 87, 88
ISL, 87, 5
ISL, 88, 89
ISL, 88, 6
ISL, 89, 90
ISL, 89, 7
ISL, 90, 91
ISL, 90, 8
ISL, 91, 92
ISL, 91, 9
ISL, 92, 93
ISL, 92, 10
ISL, 93, 94
ISL, 93, 11
ISL, 94, 95
ISL, 94, 0
ISL, 95, 84
ISL, 95, 1
