[METADATA]
Time: 2026-04-12 03:11:43
Step: 55
Total_Sats: 96

[NODES]
ID, Name, Lat(deg), Lon(deg), Alt(km)
0, W-00-00, 51.52179, -177.84625, 505.928
1, W-00-01, 49.63025, -130.01935, 505.235
2, W-00-02, 32.51959, -96.79037, 499.009
3, W-00-03, 9.67950, -75.61015, 493.463
4, W-00-04, -14.31120, -57.25809, 494.160
5, W-00-05, -36.52398, -34.58679, 500.399
6, W-00-06, -51.52179, 2.15375, 505.928
7, W-00-07, -49.63025, 49.98065, 505.235
8, W-00-08, -32.51959, 83.20963, 499.009
9, W-00-09, -9.67950, 104.38985, 493.463
10, W-00-10, 14.31120, 122.74191, 494.160
11, W-00-11, 36.52398, 145.41321, 500.399
12, W-01-00, 53.16326, -114.64880, 506.522
13, W-01-01, 44.39250, -70.42388, 503.286
14, W-01-02, 24.29330, -43.02817, 496.459
15, W-01-03, 0.66612, -23.77050, 492.866
16, W-01-04, -23.03739, -4.70213, 496.116
17, W-01-05, -43.47578, 21.96792, 502.945
18, W-01-06, -53.16326, 65.35120, 506.522
19, W-01-07, -44.39250, 109.57612, 503.286
20, W-01-08, -24.29330, 136.97183, 496.459
21, W-01-09, -0.66612, 156.22950, 492.866
22, W-01-10, 23.03739, 175.29787, 496.116
23, W-01-11, 43.47578, -158.03208, 502.945
24, W-02-00, 51.93661, -51.27846, 506.079
25, W-02-01, 37.61746, -13.51678, 500.791
26, W-02-02, 15.61540, 9.64668, 494.401
27, W-02-03, -8.35711, 28.04431, 493.311
28, W-02-04, -31.34550, 48.86654, 498.616
29, W-02-05, -48.98049, 81.14553, 504.995
30, W-02-06, -51.93661, 128.72154, 506.079
31, W-02-07, -37.61746, 166.48322, 500.791
32, W-02-08, -15.61540, -170.35332, 494.401
33, W-02-09, 8.35711, -151.95569, 493.311
34, W-02-10, 31.34550, -131.13346, 498.616
35, W-02-11, 48.98049, -98.85447, 504.995
36, W-03-00, 48.09537, 10.16420, 504.667
37, W-03-01, 29.84293, 41.28429, 498.127
38, W-03-02, 6.68439, 61.69330, 493.150
39, W-03-03, -17.25353, 80.17748, 494.731
40, W-03-04, -38.96673, 104.00821, 501.280
41, W-03-05, -52.37786, 143.05598, 506.239
42, W-03-06, -48.09537, -169.83580, 504.667
43, W-03-07, -29.84293, -138.71571, 498.127
44, W-03-08, -6.68439, -118.30670, 493.150
45, W-03-09, 17.25353, -99.82252, 494.731
46, W-03-10, 38.96673, -75.99179, 501.280
47, W-03-11, 52.37786, -36.94402, 506.239
48, W-04-00, 42.27470, 68.82048, 502.498
49, W-04-01, 21.43972, 94.62603, 495.701
50, W-04-02, -2.34709, 113.48730, 492.899
51, W-04-03, -25.86441, 133.01654, 496.907
52, W-04-04, -45.50193, 161.37939, 503.700
53, W-04-05, -53.07269, -153.42521, 506.490
54, W-04-06, -42.27470, -111.17952, 502.498
55, W-04-07, -21.43972, -85.37397, 495.701
56, W-04-08, 2.34709, -66.51270, 492.899
57, W-04-09, 25.86441, -46.98346, 496.907
58, W-04-10, 45.50193, -18.62061, 503.700
59, W-04-11, 53.07269, 26.57479, 506.490
60, W-05-00, 35.11560, 124.95077, 499.902
61, W-05-01, 12.65835, 147.04555, 493.882
62, W-05-02, -11.34381, 165.36891, 493.684
63, W-05-03, -33.97872, -172.95898, 499.506
64, W-05-04, -50.38134, -138.49686, 505.511
65, W-05-05, -50.91912, -90.51028, 505.708
66, W-05-06, -35.11560, -55.04923, 499.902
67, W-05-07, -12.65835, -32.95445, 493.882
68, W-05-08, 11.34381, -14.63109, 493.684
69, W-05-09, 33.97872, 7.04102, 499.506
70, W-05-10, 50.38134, 41.50314, 505.511
71, W-05-11, 50.91912, 89.48972, 505.708
72, W-06-00, 27.09739, 179.19786, 497.272
73, W-06-01, 3.67826, -161.03103, 492.950
74, W-06-02, -20.16455, -142.30928, 495.386
75, W-06-03, -41.29030, -117.14846, 502.133
76, W-06-04, -52.92962, -75.85183, 506.438
77, W-06-05, -46.34084, -29.97156, 504.013
78, W-06-06, -27.09739, -0.80214, 497.272
79, W-06-07, -3.67826, 18.96897, 492.950
80, W-06-08, 20.16455, 37.69072, 495.386
81, W-06-09, 41.29030, 62.85154, 502.133
82, W-06-10, 52.92962, 104.14817, 506.438
83, W-06-11, 46.34084, 150.02844, 504.013
84, W-07-00, 18.54469, -127.82129, 495.011
85, W-07-01, -5.35649, -109.24527, 493.048
86, W-07-02, -28.63703, -89.13415, 497.745
87, W-07-03, -47.34526, -58.89737, 504.388
88, W-07-04, -52.66029, -12.27341, 506.341
89, W-07-05, -40.00970, 27.78158, 501.661
90, W-07-06, -18.54469, 52.17871, 495.011
91, W-07-07, 5.35649, 70.75473, 493.048
92, W-07-08, 28.63703, 90.86585, 497.745
93, W-07-09, 47.34526, 121.10263, 504.388
94, W-07-10, 52.66029, 167.72659, 506.341
95, W-07-11, 40.00970, -152.21842, 501.661

[LINKS]
Type, SourceID, TargetID
ISL, 0, 1
ISL, 0, 23
ISL, 1, 2
ISL, 1, 12
ISL, 2, 3
ISL, 2, 13
ISL, 3, 4
ISL, 3, 14
ISL, 4, 5
ISL, 4, 15
ISL, 5, 6
ISL, 5, 15
ISL, 6, 7
ISL, 6, 17
ISL, 7, 8
ISL, 7, 18
ISL, 8, 9
ISL, 8, 19
ISL, 9, 10
ISL, 9, 20
ISL, 10, 11
ISL, 10, 21
ISL, 11, 0
ISL, 11, 21
ISL, 12, 13
ISL, 12, 35
ISL, 13, 14
ISL, 13, 24
ISL, 14, 15
ISL, 14, 25
ISL, 15, 16
ISL, 15, 26
ISL, 16, 17
ISL, 16, 27
ISL, 17, 18
ISL, 17, 28
ISL, 18, 19
ISL, 18, 29
ISL, 19, 20
ISL, 19, 30
ISL, 20, 21
ISL, 20, 31
ISL, 21, 22
ISL, 21, 32
ISL, 22, 23
ISL, 22, 33
ISL, 23, 12
ISL, 23, 34
ISL, 24, 25
ISL, 24, 47
ISL, 25, 26
ISL, 25, 36
ISL, 26, 27
ISL, 26, 37
ISL, 27, 28
ISL, 27, 38
ISL, 28, 29
ISL, 28, 39
ISL, 29, 30
ISL, 29, 40
ISL, 30, 31
ISL, 30, 41
ISL, 31, 32
ISL, 31, 42
ISL, 32, 33
ISL, 32, 43
ISL, 33, 34
ISL, 33, 44
ISL, 34, 35
ISL, 34, 45
ISL, 35, 24
ISL, 35, 46
ISL, 36, 37
ISL, 36, 59
ISL, 37, 38
ISL, 37, 48
ISL, 38, 39
ISL, 38, 49
ISL, 39, 40
ISL, 39, 50
ISL, 40, 41
ISL, 40, 50
ISL, 41, 42
ISL, 41, 52
ISL, 42, 43
ISL, 42, 53
ISL, 43, 44
ISL, 43, 54
ISL, 44, 45
ISL, 44, 55
ISL, 45, 46
ISL, 45, 56
ISL, 46, 47
ISL, 46, 56
ISL, 47, 36
ISL, 47, 58
ISL, 48, 49
ISL, 48, 71
ISL, 49, 50
ISL, 49, 60
ISL, 50, 51
ISL, 50, 61
ISL, 51, 52
ISL, 51, 62
ISL, 52, 53
ISL, 52, 63
ISL, 53, 54
ISL, 53, 64
ISL, 54, 55
ISL, 54, 65
ISL, 55, 56
ISL, 55, 66
ISL, 56, 57
ISL, 56, 67
ISL, 57, 58
ISL, 57, 68
ISL, 58, 59
ISL, 58, 69
ISL, 59, 48
ISL, 59, 70
ISL, 60, 61
ISL, 60, 83
ISL, 61, 62
ISL, 61, 72
ISL, 62, 63
ISL, 62, 73
ISL, 63, 64
ISL, 63, 73
ISL, 64, 65
ISL, 64, 75
ISL, 65, 66
ISL, 65, 76
ISL, 66, 67
ISL, 66, 77
ISL, 67, 68
ISL, 67, 78
ISL, 68, 69
ISL, 68, 79
ISL, 69, 70
ISL, 69, 79
ISL, 70, 71
ISL, 70, 81
ISL, 71, 60
ISL, 71, 82
ISL, 72, 73
ISL, 72, 95
ISL, 73, 74
ISL, 73, 84
ISL, 74, 75
ISL, 74, 85
ISL, 75, 76
ISL, 75, 85
ISL, 76, 77
ISL, 76, 87
ISL, 77, 78
ISL, 77, 88
ISL, 78, 79
ISL, 78, 89
ISL, 79, 80
ISL, 79, 90
ISL, 80, 81
ISL, 80, 91
ISL, 81, 82
ISL, 81, 91
ISL, 82, 83
ISL, 82, 93
ISL, 83, 72
ISL, 83, 94
ISL, 84, 85
ISL, 84, 2
ISL, 85, 86
ISL, 85, 3
ISL, 86, 87
ISL, 86, 4
ISL, 87, 88
ISL, 87, 5
ISL, 88, 89
ISL, 88, 6
ISL, 89, 90
ISL, 89, 7
ISL, 90, 91
ISL, 90, 8
ISL, 91, 92
ISL, 91, 9
ISL, 92, 93
ISL, 92, 10
ISL, 93, 94
ISL, 93, 11
ISL, 94, 95
ISL, 94, 0
ISL, 95, 84
ISL, 95, 1
