[METADATA]
Time: 2026-04-12 03:05:43
Step: 43
Total_Sats: 96

[NODES]
ID, Name, Lat(deg), Lon(deg), Alt(km)
0, W-00-00, 41.07011, 153.97035, 502.052
1, W-00-01, 52.88976, -164.94633, 506.424
2, W-00-02, 46.52035, -118.92639, 504.080
3, W-00-03, 27.36708, -89.57487, 497.354
4, W-00-04, 3.97090, -69.74733, 492.965
5, W-00-05, -19.88306, -51.05340, 495.319
6, W-00-06, -41.07011, -26.02965, 502.052
7, W-00-07, -52.88976, 15.05367, 506.424
8, W-00-08, -46.52035, 61.07361, 504.080
9, W-00-09, -27.36708, 90.42513, 497.354
10, W-00-10, -3.97090, 110.25267, 492.965
11, W-00-11, 19.88306, 128.94660, 495.319
12, W-01-00, 47.17474, -147.86651, 504.324
13, W-01-01, 52.71428, -101.36185, 506.361
14, W-01-02, 40.23582, -61.08768, 501.744
15, W-01-03, 18.82780, -36.56142, 495.075
16, W-01-04, -5.06418, -17.96240, 493.028
17, W-01-05, -28.37008, 2.08661, 497.662
18, W-01-06, -47.17474, 32.13349, 504.324
19, W-01-07, -52.71428, 78.63815, 506.361
20, W-01-08, -40.23582, 118.91232, 501.744
21, W-01-09, -18.82780, 143.43858, 495.075
22, W-01-10, 5.06418, 162.03760, 493.028
23, W-01-11, 28.37008, -177.91339, 497.662
24, W-02-00, 51.42302, -86.90344, 505.892
25, W-02-01, 49.76679, -39.03599, 505.285
26, W-02-02, 32.77575, -5.59467, 499.095
27, W-02-03, 9.96995, 15.66802, 493.499
28, W-02-04, -14.02368, 34.01277, 494.109
29, W-02-05, -36.28075, 56.58006, 500.313
30, W-02-06, -51.42302, 93.09656, 505.892
31, W-02-07, -49.76679, 140.96401, 505.285
32, W-02-08, -32.77575, 174.40533, 499.095
33, W-02-09, -9.96995, -164.33198, 493.499
34, W-02-10, 14.02368, -145.98723, 494.109
35, W-02-11, 36.28075, -123.41994, 500.313
36, W-03-00, 53.15473, -23.75024, 506.519
37, W-03-01, 44.58976, 20.65163, 503.360
38, W-03-02, 24.56826, 48.21178, 496.536
39, W-03-03, 0.95913, 67.51412, 492.869
40, W-03-04, -22.75994, 86.54387, 496.042
41, W-03-05, -43.26991, 113.05915, 502.868
42, W-03-06, -53.15473, 156.24976, 506.519
43, W-03-07, -44.58976, -159.34837, 503.360
44, W-03-08, -24.56826, -131.78822, 496.536
45, W-03-09, -0.95913, -112.48588, 492.869
46, W-03-10, 22.75994, -93.45613, 496.042
47, W-03-11, 43.26991, -66.94085, 502.868
48, W-04-00, 52.02020, 39.65171, 506.110
49, W-04-01, 37.85514, 77.63809, 500.877
50, W-04-02, 15.90155, 100.91409, 494.457
51, W-04-03, -8.06588, 119.32447, 493.281
52, W-04-04, -31.08526, 140.07163, 498.531
53, W-04-05, -48.83135, 172.14529, 504.940
54, W-04-06, -52.02020, -140.34829, 506.110
55, W-04-07, -37.85514, -102.36191, 500.877
56, W-04-08, -15.90155, -79.08591, 494.457
57, W-04-09, 8.06588, -60.67553, 493.281
58, W-04-10, 31.08526, -39.92837, 498.531
59, W-04-11, 48.83135, -7.85471, 504.940
60, W-05-00, 48.25468, 101.17824, 504.726
61, W-05-01, 30.10639, 132.49686, 498.212
62, W-05-02, 6.97619, 152.97486, 493.176
63, W-05-03, -16.96871, 171.44161, 494.671
64, W-05-04, -38.73416, -164.84773, 501.195
65, W-05-05, -52.30770, -126.02329, 506.214
66, W-05-06, -48.25468, -78.82176, 504.726
67, W-05-07, -30.10639, -47.50314, 498.212
68, W-05-08, -6.97619, -27.02514, 493.176
69, W-05-09, 16.96871, -8.55839, 494.671
70, W-05-10, 38.73416, 15.15227, 501.195
71, W-05-11, 52.30770, 53.97671, 506.214
72, W-06-00, 42.48742, 159.92469, 502.577
73, W-06-01, 21.71913, -174.12320, 495.772
74, W-06-02, -2.05420, -155.22835, 492.890
75, W-06-03, -25.59177, -135.74911, 496.827
76, W-06-04, -45.31255, -107.55892, 503.630
77, W-06-05, -53.09572, -62.52455, 506.498
78, W-06-06, -42.48742, -20.07531, 502.577
79, W-06-07, -21.71913, 5.87680, 495.772
80, W-06-08, 2.05420, 24.77165, 492.890
81, W-06-09, 25.59177, 44.25089, 496.827
82, W-06-10, 45.31255, 72.44108, 503.630
83, W-06-11, 53.09572, 117.47545, 506.498
84, W-07-00, 35.36323, -143.87272, 499.988
85, W-07-01, 12.94693, -121.68097, 493.928
86, W-07-02, -11.05416, -103.35492, 493.643
87, W-07-03, -33.72632, -81.77182, 499.419
88, W-07-04, -50.25615, -47.52705, 505.465
89, W-07-05, -51.03035, 0.44448, 505.749
90, W-07-06, -35.36323, 36.12728, 499.988
91, W-07-07, -12.94693, 58.31903, 493.928
92, W-07-08, 11.05416, 76.64508, 493.643
93, W-07-09, 33.72632, 98.22818, 499.419
94, W-07-10, 50.25615, 132.47295, 505.465
95, W-07-11, 51.03035, -179.55552, 505.749

[LINKS]
Type, SourceID, TargetID
ISL, 0, 1
ISL, 0, 23
ISL, 1, 2
ISL, 1, 12
ISL, 2, 3
ISL, 2, 13
ISL, 3, 4
ISL, 3, 14
ISL, 4, 5
ISL, 4, 15
ISL, 5, 6
ISL, 5, 15
ISL, 6, 7
ISL, 6, 17
ISL, 7, 8
ISL, 7, 18
ISL, 8, 9
ISL, 8, 19
ISL, 9, 10
ISL, 9, 20
ISL, 10, 11
ISL, 10, 21
ISL, 11, 0
ISL, 11, 21
ISL, 12, 13
ISL, 12, 35
ISL, 13, 14
ISL, 13, 24
ISL, 14, 15
ISL, 14, 25
ISL, 15, 16
ISL, 15, 26
ISL, 16, 17
ISL, 16, 27
ISL, 17, 18
ISL, 17, 28
ISL, 18, 19
ISL, 18, 29
ISL, 19, 20
ISL, 19, 30
ISL, 20, 21
ISL, 20, 31
ISL, 21, 22
ISL, 21, 32
ISL, 22, 23
ISL, 22, 33
ISL, 23, 12
ISL, 23, 34
ISL, 24, 25
ISL, 24, 47
ISL, 25, 26
ISL, 25, 36
ISL, 26, 27
ISL, 26, 37
ISL, 27, 28
ISL, 27, 38
ISL, 28, 29
ISL, 28, 39
ISL, 29, 30
ISL, 29, 40
ISL, 30, 31
ISL, 30, 41
ISL, 31, 32
ISL, 31, 42
ISL, 32, 33
ISL, 32, 43
ISL, 33, 34
ISL, 33, 44
ISL, 34, 35
ISL, 34, 45
ISL, 35, 24
ISL, 35, 46
ISL, 36, 37
ISL, 36, 59
ISL, 37, 38
ISL, 37, 48
ISL, 38, 39
ISL, 38, 49
ISL, 39, 40
ISL, 39, 50
ISL, 40, 41
ISL, 40, 50
ISL, 41, 42
ISL, 41, 52
ISL, 42, 43
ISL, 42, 53
ISL, 43, 44
ISL, 43, 54
ISL, 44, 45
ISL, 44, 55
ISL, 45, 46
ISL, 45, 56
ISL, 46, 47
ISL, 46, 56
ISL, 47, 36
ISL, 47, 58
ISL, 48, 49
ISL, 48, 71
ISL, 49, 50
ISL, 49, 60
ISL, 50, 51
ISL, 50, 61
ISL, 51, 52
ISL, 51, 62
ISL, 52, 53
ISL, 52, 63
ISL, 53, 54
ISL, 53, 64
ISL, 54, 55
ISL, 54, 65
ISL, 55, 56
ISL, 55, 66
ISL, 56, 57
ISL, 56, 67
ISL, 57, 58
ISL, 57, 68
ISL, 58, 59
ISL, 58, 69
ISL, 59, 48
ISL, 59, 70
ISL, 60, 61
ISL, 60, 83
ISL, 61, 62
ISL, 61, 72
ISL, 62, 63
ISL, 62, 73
ISL, 63, 64
ISL, 63, 73
ISL, 64, 65
ISL, 64, 75
ISL, 65, 66
ISL, 65, 76
ISL, 66, 67
ISL, 66, 77
ISL, 67, 68
ISL, 67, 78
ISL, 68, 69
ISL, 68, 79
ISL, 69, 70
ISL, 69, 79
ISL, 70, 71
ISL, 70, 81
ISL, 71, 60
ISL, 71, 82
ISL, 72, 73
ISL, 72, 95
ISL, 73, 74
ISL, 73, 84
ISL, 74, 75
ISL, 74, 85
ISL, 75, 76
ISL, 75, 85
ISL, 76, 77
ISL, 76, 87
ISL, 77, 78
ISL, 77, 88
ISL, 78, 79
ISL, 78, 89
ISL, 79, 80
ISL, 79, 90
ISL, 80, 81
ISL, 80, 91
ISL, 81, 82
ISL, 81, 91
ISL, 82, 83
ISL, 82, 93
ISL, 83, 72
ISL, 83, 94
ISL, 84, 85
ISL, 84, 2
ISL, 85, 86
ISL, 85, 3
ISL, 86, 87
ISL, 86, 4
ISL, 87, 88
ISL, 87, 5
ISL, 88, 89
ISL, 88, 6
ISL, 89, 90
ISL, 89, 7
ISL, 90, 91
ISL, 90, 8
ISL, 91, 92
ISL, 91, 9
ISL, 92, 93
ISL, 92, 10
ISL, 93, 94
ISL, 93, 11
ISL, 94, 95
ISL, 94, 0
ISL, 95, 84
ISL, 95, 1
