[METADATA]
Time: 2026-04-12 04:07:43
Step: 167
Total_Sats: 96

[NODES]
ID, Name, Lat(deg), Lon(deg), Alt(km)
0, W-00-00, -48.24695, 40.65979, 504.723
1, W-00-01, -30.09354, 71.96869, 498.208
2, W-00-02, -6.96194, 92.44329, 493.175
3, W-00-03, 16.98262, 110.91087, 494.674
4, W-00-04, 38.74554, 134.62736, 501.199
5, W-00-05, 52.31119, 173.46271, 506.215
6, W-00-06, 48.24695, -139.34021, 504.723
7, W-00-07, 30.09354, -108.03131, 498.208
8, W-00-08, 6.96194, -87.55671, 493.175
9, W-00-09, -16.98262, -69.08913, 494.674
10, W-00-10, -38.74554, -45.37264, 501.199
11, W-00-11, -52.31119, -6.53729, 506.215
12, W-01-00, -42.47707, 99.40183, 502.573
13, W-01-01, -21.70550, 125.34675, 495.768
14, W-01-02, 2.06850, 144.23993, 492.891
15, W-01-03, 25.60509, 163.72159, 496.831
16, W-01-04, 45.32183, -168.07983, 503.633
17, W-01-05, 53.09467, -123.03751, 506.497
18, W-01-06, 42.47707, -80.59817, 502.573
19, W-01-07, 21.70550, -54.65325, 495.768
20, W-01-08, -2.06850, -35.76007, 492.891
21, W-01-09, -25.60509, -16.27841, 496.831
22, W-01-10, -45.32183, 11.92017, 503.633
23, W-01-11, -53.09467, 56.96249, 506.497
24, W-02-00, -35.35116, 155.60088, 499.984
25, W-02-01, -12.93284, 177.78786, 493.926
26, W-02-02, 11.06831, -163.88624, 493.645
27, W-02-03, 33.73867, -142.29883, 499.424
28, W-02-04, 50.26232, -108.04347, 505.468
29, W-02-05, 51.02498, -60.07108, 505.747
30, W-02-06, 35.35116, -24.39912, 499.984
31, W-02-07, 12.93284, -2.21214, 493.926
32, W-02-08, -11.06831, 16.11376, 493.645
33, W-02-09, -33.73867, 37.70117, 499.424
34, W-02-10, -50.26232, 71.95653, 505.468
35, W-02-11, -51.02498, 119.92892, 505.747
36, W-03-00, -27.35392, -150.10376, 497.350
37, W-03-01, -3.95661, -130.27901, 492.964
38, W-03-02, 19.89681, -111.58374, 495.323
39, W-03-03, 41.08089, -86.55334, 502.056
40, W-03-04, 52.89178, -45.45957, 506.425
41, W-03-05, 46.51163, 0.55365, 504.077
42, W-03-06, 27.35392, 29.89624, 497.350
43, W-03-07, 3.95661, 49.72099, 492.964
44, W-03-08, -19.89681, 68.41626, 495.323
45, W-03-09, -41.08089, 93.44666, 502.056
46, W-03-10, -52.89178, 134.54043, 506.425
47, W-03-11, -46.51163, -179.44635, 504.077
48, W-04-00, -18.81399, -97.09191, 495.071
49, W-04-01, 5.07846, -78.49404, 493.029
50, W-04-02, 28.38313, -58.44203, 497.666
51, W-04-03, 47.18311, -28.38591, 504.327
52, W-04-04, 52.71171, 18.12467, 506.360
53, W-04-05, 40.22481, 58.38817, 501.740
54, W-04-06, 18.81399, 82.90809, 495.071
55, W-04-07, -5.07846, 101.50596, 493.029
56, W-04-08, -28.38313, 121.55797, 497.666
57, W-04-09, -47.18311, 151.61409, 504.327
58, W-04-10, -52.71171, -161.87533, 506.360
59, W-04-11, -40.22481, -121.61183, 501.740
60, W-05-00, -9.95577, -44.86338, 493.497
61, W-05-01, 14.03772, -26.51829, 494.112
62, W-05-02, 36.29265, -3.94596, 500.317
63, W-05-03, 51.42791, 32.58147, 505.894
64, W-05-04, 49.76018, 80.44707, 505.283
65, W-05-05, 32.76326, 113.87799, 499.091
66, W-05-06, 9.95577, 135.13662, 493.497
67, W-05-07, -14.03772, 153.48171, 494.112
68, W-05-08, -36.29265, 176.05404, 500.317
69, W-05-09, -51.42791, -147.41853, 505.894
70, W-05-10, -49.76018, -99.55293, 505.283
71, W-05-11, -32.76326, -66.12201, 499.091
72, W-06-00, -0.94483, 6.98240, 492.869
73, W-06-01, 22.77349, 26.01401, 496.046
74, W-06-02, 43.28000, 52.53680, 502.872
75, W-06-03, 53.15522, 95.73688, 506.519
76, W-06-04, 44.58016, 140.13018, 503.356
77, W-06-05, 24.55485, 167.68227, 496.532
78, W-06-06, 0.94483, -173.01760, 492.869
79, W-06-07, -22.77349, -153.98599, 496.046
80, W-06-08, -43.28000, -127.46320, 502.872
81, W-06-09, -53.15522, -84.26312, 506.519
82, W-06-10, -44.58016, -39.86982, 503.356
83, W-06-11, -24.55485, -12.31773, 496.532
84, W-07-00, 8.08010, 58.79296, 493.282
85, W-07-01, 31.09798, 79.54375, 498.535
86, W-07-02, 48.83869, 111.62740, 504.942
87, W-07-03, 52.01619, 159.13734, 506.108
88, W-07-04, 37.84356, -162.88724, 500.872
89, W-07-05, 15.88758, -139.61677, 494.454
90, W-07-06, -8.08010, -121.20704, 493.282
91, W-07-07, -31.09798, -100.45625, 498.535
92, W-07-08, -48.83869, -68.37260, 504.942
93, W-07-09, -52.01619, -20.86266, 506.108
94, W-07-10, -37.84356, 17.11276, 500.872
95, W-07-11, -15.88758, 40.38323, 494.454

[LINKS]
Type, SourceID, TargetID
ISL, 0, 1
ISL, 0, 23
ISL, 1, 2
ISL, 1, 12
ISL, 2, 3
ISL, 2, 13
ISL, 3, 4
ISL, 3, 14
ISL, 4, 5
ISL, 4, 15
ISL, 5, 6
ISL, 5, 15
ISL, 6, 7
ISL, 6, 17
ISL, 7, 8
ISL, 7, 18
ISL, 8, 9
ISL, 8, 19
ISL, 9, 10
ISL, 9, 20
ISL, 10, 11
ISL, 10, 21
ISL, 11, 0
ISL, 11, 21
ISL, 12, 13
ISL, 12, 35
ISL, 13, 14
ISL, 13, 24
ISL, 14, 15
ISL, 14, 25
ISL, 15, 16
ISL, 15, 26
ISL, 16, 17
ISL, 16, 27
ISL, 17, 18
ISL, 17, 28
ISL, 18, 19
ISL, 18, 29
ISL, 19, 20
ISL, 19, 30
ISL, 20, 21
ISL, 20, 31
ISL, 21, 22
ISL, 21, 32
ISL, 22, 23
ISL, 22, 33
ISL, 23, 12
ISL, 23, 34
ISL, 24, 25
ISL, 24, 47
ISL, 25, 26
ISL, 25, 36
ISL, 26, 27
ISL, 26, 37
ISL, 27, 28
ISL, 27, 38
ISL, 28, 29
ISL, 28, 39
ISL, 29, 30
ISL, 29, 40
ISL, 30, 31
ISL, 30, 41
ISL, 31, 32
ISL, 31, 42
ISL, 32, 33
ISL, 32, 43
ISL, 33, 34
ISL, 33, 44
ISL, 34, 35
ISL, 34, 45
ISL, 35, 24
ISL, 35, 46
ISL, 36, 37
ISL, 36, 59
ISL, 37, 38
ISL, 37, 48
ISL, 38, 39
ISL, 38, 49
ISL, 39, 40
ISL, 39, 50
ISL, 40, 41
ISL, 40, 50
ISL, 41, 42
ISL, 41, 52
ISL, 42, 43
ISL, 42, 53
ISL, 43, 44
ISL, 43, 54
ISL, 44, 45
ISL, 44, 55
ISL, 45, 46
ISL, 45, 56
ISL, 46, 47
ISL, 46, 56
ISL, 47, 36
ISL, 47, 58
ISL, 48, 49
ISL, 48, 71
ISL, 49, 50
ISL, 49, 60
ISL, 50, 51
ISL, 50, 61
ISL, 51, 52
ISL, 51, 62
ISL, 52, 53
ISL, 52, 63
ISL, 53, 54
ISL, 53, 64
ISL, 54, 55
ISL, 54, 65
ISL, 55, 56
ISL, 55, 66
ISL, 56, 57
ISL, 56, 67
ISL, 57, 58
ISL, 57, 68
ISL, 58, 59
ISL, 58, 69
ISL, 59, 48
ISL, 59, 70
ISL, 60, 61
ISL, 60, 83
ISL, 61, 62
ISL, 61, 72
ISL, 62, 63
ISL, 62, 73
ISL, 63, 64
ISL, 63, 73
ISL, 64, 65
ISL, 64, 75
ISL, 65, 66
ISL, 65, 76
ISL, 66, 67
ISL, 66, 77
ISL, 67, 68
ISL, 67, 78
ISL, 68, 69
ISL, 68, 79
ISL, 69, 70
ISL, 69, 79
ISL, 70, 71
ISL, 70, 81
ISL, 71, 60
ISL, 71, 82
ISL, 72, 73
ISL, 72, 95
ISL, 73, 74
ISL, 73, 84
ISL, 74, 75
ISL, 74, 85
ISL, 75, 76
ISL, 75, 85
ISL, 76, 77
ISL, 76, 87
ISL, 77, 78
ISL, 77, 88
ISL, 78, 79
ISL, 78, 89
ISL, 79, 80
ISL, 79, 90
ISL, 80, 81
ISL, 80, 91
ISL, 81, 82
ISL, 81, 91
ISL, 82, 83
ISL, 82, 93
ISL, 83, 72
ISL, 83, 94
ISL, 84, 85
ISL, 84, 2
ISL, 85, 86
ISL, 85, 3
ISL, 86, 87
ISL, 86, 4
ISL, 87, 88
ISL, 87, 5
ISL, 88, 89
ISL, 88, 6
ISL, 89, 90
ISL, 89, 7
ISL, 90, 91
ISL, 90, 8
ISL, 91, 92
ISL, 91, 9
ISL, 92, 93
ISL, 92, 10
ISL, 93, 94
ISL, 93, 11
ISL, 94, 95
ISL, 94, 0
ISL, 95, 84
ISL, 95, 1
