[METADATA]
Time: 2026-04-12 04:16:13
Step: 184
Total_Sats: 96

[NODES]
ID, Name, Lat(deg), Lon(deg), Alt(km)
0, W-00-00, -28.35374, 71.72236, 497.657
1, W-00-01, -5.04631, 91.76761, 493.027
2, W-00-02, 18.84510, 110.36806, 495.078
3, W-00-03, 40.24961, 134.90228, 501.749
4, W-00-04, 52.71748, 175.18982, 506.362
5, W-00-05, 47.16425, -138.31297, 504.320
6, W-00-06, 28.35374, -108.27764, 497.657
7, W-00-07, 5.04631, -88.23239, 493.027
8, W-00-08, -18.84510, -69.63194, 495.078
9, W-00-09, -40.24961, -45.09772, 501.749
10, W-00-10, -52.71748, -4.81018, 506.362
11, W-00-11, -47.16425, 41.68703, 504.320
12, W-01-00, -19.86584, 124.86024, 495.315
13, W-01-01, 3.98879, 143.55250, 492.966
14, W-01-02, 27.38355, 163.38353, 497.359
15, W-01-03, 46.53127, -167.25377, 504.084
16, W-01-04, 52.88723, -121.22542, 506.423
17, W-01-05, 41.05660, -80.15518, 502.047
18, W-01-06, 19.86584, -55.13976, 495.315
19, W-01-07, -3.98879, -36.44750, 492.966
20, W-01-08, -27.38355, -16.61647, 497.359
21, W-01-09, -46.53127, 12.74623, 504.084
22, W-01-10, -52.88723, 58.77458, 506.423
23, W-01-11, -41.05660, 99.84482, 502.047
24, W-02-00, -11.03644, 177.16053, 493.641
25, W-02-01, 12.96457, -164.51322, 493.931
26, W-02-02, 35.37834, -142.31550, 499.994
27, W-02-03, 51.03707, -106.61912, 505.752
28, W-02-04, 50.24842, -58.64868, 505.462
29, W-02-05, 33.71087, -24.41717, 499.414
30, W-02-06, 11.03644, -2.83947, 493.641
31, W-02-07, -12.96457, 15.48678, 493.931
32, W-02-08, -35.37834, 37.68450, 499.994
33, W-02-09, -51.03707, 73.38088, 505.752
34, W-02-10, -50.24842, 121.35132, 505.462
35, W-02-11, -33.71087, 155.58283, 499.414
36, W-03-00, -2.03629, -130.96652, 492.890
37, W-03-01, 21.73620, -112.06959, 495.776
38, W-03-02, 42.50038, -86.10846, 502.582
39, W-03-03, 53.09703, -43.64685, 506.498
40, W-03-04, 45.30091, 1.37756, 503.625
41, W-03-05, 25.57509, 29.55725, 496.823
42, W-03-06, 2.03629, 49.03348, 492.890
43, W-03-07, -21.73620, 67.93041, 495.776
44, W-03-08, -42.50038, 93.89154, 502.582
45, W-03-09, -53.09703, 136.35315, 506.498
46, W-03-10, -45.30091, -178.62244, 503.625
47, W-03-11, -25.57509, -150.44275, 496.823
48, W-04-00, 6.99402, -79.16956, 493.178
49, W-04-01, 30.12248, -58.68730, 498.217
50, W-04-02, 48.26435, -27.35648, 504.729
51, W-04-03, 52.30331, 19.85058, 506.212
52, W-04-04, 38.71990, 58.66135, 501.190
53, W-04-05, 16.95128, 82.36473, 494.668
54, W-04-06, -6.99402, 100.83044, 493.178
55, W-04-07, -30.12248, 121.31270, 498.217
56, W-04-08, -48.26435, 152.64352, 504.729
57, W-04-09, -52.30331, -160.14942, 506.212
58, W-04-10, -38.71990, -121.33865, 501.190
59, W-04-11, -16.95128, -97.63527, 494.668
60, W-05-00, 15.91903, -27.10791, 494.460
61, W-05-01, 37.86964, -3.82498, 500.882
62, W-05-02, 52.02522, 34.17514, 506.111
63, W-05-03, 48.82216, 81.67714, 504.936
64, W-05-04, 31.06932, 113.73829, 498.525
65, W-05-05, 8.04806, 134.48090, 493.279
66, W-05-06, -15.91903, 152.89209, 494.460
67, W-05-07, -37.86964, 176.17502, 500.882
68, W-05-08, -52.02522, -145.82486, 506.111
69, W-05-09, -48.82216, -98.32286, 504.936
70, W-05-10, -31.06932, -66.26171, 498.525
71, W-05-11, -8.04806, -45.51910, 493.279
72, W-06-00, 24.58506, 25.59610, 496.540
73, W-06-01, 44.60176, 53.16636, 503.364
74, W-06-02, 53.15411, 97.57894, 506.519
75, W-06-03, 43.25728, 140.75770, 502.863
76, W-06-04, 22.74296, 167.26356, 496.038
77, W-06-05, -0.97704, -173.70901, 492.869
78, W-06-06, -24.58506, -154.40390, 496.540
79, W-06-07, -44.60176, -126.83364, 503.364
80, W-06-08, -53.15411, -82.42106, 506.519
81, W-06-09, -43.25728, -39.24230, 502.863
82, W-06-10, -22.74296, -12.73644, 496.038
83, W-06-11, 0.97704, 6.29099, 492.869
84, W-07-00, 32.79139, 79.40527, 499.100
85, W-07-01, 49.77506, 112.85961, 505.288
86, W-07-02, 51.41690, 160.72937, 505.890
87, W-07-03, 36.26585, -162.76782, 500.307
88, W-07-04, 14.00609, -140.20684, 494.106
89, W-07-05, -9.98770, -121.86251, 493.501
90, W-07-06, -32.79139, -100.59473, 499.100
91, W-07-07, -49.77506, -67.14039, 505.288
92, W-07-08, -51.41690, -19.27063, 505.890
93, W-07-09, -36.26585, 17.23218, 500.307
94, W-07-10, -14.00609, 39.79316, 494.106
95, W-07-11, 9.98770, 58.13749, 493.501

[LINKS]
Type, SourceID, TargetID
ISL, 0, 1
ISL, 0, 23
ISL, 1, 2
ISL, 1, 12
ISL, 2, 3
ISL, 2, 13
ISL, 3, 4
ISL, 3, 14
ISL, 4, 5
ISL, 4, 15
ISL, 5, 6
ISL, 5, 15
ISL, 6, 7
ISL, 6, 17
ISL, 7, 8
ISL, 7, 18
ISL, 8, 9
ISL, 8, 19
ISL, 9, 10
ISL, 9, 20
ISL, 10, 11
ISL, 10, 21
ISL, 11, 0
ISL, 11, 21
ISL, 12, 13
ISL, 12, 35
ISL, 13, 14
ISL, 13, 24
ISL, 14, 15
ISL, 14, 25
ISL, 15, 16
ISL, 15, 26
ISL, 16, 17
ISL, 16, 27
ISL, 17, 18
ISL, 17, 28
ISL, 18, 19
ISL, 18, 29
ISL, 19, 20
ISL, 19, 30
ISL, 20, 21
ISL, 20, 31
ISL, 21, 22
ISL, 21, 32
ISL, 22, 23
ISL, 22, 33
ISL, 23, 12
ISL, 23, 34
ISL, 24, 25
ISL, 24, 47
ISL, 25, 26
ISL, 25, 36
ISL, 26, 27
ISL, 26, 37
ISL, 27, 28
ISL, 27, 38
ISL, 28, 29
ISL, 28, 39
ISL, 29, 30
ISL, 29, 40
ISL, 30, 31
ISL, 30, 41
ISL, 31, 32
ISL, 31, 42
ISL, 32, 33
ISL, 32, 43
ISL, 33, 34
ISL, 33, 44
ISL, 34, 35
ISL, 34, 45
ISL, 35, 24
ISL, 35, 46
ISL, 36, 37
ISL, 36, 59
ISL, 37, 38
ISL, 37, 48
ISL, 38, 39
ISL, 38, 49
ISL, 39, 40
ISL, 39, 50
ISL, 40, 41
ISL, 40, 50
ISL, 41, 42
ISL, 41, 52
ISL, 42, 43
ISL, 42, 53
ISL, 43, 44
ISL, 43, 54
ISL, 44, 45
ISL, 44, 55
ISL, 45, 46
ISL, 45, 56
ISL, 46, 47
ISL, 46, 56
ISL, 47, 36
ISL, 47, 58
ISL, 48, 49
ISL, 48, 71
ISL, 49, 50
ISL, 49, 60
ISL, 50, 51
ISL, 50, 61
ISL, 51, 52
ISL, 51, 62
ISL, 52, 53
ISL, 52, 63
ISL, 53, 54
ISL, 53, 64
ISL, 54, 55
ISL, 54, 65
ISL, 55, 56
ISL, 55, 66
ISL, 56, 57
ISL, 56, 67
ISL, 57, 58
ISL, 57, 68
ISL, 58, 59
ISL, 58, 69
ISL, 59, 48
ISL, 59, 70
ISL, 60, 61
ISL, 60, 83
ISL, 61, 62
ISL, 61, 72
ISL, 62, 63
ISL, 62, 73
ISL, 63, 64
ISL, 63, 73
ISL, 64, 65
ISL, 64, 75
ISL, 65, 66
ISL, 65, 76
ISL, 66, 67
ISL, 66, 77
ISL, 67, 68
ISL, 67, 78
ISL, 68, 69
ISL, 68, 79
ISL, 69, 70
ISL, 69, 79
ISL, 70, 71
ISL, 70, 81
ISL, 71, 60
ISL, 71, 82
ISL, 72, 73
ISL, 72, 95
ISL, 73, 74
ISL, 73, 84
ISL, 74, 75
ISL, 74, 85
ISL, 75, 76
ISL, 75, 85
ISL, 76, 77
ISL, 76, 87
ISL, 77, 78
ISL, 77, 88
ISL, 78, 79
ISL, 78, 89
ISL, 79, 80
ISL, 79, 90
ISL, 80, 81
ISL, 80, 91
ISL, 81, 82
ISL, 81, 91
ISL, 82, 83
ISL, 82, 93
ISL, 83, 72
ISL, 83, 94
ISL, 84, 85
ISL, 84, 2
ISL, 85, 86
ISL, 85, 3
ISL, 86, 87
ISL, 86, 4
ISL, 87, 88
ISL, 87, 5
ISL, 88, 89
ISL, 88, 6
ISL, 89, 90
ISL, 89, 7
ISL, 90, 91
ISL, 90, 8
ISL, 91, 92
ISL, 91, 9
ISL, 92, 93
ISL, 92, 10
ISL, 93, 94
ISL, 93, 11
ISL, 94, 95
ISL, 94, 0
ISL, 95, 84
ISL, 95, 1
