[METADATA]
Time: 2026-04-12 03:06:43
Step: 45
Total_Sats: 96

[NODES]
ID, Name, Lat(deg), Lon(deg), Alt(km)
0, W-00-00, 43.30433, 157.87708, 502.881
1, W-00-01, 53.15637, -158.90002, 506.520
2, W-00-02, 44.55699, -114.52742, 503.348
3, W-00-03, 24.52247, -86.99480, 496.523
4, W-00-04, 0.91030, -67.69998, 492.868
5, W-00-05, -22.80621, -48.66387, 496.054
6, W-00-06, -43.30433, -22.12292, 502.881
7, W-00-07, -53.15637, 21.09998, 506.520
8, W-00-08, -44.55699, 65.47258, 503.348
9, W-00-09, -24.52247, 93.00520, 496.523
10, W-00-10, -0.91030, 112.30002, 492.868
11, W-00-11, 22.80621, 131.33613, 496.054
12, W-01-00, 48.85636, -143.02155, 504.949
13, W-01-01, 52.00646, -95.50317, 506.105
14, W-01-02, 37.81560, -57.55423, 500.862
15, W-01-03, 15.85387, -34.29709, 494.447
16, W-01-04, -8.11442, -15.88891, 493.286
17, W-01-05, -31.12868, 4.87067, 498.545
18, W-01-06, -48.85636, 36.97845, 504.949
19, W-01-07, -52.00646, 84.49683, 506.105
20, W-01-08, -37.81560, 122.44577, 500.862
21, W-01-09, -15.85387, 145.70291, 494.447
22, W-01-10, 8.11442, 164.11109, 493.286
23, W-01-11, 31.12868, -175.12933, 498.545
24, W-02-00, 52.31959, -81.17687, 506.218
25, W-02-01, 48.22827, -33.99056, 504.716
26, W-02-02, 30.06252, -2.70513, 498.198
27, W-02-03, 6.92756, 17.76128, 493.172
28, W-02-04, -17.01620, 36.23087, 494.681
29, W-02-05, -38.77300, 59.96144, 501.209
30, W-02-06, -52.31959, 98.82313, 506.218
31, W-02-07, -48.22827, 146.00944, 504.716
32, W-02-08, -30.06252, 177.29487, 498.198
33, W-02-09, -6.92756, -162.23872, 493.172
34, W-02-10, 17.01620, -143.76913, 494.681
35, W-02-11, 38.77300, -120.03856, 501.209
36, W-03-00, 53.09210, -17.67461, 506.497
37, W-03-01, 42.45206, 24.74084, 502.564
38, W-03-02, 21.67259, 50.66841, 495.760
39, W-03-03, -2.10302, 69.55758, 492.892
40, W-03-04, -25.63725, 89.04508, 496.841
41, W-03-05, -45.34423, 117.26393, 503.642
42, W-03-06, -53.09210, 162.32539, 506.497
43, W-03-07, -42.45206, -155.25916, 502.564
44, W-03-08, -21.67259, -129.33159, 495.760
45, W-03-09, 2.10302, -110.44242, 492.892
46, W-03-10, 25.63725, -90.95492, 496.841
47, W-03-11, 45.34423, -62.73607, 503.642
48, W-04-00, 51.01199, 45.28553, 505.742
49, W-04-01, 35.32202, 80.93134, 499.974
50, W-04-02, 12.89885, 103.10682, 493.921
51, W-04-03, -11.10245, 121.43235, 493.650
52, W-04-04, -33.76845, 143.03019, 499.434
53, W-04-05, -50.27719, 177.31112, 505.473
54, W-04-06, -51.01199, -134.71447, 505.742
55, W-04-07, -35.32202, -99.06866, 499.974
56, W-04-08, -12.89885, -76.89318, 493.921
57, W-04-09, 11.10245, -58.56765, 493.650
58, W-04-10, 33.76845, -36.96981, 499.434
59, W-04-11, 50.27719, -2.68888, 505.473
60, W-05-00, 46.49056, 105.89963, 504.069
61, W-05-01, 27.32217, 135.22068, 497.340
62, W-05-02, 3.92213, 155.03873, 492.962
63, W-05-03, -19.93000, 173.73723, 495.330
64, W-05-04, -41.10690, -161.21630, 502.065
65, W-05-05, -52.89661, -120.09732, 506.426
66, W-05-06, -46.49056, -74.10037, 504.069
67, W-05-07, -27.32217, -44.77932, 497.340
68, W-05-08, -3.92213, -24.96127, 492.962
69, W-05-09, 19.93000, -6.26277, 495.330
70, W-05-10, 41.10690, 18.78370, 502.065
71, W-05-11, 52.89661, 59.90268, 506.426
72, W-06-00, 40.19822, 163.72404, 501.730
73, W-06-01, 18.78064, -171.77134, 495.064
74, W-06-02, -5.11291, -153.17623, 493.032
75, W-06-03, -28.41462, -133.11695, 497.676
76, W-06-04, -47.20330, -103.03853, 504.335
77, W-06-05, -52.70549, -56.51368, 506.357
78, W-06-06, -40.19822, -16.27596, 501.730
79, W-06-07, -18.78064, 8.22866, 495.064
80, W-06-08, 5.11291, 26.82377, 493.032
81, W-06-09, 28.41462, 46.88305, 497.676
82, W-06-10, 47.20330, 76.96147, 504.335
83, W-06-11, 52.70549, 123.48632, 506.357
84, W-07-00, 32.73311, -140.79383, 499.081
85, W-07-01, 9.92155, -119.54498, 493.493
86, W-07-02, -14.07162, -101.19908, 494.118
87, W-07-03, -36.32136, -78.61456, 500.327
88, W-07-04, -51.43967, -42.06074, 505.898
89, W-07-05, -49.74420, 5.80032, 505.277
90, W-07-06, -32.73311, 39.20617, 499.081
91, W-07-07, -9.92155, 60.45502, 493.493
92, W-07-08, 14.07162, 78.80092, 494.118
93, W-07-09, 36.32136, 101.38544, 500.327
94, W-07-10, 51.43967, 137.93926, 505.898
95, W-07-11, 49.74420, -174.19968, 505.277

[LINKS]
Type, SourceID, TargetID
ISL, 0, 1
ISL, 0, 23
ISL, 1, 2
ISL, 1, 12
ISL, 2, 3
ISL, 2, 13
ISL, 3, 4
ISL, 3, 14
ISL, 4, 5
ISL, 4, 15
ISL, 5, 6
ISL, 5, 15
ISL, 6, 7
ISL, 6, 17
ISL, 7, 8
ISL, 7, 18
ISL, 8, 9
ISL, 8, 19
ISL, 9, 10
ISL, 9, 20
ISL, 10, 11
ISL, 10, 21
ISL, 11, 0
ISL, 11, 21
ISL, 12, 13
ISL, 12, 35
ISL, 13, 14
ISL, 13, 24
ISL, 14, 15
ISL, 14, 25
ISL, 15, 16
ISL, 15, 26
ISL, 16, 17
ISL, 16, 27
ISL, 17, 18
ISL, 17, 28
ISL, 18, 19
ISL, 18, 29
ISL, 19, 20
ISL, 19, 30
ISL, 20, 21
ISL, 20, 31
ISL, 21, 22
ISL, 21, 32
ISL, 22, 23
ISL, 22, 33
ISL, 23, 12
ISL, 23, 34
ISL, 24, 25
ISL, 24, 47
ISL, 25, 26
ISL, 25, 36
ISL, 26, 27
ISL, 26, 37
ISL, 27, 28
ISL, 27, 38
ISL, 28, 29
ISL, 28, 39
ISL, 29, 30
ISL, 29, 40
ISL, 30, 31
ISL, 30, 41
ISL, 31, 32
ISL, 31, 42
ISL, 32, 33
ISL, 32, 43
ISL, 33, 34
ISL, 33, 44
ISL, 34, 35
ISL, 34, 45
ISL, 35, 24
ISL, 35, 46
ISL, 36, 37
ISL, 36, 59
ISL, 37, 38
ISL, 37, 48
ISL, 38, 39
ISL, 38, 49
ISL, 39, 40
ISL, 39, 50
ISL, 40, 41
ISL, 40, 50
ISL, 41, 42
ISL, 41, 52
ISL, 42, 43
ISL, 42, 53
ISL, 43, 44
ISL, 43, 54
ISL, 44, 45
ISL, 44, 55
ISL, 45, 46
ISL, 45, 56
ISL, 46, 47
ISL, 46, 56
ISL, 47, 36
ISL, 47, 58
ISL, 48, 49
ISL, 48, 71
ISL, 49, 50
ISL, 49, 60
ISL, 50, 51
ISL, 50, 61
ISL, 51, 52
ISL, 51, 62
ISL, 52, 53
ISL, 52, 63
ISL, 53, 54
ISL, 53, 64
ISL, 54, 55
ISL, 54, 65
ISL, 55, 56
ISL, 55, 66
ISL, 56, 57
ISL, 56, 67
ISL, 57, 58
ISL, 57, 68
ISL, 58, 59
ISL, 58, 69
ISL, 59, 48
ISL, 59, 70
ISL, 60, 61
ISL, 60, 83
ISL, 61, 62
ISL, 61, 72
ISL, 62, 63
ISL, 62, 73
ISL, 63, 64
ISL, 63, 73
ISL, 64, 65
ISL, 64, 75
ISL, 65, 66
ISL, 65, 76
ISL, 66, 67
ISL, 66, 77
ISL, 67, 68
ISL, 67, 78
ISL, 68, 69
ISL, 68, 79
ISL, 69, 70
ISL, 69, 79
ISL, 70, 71
ISL, 70, 81
ISL, 71, 60
ISL, 71, 82
ISL, 72, 73
ISL, 72, 95
ISL, 73, 74
ISL, 73, 84
ISL, 74, 75
ISL, 74, 85
ISL, 75, 76
ISL, 75, 85
ISL, 76, 77
ISL, 76, 87
ISL, 77, 78
ISL, 77, 88
ISL, 78, 79
ISL, 78, 89
ISL, 79, 80
ISL, 79, 90
ISL, 80, 81
ISL, 80, 91
ISL, 81, 82
ISL, 81, 91
ISL, 82, 83
ISL, 82, 93
ISL, 83, 72
ISL, 83, 94
ISL, 84, 85
ISL, 84, 2
ISL, 85, 86
ISL, 85, 3
ISL, 86, 87
ISL, 86, 4
ISL, 87, 88
ISL, 87, 5
ISL, 88, 89
ISL, 88, 6
ISL, 89, 90
ISL, 89, 7
ISL, 90, 91
ISL, 90, 8
ISL, 91, 92
ISL, 91, 9
ISL, 92, 93
ISL, 92, 10
ISL, 93, 94
ISL, 93, 11
ISL, 94, 95
ISL, 94, 0
ISL, 95, 84
ISL, 95, 1
