[METADATA]
Time: 2026-04-12 03:37:43
Step: 107
Total_Sats: 96

[NODES]
ID, Name, Lat(deg), Lon(deg), Alt(km)
0, W-00-00, 2.40955, -76.59524, 492.901
1, W-00-01, -21.38008, -57.74100, 495.686
2, W-00-02, -42.22915, -31.96649, 502.481
3, W-00-03, -53.06738, 10.23553, 506.488
4, W-00-04, -45.54209, 55.46481, 503.715
5, W-00-05, -25.92249, 83.86470, 496.924
6, W-00-06, -2.40955, 103.40476, 492.901
7, W-00-07, 21.38008, 122.25900, 495.686
8, W-00-08, 42.22915, 148.03351, 502.481
9, W-00-09, 53.06738, -169.76447, 506.488
10, W-00-10, 45.54209, -124.53519, 503.715
11, W-00-11, 25.92249, -96.13530, 496.924
12, W-01-00, -6.62215, -24.80179, 493.145
13, W-01-01, -29.78665, -4.40733, 498.109
14, W-01-02, -48.06113, 26.67062, 504.654
15, W-01-03, -52.39245, 73.75831, 506.244
16, W-01-04, -39.01618, 112.85363, 501.298
17, W-01-05, -17.31424, 136.71018, 494.743
18, W-01-06, 6.62215, 155.19821, 493.145
19, W-01-07, 29.78665, 175.59267, 498.109
20, W-01-08, 48.06113, -153.32938, 504.654
21, W-01-09, 52.39245, -106.24169, 506.244
22, W-01-10, 39.01618, -67.14637, 501.298
23, W-01-11, 17.31424, -43.28982, 494.743
24, W-02-00, -15.55435, 27.24186, 494.389
25, W-02-01, -37.56663, 50.38152, 500.773
26, W-02-02, -51.91843, 88.09527, 506.073
27, W-02-03, -49.01201, 135.68546, 505.006
28, W-02-04, -31.40090, 168.00841, 498.635
29, W-02-05, -8.41920, -171.15318, 493.318
30, W-02-06, 15.55435, -152.75814, 494.389
31, W-02-07, 37.56663, -129.61848, 500.773
32, W-02-08, 51.91843, -91.90473, 506.073
33, W-02-09, 49.01201, -44.31454, 505.006
34, W-02-10, 31.40090, -11.99159, 498.635
35, W-02-11, 8.41920, 8.84682, 493.318
36, W-03-00, -24.23460, 79.91091, 496.442
37, W-03-01, -44.35022, 107.27178, 503.271
38, W-03-02, -53.16468, 151.45857, 506.523
39, W-03-03, -43.51949, -165.11740, 502.961
40, W-03-04, -23.09651, -138.41412, 496.132
41, W-03-05, 0.60363, -119.33737, 492.865
42, W-03-06, 24.23460, -100.08909, 496.442
43, W-03-07, 44.35022, -72.72822, 503.271
44, W-03-08, 53.16468, -28.54143, 506.523
45, W-03-09, 43.51949, 14.88260, 502.961
46, W-03-10, 23.09651, 41.58588, 496.132
47, W-03-11, -0.60363, 60.66263, 492.865
48, W-04-00, -32.46486, 133.66376, 498.990
49, W-04-01, -49.60083, 166.84760, 505.224
50, W-04-02, -51.54251, -145.33483, 505.936
51, W-04-03, -36.57573, -108.54648, 500.418
52, W-04-04, -14.37249, -85.85280, 494.171
53, W-04-05, 9.61754, -67.49905, 493.455
54, W-04-06, 32.46486, -46.33624, 498.990
55, W-04-07, 49.60083, -13.15240, 505.224
56, W-04-08, 51.54251, 34.66517, 505.936
57, W-04-09, 36.57573, 71.45352, 500.418
58, W-04-10, 14.37249, 94.14720, 494.171
59, W-04-11, -9.61754, 112.50095, 493.455
60, W-05-00, -39.96132, -170.92195, 501.643
61, W-05-01, -52.64839, -130.91383, 506.337
62, W-05-02, -47.38137, -84.26502, 504.401
63, W-05-03, -28.69388, -53.98753, 497.763
64, W-05-04, -5.41882, -33.86301, 493.052
65, W-05-05, 18.48428, -15.29175, 494.997
66, W-05-06, 39.96132, 9.07805, 501.643
67, W-05-07, 52.64839, 49.08617, 506.337
68, W-05-08, 47.38137, 95.73498, 504.401
69, W-05-09, 28.69388, 126.01247, 497.763
70, W-05-10, 5.41882, 146.13699, 493.052
71, W-05-11, -18.48428, 164.70825, 494.997
72, W-06-00, -46.30232, -113.18700, 503.999
73, W-06-01, -52.93773, -67.33704, 506.441
74, W-06-02, -41.33709, -25.99511, 502.150
75, W-06-03, -20.22454, -0.80483, 495.401
76, W-06-04, 3.61584, 17.92298, 492.947
77, W-06-05, 27.03981, 37.68220, 497.255
78, W-06-06, 46.30232, 66.81300, 503.999
79, W-06-07, 52.93773, 112.66296, 506.441
80, W-06-08, 41.33709, 154.00489, 502.150
81, W-06-09, 20.22454, 179.19517, 495.401
82, W-06-10, -3.61584, -162.07702, 492.947
83, W-06-11, -27.03981, -142.31780, 497.255
84, W-07-00, -50.89506, -52.66760, 505.700
85, W-07-01, -50.40772, -4.67851, 505.521
86, W-07-02, -34.03244, 29.83008, 499.525
87, W-07-03, -11.40556, 51.52136, 493.693
88, W-07-04, 12.59679, 69.84426, 493.872
89, W-07-05, 35.06267, 91.91855, 499.883
90, W-07-06, 50.89506, 127.33240, 505.700
91, W-07-07, 50.40772, 175.32149, 505.521
92, W-07-08, 34.03244, -150.16992, 499.525
93, W-07-09, 11.40556, -128.47864, 493.693
94, W-07-10, -12.59679, -110.15574, 493.872
95, W-07-11, -35.06267, -88.08145, 499.883

[LINKS]
Type, SourceID, TargetID
ISL, 0, 1
ISL, 0, 23
ISL, 1, 2
ISL, 1, 12
ISL, 2, 3
ISL, 2, 13
ISL, 3, 4
ISL, 3, 14
ISL, 4, 5
ISL, 4, 15
ISL, 5, 6
ISL, 5, 15
ISL, 6, 7
ISL, 6, 17
ISL, 7, 8
ISL, 7, 18
ISL, 8, 9
ISL, 8, 19
ISL, 9, 10
ISL, 9, 20
ISL, 10, 11
ISL, 10, 21
ISL, 11, 0
ISL, 11, 21
ISL, 12, 13
ISL, 12, 35
ISL, 13, 14
ISL, 13, 24
ISL, 14, 15
ISL, 14, 25
ISL, 15, 16
ISL, 15, 26
ISL, 16, 17
ISL, 16, 27
ISL, 17, 18
ISL, 17, 28
ISL, 18, 19
ISL, 18, 29
ISL, 19, 20
ISL, 19, 30
ISL, 20, 21
ISL, 20, 31
ISL, 21, 22
ISL, 21, 32
ISL, 22, 23
ISL, 22, 33
ISL, 23, 12
ISL, 23, 34
ISL, 24, 25
ISL, 24, 47
ISL, 25, 26
ISL, 25, 36
ISL, 26, 27
ISL, 26, 37
ISL, 27, 28
ISL, 27, 38
ISL, 28, 29
ISL, 28, 39
ISL, 29, 30
ISL, 29, 40
ISL, 30, 31
ISL, 30, 41
ISL, 31, 32
ISL, 31, 42
ISL, 32, 33
ISL, 32, 43
ISL, 33, 34
ISL, 33, 44
ISL, 34, 35
ISL, 34, 45
ISL, 35, 24
ISL, 35, 46
ISL, 36, 37
ISL, 36, 59
ISL, 37, 38
ISL, 37, 48
ISL, 38, 39
ISL, 38, 49
ISL, 39, 40
ISL, 39, 50
ISL, 40, 41
ISL, 40, 50
ISL, 41, 42
ISL, 41, 52
ISL, 42, 43
ISL, 42, 53
ISL, 43, 44
ISL, 43, 54
ISL, 44, 45
ISL, 44, 55
ISL, 45, 46
ISL, 45, 56
ISL, 46, 47
ISL, 46, 56
ISL, 47, 36
ISL, 47, 58
ISL, 48, 49
ISL, 48, 71
ISL, 49, 50
ISL, 49, 60
ISL, 50, 51
ISL, 50, 61
ISL, 51, 52
ISL, 51, 62
ISL, 52, 53
ISL, 52, 63
ISL, 53, 54
ISL, 53, 64
ISL, 54, 55
ISL, 54, 65
ISL, 55, 56
ISL, 55, 66
ISL, 56, 57
ISL, 56, 67
ISL, 57, 58
ISL, 57, 68
ISL, 58, 59
ISL, 58, 69
ISL, 59, 48
ISL, 59, 70
ISL, 60, 61
ISL, 60, 83
ISL, 61, 62
ISL, 61, 72
ISL, 62, 63
ISL, 62, 73
ISL, 63, 64
ISL, 63, 73
ISL, 64, 65
ISL, 64, 75
ISL, 65, 66
ISL, 65, 76
ISL, 66, 67
ISL, 66, 77
ISL, 67, 68
ISL, 67, 78
ISL, 68, 69
ISL, 68, 79
ISL, 69, 70
ISL, 69, 79
ISL, 70, 71
ISL, 70, 81
ISL, 71, 60
ISL, 71, 82
ISL, 72, 73
ISL, 72, 95
ISL, 73, 74
ISL, 73, 84
ISL, 74, 75
ISL, 74, 85
ISL, 75, 76
ISL, 75, 85
ISL, 76, 77
ISL, 76, 87
ISL, 77, 78
ISL, 77, 88
ISL, 78, 79
ISL, 78, 89
ISL, 79, 80
ISL, 79, 90
ISL, 80, 81
ISL, 80, 91
ISL, 81, 82
ISL, 81, 91
ISL, 82, 83
ISL, 82, 93
ISL, 83, 72
ISL, 83, 94
ISL, 84, 85
ISL, 84, 2
ISL, 85, 86
ISL, 85, 3
ISL, 86, 87
ISL, 86, 4
ISL, 87, 88
ISL, 87, 5
ISL, 88, 89
ISL, 88, 6
ISL, 89, 90
ISL, 89, 7
ISL, 90, 91
ISL, 90, 8
ISL, 91, 92
ISL, 91, 9
ISL, 92, 93
ISL, 92, 10
ISL, 93, 94
ISL, 93, 11
ISL, 94, 95
ISL, 94, 0
ISL, 95, 84
ISL, 95, 1
