[METADATA]
Time: 2026-04-12 02:50:43
Step: 13
Total_Sats: 96

[NODES]
ID, Name, Lat(deg), Lon(deg), Alt(km)
0, W-00-00, -1.69157, 115.72550, 492.881
1, W-00-01, 22.06446, 134.66338, 495.860
2, W-00-02, 42.74880, 160.79932, 502.674
3, W-00-03, 53.12000, -156.50240, 506.507
4, W-00-04, 45.07576, -111.67227, 503.541
5, W-00-05, 25.25357, -83.69342, 496.730
6, W-00-06, 1.69157, -64.27450, 492.881
7, W-00-07, -22.06446, -45.33662, 495.860
8, W-00-08, -42.74880, -19.20068, 502.674
9, W-00-09, -53.12000, 23.49760, 506.507
10, W-00-10, -45.07576, 68.32773, 503.541
11, W-00-11, -25.25357, 96.30658, 496.730
12, W-01-00, 7.33725, 167.52623, 493.209
13, W-01-01, 30.43162, -171.90862, 498.317
14, W-01-02, 48.44898, -140.34217, 504.798
15, W-01-03, 52.21688, -93.03194, 506.181
16, W-01-04, 38.44472, -54.48457, 501.090
17, W-01-05, 16.61572, -30.92032, 494.599
18, W-01-06, -7.33725, -12.47377, 493.209
19, W-01-07, -30.43162, 8.09138, 498.317
20, W-01-08, -48.44898, 39.65783, 504.798
21, W-01-09, -52.21688, 86.96806, 506.181
22, W-01-10, -38.44472, 125.51543, 501.090
23, W-01-11, -16.61572, 149.07968, 494.599
24, W-02-00, 16.25540, -140.39495, 494.526
25, W-02-01, 38.14792, -116.97745, 500.982
26, W-02-02, 52.11979, -78.71310, 506.146
27, W-02-03, 48.64370, -31.29989, 504.870
28, W-02-04, 30.76213, 0.52151, 498.425
29, W-02-05, 7.70518, 21.17753, 493.244
30, W-02-06, -16.25540, 39.60505, 494.526
31, W-02-07, -38.14792, 63.02255, 500.982
32, W-02-08, -52.11979, 101.28690, 506.146
33, W-02-09, -48.64370, 148.70011, 504.870
34, W-02-10, -30.76213, -179.47849, 498.425
35, W-02-11, -7.70518, -158.82247, 493.244
36, W-03-00, 24.90798, -87.65797, 496.632
37, W-03-01, 44.83170, -59.89184, 503.450
38, W-03-02, 53.13993, -15.27534, 506.514
39, W-03-03, 43.01301, 27.67333, 502.772
40, W-03-04, 22.41588, 53.99942, 495.952
41, W-03-05, -1.32183, 72.98284, 492.874
42, W-03-06, -24.90798, 92.34203, 496.632
43, W-03-07, -44.83170, 120.10816, 503.450
44, W-03-08, -53.13993, 164.72466, 506.514
45, W-03-09, -43.01301, -152.32667, 502.772
46, W-03-10, -22.41588, -126.00058, 495.952
47, W-03-11, 1.32183, -107.01716, 492.874
48, W-04-00, 33.09179, -33.79590, 499.202
49, W-04-01, 49.93256, -0.09015, 505.346
50, W-04-02, 51.29706, 47.82010, 505.846
51, W-04-03, 35.97833, 84.05977, 500.205
52, W-04-04, 13.66743, 106.50038, 494.048
53, W-04-05, -10.32927, 124.83743, 493.545
54, W-04-06, -33.09179, 146.20410, 499.202
55, W-04-07, -49.93256, 179.90985, 505.346
56, W-04-08, -51.29706, -132.17990, 505.846
57, W-04-09, -35.97833, -95.94023, 500.205
58, W-04-10, -13.66743, -73.49962, 494.048
59, W-04-11, 10.32927, -55.16257, 493.545
60, W-05-00, 40.51405, 21.77852, 501.847
61, W-05-01, 52.77701, 62.32255, 506.383
62, W-05-02, 46.96097, 108.67336, 504.245
63, W-05-03, 28.03881, 138.48741, 497.559
64, W-05-04, 4.70222, 158.46122, 493.006
65, W-05-05, -19.17781, 177.09009, 495.154
66, W-05-06, -40.51405, -158.22148, 501.847
67, W-05-07, -52.77701, -117.67745, 506.383
68, W-05-08, -46.96097, -71.32664, 504.245
69, W-05-09, -28.03881, -41.51259, 497.559
70, W-05-10, -4.70222, -21.53878, 493.006
71, W-05-11, 19.17781, -2.90991, 495.154
72, W-06-00, 46.74000, 79.72389, 504.162
73, W-06-01, 52.83627, 125.91099, 506.405
74, W-06-02, 40.79575, 166.72829, 501.950
75, W-06-03, 19.53411, -168.41532, 495.237
76, W-06-04, -4.33308, -149.75440, 492.984
77, W-06-05, -27.70014, -129.85536, 497.455
78, W-06-06, -46.74000, -100.27611, 504.162
79, W-06-07, -52.83627, -54.08901, 506.405
80, W-06-08, -40.79575, -13.27171, 501.950
81, W-06-09, -19.53411, 11.58468, 495.237
82, W-06-10, 4.33308, 30.24560, 492.984
83, W-06-11, 27.70014, 50.14464, 497.455
84, W-07-00, 51.16446, 140.46437, 505.798
85, W-07-01, 50.09780, -171.59023, 505.407
86, W-07-02, 33.41275, -137.61316, 499.312
87, W-07-03, 10.69535, -116.13832, 493.594
88, W-07-04, -13.30386, -97.80758, 493.987
89, W-07-05, -35.66852, -75.49376, 500.096
90, W-07-06, -51.16446, -39.53563, 505.798
91, W-07-07, -50.09780, 8.40977, 505.407
92, W-07-08, -33.41275, 42.38684, 499.312
93, W-07-09, -10.69535, 63.86168, 493.594
94, W-07-10, 13.30386, 82.19242, 493.987
95, W-07-11, 35.66852, 104.50624, 500.096

[LINKS]
Type, SourceID, TargetID
ISL, 0, 1
ISL, 0, 23
ISL, 1, 2
ISL, 1, 12
ISL, 2, 3
ISL, 2, 13
ISL, 3, 4
ISL, 3, 14
ISL, 4, 5
ISL, 4, 15
ISL, 5, 6
ISL, 5, 15
ISL, 6, 7
ISL, 6, 17
ISL, 7, 8
ISL, 7, 18
ISL, 8, 9
ISL, 8, 19
ISL, 9, 10
ISL, 9, 20
ISL, 10, 11
ISL, 10, 21
ISL, 11, 0
ISL, 11, 21
ISL, 12, 13
ISL, 12, 35
ISL, 13, 14
ISL, 13, 24
ISL, 14, 15
ISL, 14, 25
ISL, 15, 16
ISL, 15, 26
ISL, 16, 17
ISL, 16, 27
ISL, 17, 18
ISL, 17, 28
ISL, 18, 19
ISL, 18, 29
ISL, 19, 20
ISL, 19, 30
ISL, 20, 21
ISL, 20, 31
ISL, 21, 22
ISL, 21, 32
ISL, 22, 23
ISL, 22, 33
ISL, 23, 12
ISL, 23, 34
ISL, 24, 25
ISL, 24, 47
ISL, 25, 26
ISL, 25, 36
ISL, 26, 27
ISL, 26, 37
ISL, 27, 28
ISL, 27, 38
ISL, 28, 29
ISL, 28, 39
ISL, 29, 30
ISL, 29, 40
ISL, 30, 31
ISL, 30, 41
ISL, 31, 32
ISL, 31, 42
ISL, 32, 33
ISL, 32, 43
ISL, 33, 34
ISL, 33, 44
ISL, 34, 35
ISL, 34, 45
ISL, 35, 24
ISL, 35, 46
ISL, 36, 37
ISL, 36, 59
ISL, 37, 38
ISL, 37, 48
ISL, 38, 39
ISL, 38, 49
ISL, 39, 40
ISL, 39, 50
ISL, 40, 41
ISL, 40, 50
ISL, 41, 42
ISL, 41, 52
ISL, 42, 43
ISL, 42, 53
ISL, 43, 44
ISL, 43, 54
ISL, 44, 45
ISL, 44, 55
ISL, 45, 46
ISL, 45, 56
ISL, 46, 47
ISL, 46, 56
ISL, 47, 36
ISL, 47, 58
ISL, 48, 49
ISL, 48, 71
ISL, 49, 50
ISL, 49, 60
ISL, 50, 51
ISL, 50, 61
ISL, 51, 52
ISL, 51, 62
ISL, 52, 53
ISL, 52, 63
ISL, 53, 54
ISL, 53, 64
ISL, 54, 55
ISL, 54, 65
ISL, 55, 56
ISL, 55, 66
ISL, 56, 57
ISL, 56, 67
ISL, 57, 58
ISL, 57, 68
ISL, 58, 59
ISL, 58, 69
ISL, 59, 48
ISL, 59, 70
ISL, 60, 61
ISL, 60, 83
ISL, 61, 62
ISL, 61, 72
ISL, 62, 63
ISL, 62, 73
ISL, 63, 64
ISL, 63, 73
ISL, 64, 65
ISL, 64, 75
ISL, 65, 66
ISL, 65, 76
ISL, 66, 67
ISL, 66, 77
ISL, 67, 68
ISL, 67, 78
ISL, 68, 69
ISL, 68, 79
ISL, 69, 70
ISL, 69, 79
ISL, 70, 71
ISL, 70, 81
ISL, 71, 60
ISL, 71, 82
ISL, 72, 73
ISL, 72, 95
ISL, 73, 74
ISL, 73, 84
ISL, 74, 75
ISL, 74, 85
ISL, 75, 76
ISL, 75, 85
ISL, 76, 77
ISL, 76, 87
ISL, 77, 78
ISL, 77, 88
ISL, 78, 79
ISL, 78, 89
ISL, 79, 80
ISL, 79, 90
ISL, 80, 81
ISL, 80, 91
ISL, 81, 82
ISL, 81, 91
ISL, 82, 83
ISL, 82, 93
ISL, 83, 72
ISL, 83, 94
ISL, 84, 85
ISL, 84, 2
ISL, 85, 86
ISL, 85, 3
ISL, 86, 87
ISL, 86, 4
ISL, 87, 88
ISL, 87, 5
ISL, 88, 89
ISL, 88, 6
ISL, 89, 90
ISL, 89, 7
ISL, 90, 91
ISL, 90, 8
ISL, 91, 92
ISL, 91, 9
ISL, 92, 93
ISL, 92, 10
ISL, 93, 94
ISL, 93, 11
ISL, 94, 95
ISL, 94, 0
ISL, 95, 84
ISL, 95, 1
