[METADATA]
Time: 2026-04-12 03:17:13
Step: 66
Total_Sats: 96

[NODES]
ID, Name, Lat(deg), Lon(deg), Alt(km)
0, W-00-00, 52.27064, -145.09649, 506.200
1, W-00-01, 38.61457, -106.38664, 501.152
2, W-00-02, 16.82267, -82.73687, 494.641
3, W-00-03, -7.12564, -64.27866, 493.189
4, W-00-04, -30.24111, -43.76484, 498.255
5, W-00-05, -48.33549, -12.34392, 504.756
6, W-00-06, -52.27064, 34.90351, 506.200
7, W-00-07, -38.61457, 73.61336, 501.152
8, W-00-08, -16.82267, 97.26313, 494.641
9, W-00-09, 7.12564, 115.72134, 493.189
10, W-00-10, 30.24111, 136.23516, 498.255
11, W-00-11, 48.33549, 167.65608, 504.756
12, W-01-00, 48.75410, -83.30599, 504.911
13, W-01-01, 30.95165, -51.33699, 498.487
14, W-01-02, 7.91662, -30.62779, 493.266
15, W-01-03, -16.04804, -12.21050, 494.485
16, W-01-04, -37.97650, 11.12377, 500.920
17, W-01-05, -52.06194, 49.22522, 506.125
18, W-01-06, -48.75410, 96.69401, 504.911
19, W-01-07, -30.95165, 128.66301, 498.487
20, W-01-08, -7.91662, 149.37221, 493.266
21, W-01-09, 16.04804, 167.78950, 494.485
22, W-01-10, 37.97650, -168.87623, 500.920
23, W-01-11, 52.06194, -130.77478, 506.125
24, W-02-00, 43.16387, -24.26662, 502.828
25, W-02-01, 22.61762, 2.17003, 496.005
26, W-02-02, -1.10924, 21.18041, 492.871
27, W-02-03, -24.70895, 40.50607, 496.575
28, W-02-04, -44.69019, 68.15114, 503.397
29, W-02-05, -53.14918, 112.64244, 506.517
30, W-02-06, -43.16387, 155.73338, 502.828
31, W-02-07, -22.61762, -177.82997, 496.005
32, W-02-08, 1.10924, -158.81959, 492.871
33, W-02-09, 24.70895, -139.49393, 496.575
34, W-02-10, 44.69019, -111.84886, 503.397
35, W-02-11, 53.14918, -67.35756, 506.517
36, W-03-00, 36.15576, 32.17399, 500.268
37, W-03-01, 13.87628, 54.68858, 494.084
38, W-03-02, -10.11869, 73.02996, 493.518
39, W-03-03, -32.90669, 94.33542, 499.139
40, W-03-04, -49.83583, 127.88598, 505.311
41, W-03-05, -51.37139, 175.77214, 505.874
42, W-03-06, -36.15576, -147.82601, 500.268
43, W-03-07, -13.87628, -125.31142, 494.084
44, W-03-08, 10.11869, -106.97004, 493.518
45, W-03-09, 32.90669, -85.66458, 499.139
46, W-03-10, 49.83583, -52.11402, 505.311
47, W-03-11, 51.37139, -4.22786, 505.874
48, W-04-00, 28.23309, 86.64008, 497.619
49, W-04-01, 4.91440, 106.65774, 493.019
50, W-04-02, -18.97272, 125.26893, 495.107
51, W-04-03, -40.35120, 149.86199, 501.787
52, W-04-04, -52.74079, -169.75194, 506.370
53, W-04-05, -47.08663, -123.31014, 504.291
54, W-04-06, -28.23309, -93.35992, 497.619
55, W-04-07, -4.91440, -73.34226, 493.019
56, W-04-08, 18.97272, -54.73107, 495.107
57, W-04-09, 40.35120, -30.13801, 501.787
58, W-04-10, 52.74079, 10.24806, 506.370
59, W-04-11, 47.08663, 56.68986, 504.291
60, W-05-00, 19.73871, 139.76230, 495.285
61, W-05-01, -4.12080, 158.44238, 492.973
62, W-05-02, -27.50503, 178.29929, 497.396
63, W-05-03, -46.61160, -152.25525, 504.114
64, W-05-04, -52.86818, -106.16535, 506.416
65, W-05-05, -40.95680, -65.19187, 502.010
66, W-05-06, -19.73871, -40.23770, 495.285
67, W-05-07, 4.12080, -21.55762, 492.973
68, W-05-08, 27.50503, -1.70071, 497.396
69, W-05-09, 46.61160, 27.74475, 504.114
70, W-05-10, 52.86818, 73.83465, 506.416
71, W-05-11, 40.95680, 114.80813, 502.010
72, W-06-00, 10.90570, -167.94640, 493.623
73, W-06-01, -13.09469, -149.61860, 493.952
74, W-06-02, -35.48975, -127.37660, 500.033
75, W-06-03, -51.08634, -91.57995, 505.770
76, W-06-04, -50.19107, -43.61823, 505.441
77, W-06-05, -33.59670, -9.48444, 499.375
78, W-06-06, -10.90570, 12.05360, 493.623
79, W-06-07, 13.09469, 30.38140, 493.952
80, W-06-08, 35.48975, 52.62340, 500.033
81, W-06-09, 51.08634, 88.42005, 505.770
82, W-06-10, 50.19107, 136.38177, 505.441
83, W-06-11, 33.59670, 170.51556, 499.375
84, W-07-00, 1.90413, -116.07702, 492.886
85, W-07-01, -21.86212, -97.16456, 495.808
86, W-07-02, -42.59586, -71.13669, 502.617
87, W-07-03, -53.10634, -28.58398, 506.502
88, W-07-04, -45.21486, 16.36651, 503.593
89, W-07-05, -25.45190, 44.46892, 496.787
90, W-07-06, -1.90413, 63.92298, 492.886
91, W-07-07, 21.86212, 82.83544, 495.808
92, W-07-08, 42.59586, 108.86331, 502.617
93, W-07-09, 53.10634, 151.41602, 506.502
94, W-07-10, 45.21486, -163.63349, 503.593
95, W-07-11, 25.45190, -135.53108, 496.787

[LINKS]
Type, SourceID, TargetID
ISL, 0, 1
ISL, 0, 23
ISL, 1, 2
ISL, 1, 12
ISL, 2, 3
ISL, 2, 13
ISL, 3, 4
ISL, 3, 14
ISL, 4, 5
ISL, 4, 15
ISL, 5, 6
ISL, 5, 15
ISL, 6, 7
ISL, 6, 17
ISL, 7, 8
ISL, 7, 18
ISL, 8, 9
ISL, 8, 19
ISL, 9, 10
ISL, 9, 20
ISL, 10, 11
ISL, 10, 21
ISL, 11, 0
ISL, 11, 21
ISL, 12, 13
ISL, 12, 35
ISL, 13, 14
ISL, 13, 24
ISL, 14, 15
ISL, 14, 25
ISL, 15, 16
ISL, 15, 26
ISL, 16, 17
ISL, 16, 27
ISL, 17, 18
ISL, 17, 28
ISL, 18, 19
ISL, 18, 29
ISL, 19, 20
ISL, 19, 30
ISL, 20, 21
ISL, 20, 31
ISL, 21, 22
ISL, 21, 32
ISL, 22, 23
ISL, 22, 33
ISL, 23, 12
ISL, 23, 34
ISL, 24, 25
ISL, 24, 47
ISL, 25, 26
ISL, 25, 36
ISL, 26, 27
ISL, 26, 37
ISL, 27, 28
ISL, 27, 38
ISL, 28, 29
ISL, 28, 39
ISL, 29, 30
ISL, 29, 40
ISL, 30, 31
ISL, 30, 41
ISL, 31, 32
ISL, 31, 42
ISL, 32, 33
ISL, 32, 43
ISL, 33, 34
ISL, 33, 44
ISL, 34, 35
ISL, 34, 45
ISL, 35, 24
ISL, 35, 46
ISL, 36, 37
ISL, 36, 59
ISL, 37, 38
ISL, 37, 48
ISL, 38, 39
ISL, 38, 49
ISL, 39, 40
ISL, 39, 50
ISL, 40, 41
ISL, 40, 50
ISL, 41, 42
ISL, 41, 52
ISL, 42, 43
ISL, 42, 53
ISL, 43, 44
ISL, 43, 54
ISL, 44, 45
ISL, 44, 55
ISL, 45, 46
ISL, 45, 56
ISL, 46, 47
ISL, 46, 56
ISL, 47, 36
ISL, 47, 58
ISL, 48, 49
ISL, 48, 71
ISL, 49, 50
ISL, 49, 60
ISL, 50, 51
ISL, 50, 61
ISL, 51, 52
ISL, 51, 62
ISL, 52, 53
ISL, 52, 63
ISL, 53, 54
ISL, 53, 64
ISL, 54, 55
ISL, 54, 65
ISL, 55, 56
ISL, 55, 66
ISL, 56, 57
ISL, 56, 67
ISL, 57, 58
ISL, 57, 68
ISL, 58, 59
ISL, 58, 69
ISL, 59, 48
ISL, 59, 70
ISL, 60, 61
ISL, 60, 83
ISL, 61, 62
ISL, 61, 72
ISL, 62, 63
ISL, 62, 73
ISL, 63, 64
ISL, 63, 73
ISL, 64, 65
ISL, 64, 75
ISL, 65, 66
ISL, 65, 76
ISL, 66, 67
ISL, 66, 77
ISL, 67, 68
ISL, 67, 78
ISL, 68, 69
ISL, 68, 79
ISL, 69, 70
ISL, 69, 79
ISL, 70, 71
ISL, 70, 81
ISL, 71, 60
ISL, 71, 82
ISL, 72, 73
ISL, 72, 95
ISL, 73, 74
ISL, 73, 84
ISL, 74, 75
ISL, 74, 85
ISL, 75, 76
ISL, 75, 85
ISL, 76, 77
ISL, 76, 87
ISL, 77, 78
ISL, 77, 88
ISL, 78, 79
ISL, 78, 89
ISL, 79, 80
ISL, 79, 90
ISL, 80, 81
ISL, 80, 91
ISL, 81, 82
ISL, 81, 91
ISL, 82, 83
ISL, 82, 93
ISL, 83, 72
ISL, 83, 94
ISL, 84, 85
ISL, 84, 2
ISL, 85, 86
ISL, 85, 3
ISL, 86, 87
ISL, 86, 4
ISL, 87, 88
ISL, 87, 5
ISL, 88, 89
ISL, 88, 6
ISL, 89, 90
ISL, 89, 7
ISL, 90, 91
ISL, 90, 8
ISL, 91, 92
ISL, 91, 9
ISL, 92, 93
ISL, 92, 10
ISL, 93, 94
ISL, 93, 11
ISL, 94, 95
ISL, 94, 0
ISL, 95, 84
ISL, 95, 1
