[METADATA]
Time: 2026-04-12 03:19:43
Step: 71
Total_Sats: 96

[NODES]
ID, Name, Lat(deg), Lon(deg), Alt(km)
0, W-00-00, 49.44459, -131.33504, 505.166
1, W-00-01, 32.17686, -98.38735, 498.893
2, W-00-02, 9.29201, -77.31497, 493.416
3, W-00-03, -14.69420, -58.95165, 494.229
4, W-00-04, -36.84679, -36.13930, 500.514
5, W-00-05, -51.64930, 0.90038, 505.975
6, W-00-06, -49.44459, 48.66496, 505.166
7, W-00-07, -32.17686, 81.61265, 498.893
8, W-00-08, -9.29201, 102.68503, 493.416
9, W-00-09, 14.69420, 121.04835, 494.229
10, W-00-10, 36.84679, 143.86070, 500.514
11, W-00-11, 51.64930, -179.09962, 505.975
12, W-01-00, 44.12700, -71.86236, 503.187
13, W-01-01, 23.92596, -44.68318, 496.357
14, W-01-02, 0.27543, -25.48338, 492.863
15, W-01-03, -23.40666, -6.36183, 496.215
16, W-01-04, -43.74793, 20.51730, 503.046
17, W-01-05, -53.16984, 64.15340, 506.524
18, W-01-06, -44.12700, 108.13764, 503.187
19, W-01-07, -23.92596, 135.31682, 496.357
20, W-01-08, -0.27543, 154.51662, 492.863
21, W-01-09, 23.40666, 173.63817, 496.215
22, W-01-10, 43.74793, -159.48270, 503.046
23, W-01-11, 53.16984, -115.84660, 506.524
24, W-02-00, 37.29894, -15.06004, 500.676
25, W-02-01, 15.23347, 7.95579, 494.329
26, W-02-02, -8.74522, 26.33796, 493.354
27, W-02-03, -31.69138, 47.26232, 498.731
28, W-02-04, -49.17589, 79.81716, 505.067
29, W-02-05, -51.82084, 127.47795, 506.037
30, W-02-06, -37.29894, 164.93996, 500.676
31, W-02-07, -15.23347, -172.04421, 494.329
32, W-02-08, 8.74522, -153.66204, 493.354
33, W-02-09, 31.69138, -132.73768, 498.731
34, W-02-10, 49.17589, -100.18284, 505.067
35, W-02-11, 51.82084, -52.52205, 506.037
36, W-03-00, 29.49063, 39.66516, 498.014
37, W-03-01, 6.29518, 59.98415, 493.118
38, W-03-02, -17.63284, 78.49312, 494.811
39, W-03-03, -39.27507, 102.48645, 501.392
40, W-03-04, -52.46692, 141.83113, 506.271
41, W-03-05, -47.87974, -171.19257, 504.587
42, W-03-06, -29.49063, -140.33484, 498.014
43, W-03-07, -6.29518, -120.01585, 493.118
44, W-03-08, 17.63284, -101.50688, 494.811
45, W-03-09, 39.27507, -77.51355, 501.392
46, W-03-10, 52.46692, -38.16887, 506.271
47, W-03-11, 47.87974, 8.80743, 504.587
48, W-04-00, 21.06657, 92.95685, 495.607
49, W-04-01, -2.73757, 111.77497, 492.911
50, W-04-02, -26.22713, 131.37267, 497.013
51, W-04-03, -45.75174, 159.96840, 503.794
52, W-04-04, -53.03723, -154.62716, 506.477
53, W-04-05, -41.98891, -112.65596, 502.392
54, W-04-06, -21.06657, -87.04315, 495.607
55, W-04-07, 2.73757, -68.22503, 492.911
56, W-04-08, 26.22713, -48.62733, 497.013
57, W-04-09, 45.75174, -20.03160, 503.794
58, W-04-10, 53.03723, 25.37284, 506.477
59, W-04-11, 41.98891, 67.34404, 502.392
60, W-05-00, 12.27327, 145.34678, 493.822
61, W-05-01, -11.72973, 163.66805, 493.740
62, W-05-02, -34.31395, -174.53895, 499.622
63, W-05-03, -50.54442, -139.78562, 505.571
64, W-05-04, -50.76681, -91.78741, 505.653
65, W-05-05, -34.78405, -56.62097, 499.786
66, W-05-06, -12.27327, -34.65322, 493.822
67, W-05-07, 11.72973, -16.33195, 493.740
68, W-05-08, 34.31395, 5.46105, 499.622
69, W-05-09, 50.54442, 40.21438, 505.571
70, W-05-10, 50.76681, 88.21259, 505.653
71, W-05-11, 34.78405, 123.37903, 499.786
72, W-06-00, 3.28798, -162.74286, 492.933
73, W-06-01, -20.53931, -143.98242, 495.477
74, W-06-02, -41.58185, -118.63618, 502.241
75, W-06-03, -52.97807, -77.05752, 506.456
76, W-06-04, -46.09865, -31.36978, 503.923
77, W-06-05, -26.73696, -2.44054, 497.164
78, W-06-06, -3.28798, 17.25714, 492.933
79, W-06-07, 20.53931, 36.01758, 495.477
80, W-06-08, 41.58185, 61.36382, 502.241
81, W-06-09, 52.97807, 102.94248, 506.456
82, W-06-10, 46.09865, 148.63022, 503.923
83, W-06-11, 26.73696, 177.55946, 497.164
84, W-07-00, -5.74611, -110.95543, 493.076
85, W-07-01, -28.99201, -90.75960, 497.856
86, W-07-02, -47.56955, -60.26713, 504.471
87, W-07-03, -52.58372, -13.49116, 506.314
88, W-07-04, -39.70634, 26.27011, 501.550
89, W-07-05, -18.16671, 50.49763, 494.927
90, W-07-06, 5.74611, 69.04457, 493.076
91, W-07-07, 28.99201, 89.24040, 497.856
92, W-07-08, 47.56955, 119.73287, 504.471
93, W-07-09, 52.58372, 166.50884, 506.314
94, W-07-10, 39.70634, -153.72989, 501.550
95, W-07-11, 18.16671, -129.50237, 494.927

[LINKS]
Type, SourceID, TargetID
ISL, 0, 1
ISL, 0, 23
ISL, 1, 2
ISL, 1, 12
ISL, 2, 3
ISL, 2, 13
ISL, 3, 4
ISL, 3, 14
ISL, 4, 5
ISL, 4, 15
ISL, 5, 6
ISL, 5, 15
ISL, 6, 7
ISL, 6, 17
ISL, 7, 8
ISL, 7, 18
ISL, 8, 9
ISL, 8, 19
ISL, 9, 10
ISL, 9, 20
ISL, 10, 11
ISL, 10, 21
ISL, 11, 0
ISL, 11, 21
ISL, 12, 13
ISL, 12, 35
ISL, 13, 14
ISL, 13, 24
ISL, 14, 15
ISL, 14, 25
ISL, 15, 16
ISL, 15, 26
ISL, 16, 17
ISL, 16, 27
ISL, 17, 18
ISL, 17, 28
ISL, 18, 19
ISL, 18, 29
ISL, 19, 20
ISL, 19, 30
ISL, 20, 21
ISL, 20, 31
ISL, 21, 22
ISL, 21, 32
ISL, 22, 23
ISL, 22, 33
ISL, 23, 12
ISL, 23, 34
ISL, 24, 25
ISL, 24, 47
ISL, 25, 26
ISL, 25, 36
ISL, 26, 27
ISL, 26, 37
ISL, 27, 28
ISL, 27, 38
ISL, 28, 29
ISL, 28, 39
ISL, 29, 30
ISL, 29, 40
ISL, 30, 31
ISL, 30, 41
ISL, 31, 32
ISL, 31, 42
ISL, 32, 33
ISL, 32, 43
ISL, 33, 34
ISL, 33, 44
ISL, 34, 35
ISL, 34, 45
ISL, 35, 24
ISL, 35, 46
ISL, 36, 37
ISL, 36, 59
ISL, 37, 38
ISL, 37, 48
ISL, 38, 39
ISL, 38, 49
ISL, 39, 40
ISL, 39, 50
ISL, 40, 41
ISL, 40, 50
ISL, 41, 42
ISL, 41, 52
ISL, 42, 43
ISL, 42, 53
ISL, 43, 44
ISL, 43, 54
ISL, 44, 45
ISL, 44, 55
ISL, 45, 46
ISL, 45, 56
ISL, 46, 47
ISL, 46, 56
ISL, 47, 36
ISL, 47, 58
ISL, 48, 49
ISL, 48, 71
ISL, 49, 50
ISL, 49, 60
ISL, 50, 51
ISL, 50, 61
ISL, 51, 52
ISL, 51, 62
ISL, 52, 53
ISL, 52, 63
ISL, 53, 54
ISL, 53, 64
ISL, 54, 55
ISL, 54, 65
ISL, 55, 56
ISL, 55, 66
ISL, 56, 57
ISL, 56, 67
ISL, 57, 58
ISL, 57, 68
ISL, 58, 59
ISL, 58, 69
ISL, 59, 48
ISL, 59, 70
ISL, 60, 61
ISL, 60, 83
ISL, 61, 62
ISL, 61, 72
ISL, 62, 63
ISL, 62, 73
ISL, 63, 64
ISL, 63, 73
ISL, 64, 65
ISL, 64, 75
ISL, 65, 66
ISL, 65, 76
ISL, 66, 67
ISL, 66, 77
ISL, 67, 68
ISL, 67, 78
ISL, 68, 69
ISL, 68, 79
ISL, 69, 70
ISL, 69, 79
ISL, 70, 71
ISL, 70, 81
ISL, 71, 60
ISL, 71, 82
ISL, 72, 73
ISL, 72, 95
ISL, 73, 74
ISL, 73, 84
ISL, 74, 75
ISL, 74, 85
ISL, 75, 76
ISL, 75, 85
ISL, 76, 77
ISL, 76, 87
ISL, 77, 78
ISL, 77, 88
ISL, 78, 79
ISL, 78, 89
ISL, 79, 80
ISL, 79, 90
ISL, 80, 81
ISL, 80, 91
ISL, 81, 82
ISL, 81, 91
ISL, 82, 83
ISL, 82, 93
ISL, 83, 72
ISL, 83, 94
ISL, 84, 85
ISL, 84, 2
ISL, 85, 86
ISL, 85, 3
ISL, 86, 87
ISL, 86, 4
ISL, 87, 88
ISL, 87, 5
ISL, 88, 89
ISL, 88, 6
ISL, 89, 90
ISL, 89, 7
ISL, 90, 91
ISL, 90, 8
ISL, 91, 92
ISL, 91, 9
ISL, 92, 93
ISL, 92, 10
ISL, 93, 94
ISL, 93, 11
ISL, 94, 95
ISL, 94, 0
ISL, 95, 84
ISL, 95, 1
