[METADATA]
Time: 2026-04-12 03:10:13
Step: 52
Total_Sats: 96

[NODES]
ID, Name, Lat(deg), Lon(deg), Alt(km)
0, W-00-00, 49.67771, 174.03177, 505.252
1, W-00-01, 51.48796, -138.12670, 505.916
2, W-00-02, 36.44002, -101.46364, 500.369
3, W-00-03, 14.21184, -78.82846, 494.142
4, W-00-04, -9.77992, -60.47904, 493.475
5, W-00-05, -32.60822, -39.27047, 499.038
6, W-00-06, -49.67771, -5.96823, 505.252
7, W-00-07, -51.48796, 41.87330, 505.916
8, W-00-08, -36.44002, 78.53636, 500.369
9, W-00-09, -14.21184, 101.17154, 494.142
10, W-00-10, 9.77992, 119.52096, 493.475
11, W-00-11, 32.60822, 140.72953, 499.038
12, W-01-00, 52.67929, -123.68918, 506.348
13, W-01-01, 47.28654, -77.10595, 504.366
14, W-01-02, 28.54482, -46.93499, 497.716
15, W-01-03, 5.25546, -26.84548, 493.041
16, W-01-04, -18.64259, -8.26162, 495.033
17, W-01-05, -40.08800, 16.17996, 501.690
18, W-01-06, -52.67929, 56.31082, 506.348
19, W-01-07, -47.28654, 102.89405, 504.366
20, W-01-08, -28.54482, 133.06501, 497.716
21, W-01-09, -5.25546, 153.15452, 493.041
22, W-01-10, 18.64259, 171.73838, 495.033
23, W-01-11, 40.08800, -163.82004, 501.690
24, W-02-00, 52.91618, -60.10838, 506.433
25, W-02-01, 41.21433, -18.88531, 502.105
26, W-02-02, 20.06729, 6.22794, 495.363
27, W-02-03, -3.77942, 24.93996, 492.955
28, W-02-04, -27.19067, 44.73044, 497.300
29, W-02-05, -46.40310, 73.96261, 504.037
30, W-02-06, -52.91618, 119.89162, 506.433
31, W-02-07, -41.21433, 161.11469, 502.105
32, W-02-08, -20.06729, -173.77206, 495.363
33, W-02-09, 3.77942, -155.06004, 492.955
34, W-02-10, 27.19067, -135.26956, 497.300
35, W-02-11, 46.40310, -106.03739, 504.037
36, W-03-00, 50.33834, 2.51462, 505.495
37, W-03-01, 33.89157, 36.90150, 499.476
38, W-03-02, 11.24371, 58.54269, 493.670
39, W-03-03, -12.75813, 76.86687, 493.898
40, W-03-04, -35.20130, 98.99500, 499.932
41, W-03-05, -50.95786, 134.53263, 505.723
42, W-03-06, -50.33834, -177.48538, 505.495
43, W-03-07, -33.89157, -143.09850, 499.476
44, W-03-08, -11.24371, -121.45731, 493.670
45, W-03-09, 12.75813, -103.13313, 493.898
46, W-03-10, 35.20130, -81.00500, 499.932
47, W-03-11, 50.95786, -45.46737, 505.723
48, W-04-00, 45.43666, 62.60663, 503.676
49, W-04-01, 25.77023, 90.90960, 496.879
50, W-04-02, 2.24585, 110.42143, 492.896
51, W-04-03, -21.53635, 129.29418, 495.725
52, W-04-04, -42.34838, 155.15020, 502.525
53, W-04-05, -53.08100, -162.53352, 506.493
54, W-04-06, -45.43666, -117.39337, 503.676
55, W-04-07, -25.77023, -89.09040, 496.879
56, W-04-08, -2.24585, -69.57857, 492.896
57, W-04-09, 21.53635, -50.70582, 495.725
58, W-04-10, 42.34838, -24.84980, 502.525
59, W-04-11, 53.08100, 17.46648, 506.493
60, W-05-00, 38.88646, 119.94926, 501.251
61, W-05-01, 17.15511, 143.73831, 494.710
62, W-05-02, -6.78527, 162.21635, 493.159
63, W-05-03, -29.93407, -177.35093, 498.156
64, W-05-04, -48.15068, -146.16238, 504.687
65, W-05-05, -52.35393, -99.02136, 506.230
66, W-05-06, -38.88646, -60.05074, 501.251
67, W-05-07, -17.15511, -36.26169, 494.710
68, W-05-08, 6.78527, -17.78365, 493.159
69, W-05-09, 29.93407, 2.64907, 498.156
70, W-05-10, 48.15068, 33.83762, 504.687
71, W-05-11, 52.35393, 80.97864, 506.230
72, W-06-00, 31.25562, 175.06976, 498.587
73, W-06-01, 8.25646, -164.13411, 493.301
74, W-06-02, -15.71434, -145.73219, 494.420
75, W-06-03, -37.69973, -122.53000, 500.820
76, W-06-04, -51.96582, -84.69064, 506.090
77, W-06-05, -48.92919, -37.13810, 504.976
78, W-06-06, -31.25562, -4.93024, 498.587
79, W-06-07, -8.25646, 15.86589, 493.301
80, W-06-08, 15.71434, 34.26781, 494.420
81, W-06-09, 37.69973, 57.47000, 500.820
82, W-06-10, 51.96582, 95.30936, 506.090
83, W-06-11, 48.92919, 142.86190, 504.976
84, W-07-00, 22.94153, -131.37578, 496.090
85, W-07-01, -0.76740, -112.32088, 492.867
86, W-07-02, -24.38840, -93.04790, 496.485
87, W-07-03, -44.46086, -65.59554, 503.312
88, W-07-04, -53.16066, -21.30910, 506.521
89, W-07-05, -43.40479, 22.00787, 502.918
90, W-07-06, -22.94153, 48.62422, 496.090
91, W-07-07, 0.76740, 67.67912, 492.867
92, W-07-08, 24.38840, 86.95210, 496.485
93, W-07-09, 44.46086, 114.40446, 503.312
94, W-07-10, 53.16066, 158.69090, 506.521
95, W-07-11, 43.40479, -157.99213, 502.918

[LINKS]
Type, SourceID, TargetID
ISL, 0, 1
ISL, 0, 23
ISL, 1, 2
ISL, 1, 12
ISL, 2, 3
ISL, 2, 13
ISL, 3, 4
ISL, 3, 14
ISL, 4, 5
ISL, 4, 15
ISL, 5, 6
ISL, 5, 15
ISL, 6, 7
ISL, 6, 17
ISL, 7, 8
ISL, 7, 18
ISL, 8, 9
ISL, 8, 19
ISL, 9, 10
ISL, 9, 20
ISL, 10, 11
ISL, 10, 21
ISL, 11, 0
ISL, 11, 21
ISL, 12, 13
ISL, 12, 35
ISL, 13, 14
ISL, 13, 24
ISL, 14, 15
ISL, 14, 25
ISL, 15, 16
ISL, 15, 26
ISL, 16, 17
ISL, 16, 27
ISL, 17, 18
ISL, 17, 28
ISL, 18, 19
ISL, 18, 29
ISL, 19, 20
ISL, 19, 30
ISL, 20, 21
ISL, 20, 31
ISL, 21, 22
ISL, 21, 32
ISL, 22, 23
ISL, 22, 33
ISL, 23, 12
ISL, 23, 34
ISL, 24, 25
ISL, 24, 47
ISL, 25, 26
ISL, 25, 36
ISL, 26, 27
ISL, 26, 37
ISL, 27, 28
ISL, 27, 38
ISL, 28, 29
ISL, 28, 39
ISL, 29, 30
ISL, 29, 40
ISL, 30, 31
ISL, 30, 41
ISL, 31, 32
ISL, 31, 42
ISL, 32, 33
ISL, 32, 43
ISL, 33, 34
ISL, 33, 44
ISL, 34, 35
ISL, 34, 45
ISL, 35, 24
ISL, 35, 46
ISL, 36, 37
ISL, 36, 59
ISL, 37, 38
ISL, 37, 48
ISL, 38, 39
ISL, 38, 49
ISL, 39, 40
ISL, 39, 50
ISL, 40, 41
ISL, 40, 50
ISL, 41, 42
ISL, 41, 52
ISL, 42, 43
ISL, 42, 53
ISL, 43, 44
ISL, 43, 54
ISL, 44, 45
ISL, 44, 55
ISL, 45, 46
ISL, 45, 56
ISL, 46, 47
ISL, 46, 56
ISL, 47, 36
ISL, 47, 58
ISL, 48, 49
ISL, 48, 71
ISL, 49, 50
ISL, 49, 60
ISL, 50, 51
ISL, 50, 61
ISL, 51, 52
ISL, 51, 62
ISL, 52, 53
ISL, 52, 63
ISL, 53, 54
ISL, 53, 64
ISL, 54, 55
ISL, 54, 65
ISL, 55, 56
ISL, 55, 66
ISL, 56, 57
ISL, 56, 67
ISL, 57, 58
ISL, 57, 68
ISL, 58, 59
ISL, 58, 69
ISL, 59, 48
ISL, 59, 70
ISL, 60, 61
ISL, 60, 83
ISL, 61, 62
ISL, 61, 72
ISL, 62, 63
ISL, 62, 73
ISL, 63, 64
ISL, 63, 73
ISL, 64, 65
ISL, 64, 75
ISL, 65, 66
ISL, 65, 76
ISL, 66, 67
ISL, 66, 77
ISL, 67, 68
ISL, 67, 78
ISL, 68, 69
ISL, 68, 79
ISL, 69, 70
ISL, 69, 79
ISL, 70, 71
ISL, 70, 81
ISL, 71, 60
ISL, 71, 82
ISL, 72, 73
ISL, 72, 95
ISL, 73, 74
ISL, 73, 84
ISL, 74, 75
ISL, 74, 85
ISL, 75, 76
ISL, 75, 85
ISL, 76, 77
ISL, 76, 87
ISL, 77, 78
ISL, 77, 88
ISL, 78, 79
ISL, 78, 89
ISL, 79, 80
ISL, 79, 90
ISL, 80, 81
ISL, 80, 91
ISL, 81, 82
ISL, 81, 91
ISL, 82, 83
ISL, 82, 93
ISL, 83, 72
ISL, 83, 94
ISL, 84, 85
ISL, 84, 2
ISL, 85, 86
ISL, 85, 3
ISL, 86, 87
ISL, 86, 4
ISL, 87, 88
ISL, 87, 5
ISL, 88, 89
ISL, 88, 6
ISL, 89, 90
ISL, 89, 7
ISL, 90, 91
ISL, 90, 8
ISL, 91, 92
ISL, 91, 9
ISL, 92, 93
ISL, 92, 10
ISL, 93, 94
ISL, 93, 11
ISL, 94, 95
ISL, 94, 0
ISL, 95, 84
ISL, 95, 1
