[METADATA]
Time: 2026-04-12 04:11:43
Step: 175
Total_Sats: 96

[NODES]
ID, Name, Lat(deg), Lon(deg), Alt(km)
0, W-00-00, -40.07416, 57.63453, 501.685
1, W-00-01, -18.62527, 82.06823, 495.029
2, W-00-02, 5.27334, 100.65070, 493.042
3, W-00-03, 28.56114, 120.74402, 497.721
4, W-00-04, 47.29694, 150.92661, 504.370
5, W-00-05, 52.67595, -162.48292, 506.347
6, W-00-06, 40.07416, -122.36547, 501.685
7, W-00-07, 18.62527, -97.93177, 495.029
8, W-00-08, -5.27334, -79.34930, 493.042
9, W-00-09, -28.56114, -59.25598, 497.721
10, W-00-10, -47.29694, -29.07339, 504.370
11, W-00-11, -52.67595, 17.51708, 506.347
12, W-01-00, -32.59255, 113.08099, 499.033
13, W-01-01, -9.76216, 134.28454, 493.473
14, W-01-02, 14.22942, 152.63442, 494.145
15, W-01-03, 36.45488, 175.27597, 500.375
16, W-01-04, 51.49396, -148.04726, 505.918
17, W-01-05, 49.66934, -100.20828, 505.249
18, W-01-06, 32.59255, -66.91901, 499.033
19, W-01-07, 9.76216, -45.71546, 493.473
20, W-01-08, -14.22942, -27.36558, 494.145
21, W-01-09, -36.45488, -4.72403, 500.375
22, W-01-10, -51.49396, 31.95274, 505.918
23, W-01-11, -49.66934, 79.79172, 505.249
24, W-02-00, -24.37158, 166.85572, 496.481
25, W-02-01, -0.74949, -173.87402, 492.867
26, W-02-02, 22.95849, -154.81674, 496.095
27, W-02-03, 43.41736, -128.19090, 502.923
28, W-02-04, 53.16114, -84.86218, 506.521
29, W-02-05, 44.44878, -40.58660, 503.307
30, W-02-06, 24.37158, -13.14428, 496.481
31, W-02-07, 0.74949, 6.12598, 492.867
32, W-02-08, -22.95849, 25.18326, 496.095
33, W-02-09, -43.41736, 51.80910, 502.923
34, W-02-10, -53.16114, 95.13782, 506.521
35, W-02-11, -44.44878, 139.41340, 503.307
36, W-03-00, -15.69684, -140.46166, 494.417
37, W-03-01, 8.27426, -122.06051, 493.302
38, W-03-02, 31.27153, -101.25977, 498.592
39, W-03-03, 48.93828, -69.03934, 504.979
40, W-03-04, 51.96068, -21.48260, 506.088
41, W-03-05, 37.68519, 16.34302, 500.815
42, W-03-06, 15.69684, 39.53834, 494.417
43, W-03-07, -8.27426, 57.93949, 493.302
44, W-03-08, -31.27153, 78.74023, 498.592
45, W-03-09, -48.93828, 110.96066, 504.979
46, W-03-10, -51.96068, 158.51740, 506.088
47, W-03-11, -37.68519, -163.65698, 500.815
48, W-04-00, -6.76742, -88.41106, 493.158
49, W-04-01, 17.17253, -69.93194, 494.714
50, W-04-02, 38.90067, -46.13553, 501.256
51, W-04-03, 52.35819, -7.15126, 506.232
52, W-04-04, 48.14091, 39.98400, 504.684
53, W-04-05, 29.91795, 71.16043, 498.151
54, W-04-06, 6.76742, 91.58894, 493.158
55, W-04-07, -17.17253, 110.06806, 494.714
56, W-04-08, -38.90067, 133.86447, 501.256
57, W-04-09, -52.35819, 172.84874, 506.232
58, W-04-10, -48.14091, -140.01600, 504.684
59, W-04-11, -29.91795, -108.83957, 498.151
60, W-05-00, 2.26376, -36.61631, 492.896
61, W-05-01, 25.78689, -17.10140, 496.884
62, W-05-02, 45.44822, 11.21215, 503.680
63, W-05-03, 53.07955, 56.36210, 506.492
64, W-05-04, 42.33536, 98.66591, 502.520
65, W-05-05, 21.51926, 124.51298, 495.721
66, W-05-06, -2.26376, 143.38369, 492.896
67, W-05-07, -25.78689, 162.89860, 496.884
68, W-05-08, -45.44822, -168.78785, 503.680
69, W-05-09, -53.07955, -123.63790, 506.492
70, W-05-10, -42.33536, -81.33409, 502.520
71, W-05-11, -21.51926, -55.48702, 495.721
72, W-06-00, 11.26142, 15.26294, 493.672
73, W-06-01, 33.90699, 36.90958, 499.482
74, W-06-02, 50.34597, 71.30977, 505.498
75, W-06-03, 50.95103, 119.29262, 505.720
76, W-06-04, 35.18614, 154.81670, 499.926
77, W-06-05, 12.74048, 176.93892, 493.895
78, W-06-06, -11.26142, -164.73706, 493.672
79, W-06-07, -33.90699, -143.09042, 499.482
80, W-06-08, -50.34597, -108.69023, 505.498
81, W-06-09, -50.95103, -60.70738, 505.720
82, W-06-10, -35.18614, -25.18330, 499.926
83, W-06-11, -12.74048, -3.06108, 493.895
84, W-07-00, 20.08450, 67.57893, 495.367
85, W-07-01, 41.22778, 92.70058, 502.110
86, W-07-02, 52.91858, 133.93668, 506.434
87, W-07-03, 46.39210, 179.85711, 504.033
88, W-07-04, 27.17418, -150.92184, 497.295
89, W-07-05, 3.76152, -131.13480, 492.954
90, W-07-06, -20.08450, -112.42107, 495.367
91, W-07-07, -41.22778, -87.29942, 502.110
92, W-07-08, -52.91858, -46.06332, 506.434
93, W-07-09, -46.39210, -0.14289, 504.033
94, W-07-10, -27.17418, 29.07816, 497.295
95, W-07-11, -3.76152, 48.86520, 492.954

[LINKS]
Type, SourceID, TargetID
ISL, 0, 1
ISL, 0, 23
ISL, 1, 2
ISL, 1, 12
ISL, 2, 3
ISL, 2, 13
ISL, 3, 4
ISL, 3, 14
ISL, 4, 5
ISL, 4, 15
ISL, 5, 6
ISL, 5, 15
ISL, 6, 7
ISL, 6, 17
ISL, 7, 8
ISL, 7, 18
ISL, 8, 9
ISL, 8, 19
ISL, 9, 10
ISL, 9, 20
ISL, 10, 11
ISL, 10, 21
ISL, 11, 0
ISL, 11, 21
ISL, 12, 13
ISL, 12, 35
ISL, 13, 14
ISL, 13, 24
ISL, 14, 15
ISL, 14, 25
ISL, 15, 16
ISL, 15, 26
ISL, 16, 17
ISL, 16, 27
ISL, 17, 18
ISL, 17, 28
ISL, 18, 19
ISL, 18, 29
ISL, 19, 20
ISL, 19, 30
ISL, 20, 21
ISL, 20, 31
ISL, 21, 22
ISL, 21, 32
ISL, 22, 23
ISL, 22, 33
ISL, 23, 12
ISL, 23, 34
ISL, 24, 25
ISL, 24, 47
ISL, 25, 26
ISL, 25, 36
ISL, 26, 27
ISL, 26, 37
ISL, 27, 28
ISL, 27, 38
ISL, 28, 29
ISL, 28, 39
ISL, 29, 30
ISL, 29, 40
ISL, 30, 31
ISL, 30, 41
ISL, 31, 32
ISL, 31, 42
ISL, 32, 33
ISL, 32, 43
ISL, 33, 34
ISL, 33, 44
ISL, 34, 35
ISL, 34, 45
ISL, 35, 24
ISL, 35, 46
ISL, 36, 37
ISL, 36, 59
ISL, 37, 38
ISL, 37, 48
ISL, 38, 39
ISL, 38, 49
ISL, 39, 40
ISL, 39, 50
ISL, 40, 41
ISL, 40, 50
ISL, 41, 42
ISL, 41, 52
ISL, 42, 43
ISL, 42, 53
ISL, 43, 44
ISL, 43, 54
ISL, 44, 45
ISL, 44, 55
ISL, 45, 46
ISL, 45, 56
ISL, 46, 47
ISL, 46, 56
ISL, 47, 36
ISL, 47, 58
ISL, 48, 49
ISL, 48, 71
ISL, 49, 50
ISL, 49, 60
ISL, 50, 51
ISL, 50, 61
ISL, 51, 52
ISL, 51, 62
ISL, 52, 53
ISL, 52, 63
ISL, 53, 54
ISL, 53, 64
ISL, 54, 55
ISL, 54, 65
ISL, 55, 56
ISL, 55, 66
ISL, 56, 57
ISL, 56, 67
ISL, 57, 58
ISL, 57, 68
ISL, 58, 59
ISL, 58, 69
ISL, 59, 48
ISL, 59, 70
ISL, 60, 61
ISL, 60, 83
ISL, 61, 62
ISL, 61, 72
ISL, 62, 63
ISL, 62, 73
ISL, 63, 64
ISL, 63, 73
ISL, 64, 65
ISL, 64, 75
ISL, 65, 66
ISL, 65, 76
ISL, 66, 67
ISL, 66, 77
ISL, 67, 68
ISL, 67, 78
ISL, 68, 69
ISL, 68, 79
ISL, 69, 70
ISL, 69, 79
ISL, 70, 71
ISL, 70, 81
ISL, 71, 60
ISL, 71, 82
ISL, 72, 73
ISL, 72, 95
ISL, 73, 74
ISL, 73, 84
ISL, 74, 75
ISL, 74, 85
ISL, 75, 76
ISL, 75, 85
ISL, 76, 77
ISL, 76, 87
ISL, 77, 78
ISL, 77, 88
ISL, 78, 79
ISL, 78, 89
ISL, 79, 80
ISL, 79, 90
ISL, 80, 81
ISL, 80, 91
ISL, 81, 82
ISL, 81, 91
ISL, 82, 83
ISL, 82, 93
ISL, 83, 72
ISL, 83, 94
ISL, 84, 85
ISL, 84, 2
ISL, 85, 86
ISL, 85, 3
ISL, 86, 87
ISL, 86, 4
ISL, 87, 88
ISL, 87, 5
ISL, 88, 89
ISL, 88, 6
ISL, 89, 90
ISL, 89, 7
ISL, 90, 91
ISL, 90, 8
ISL, 91, 92
ISL, 91, 9
ISL, 92, 93
ISL, 92, 10
ISL, 93, 94
ISL, 93, 11
ISL, 94, 95
ISL, 94, 0
ISL, 95, 84
ISL, 95, 1
