[METADATA]
Time: 2026-04-12 03:21:13
Step: 74
Total_Sats: 96

[NODES]
ID, Name, Lat(deg), Lon(deg), Alt(km)
0, W-00-00, 46.97121, -124.00010, 504.248
1, W-00-01, 28.05460, -94.17502, 497.564
2, W-00-02, 4.71945, -74.19768, 493.007
3, W-00-03, -19.16116, -55.57026, 495.151
4, W-00-04, -40.50085, -30.88961, 501.842
5, W-00-05, -52.77413, 9.64162, 506.382
6, W-00-06, -46.97121, 55.99990, 504.248
7, W-00-07, -28.05460, 85.82498, 497.564
8, W-00-08, -4.71945, 105.80232, 493.007
9, W-00-09, 19.16116, 124.42974, 495.151
10, W-00-10, 40.50085, 149.11039, 501.842
11, W-00-11, 52.77413, -170.35838, 506.382
12, W-01-00, 40.80886, -65.94003, 501.955
13, W-01-01, 19.55073, -41.07573, 495.241
14, W-01-02, -4.31584, -22.41328, 492.983
15, W-01-03, -27.68431, -2.51769, 497.450
16, W-01-04, -46.72961, 27.05067, 504.158
17, W-01-05, -52.83892, 73.22996, 506.406
18, W-01-06, -40.80886, 114.05997, 501.955
19, W-01-07, -19.55073, 138.92427, 495.241
20, W-01-08, 4.31584, 157.58672, 492.983
21, W-01-09, 27.68431, 177.48231, 497.450
22, W-01-10, 46.72961, -152.94933, 504.158
23, W-01-11, 52.83892, -106.77004, 506.406
24, W-02-00, 33.42770, -10.27753, 499.317
25, W-02-01, 10.71244, 11.20242, 493.596
26, W-02-02, -13.28688, 29.53290, 493.984
27, W-02-03, -35.65402, 51.84085, 500.091
28, W-02-04, -51.15817, 87.78586, 505.796
29, W-02-05, -50.10542, 135.73269, 505.410
30, W-02-06, -33.42770, 169.72247, 499.317
31, W-02-07, -10.71244, -168.79758, 493.596
32, W-02-08, 13.28688, -150.46710, 493.984
33, W-02-09, 35.65402, -128.15915, 500.091
34, W-02-10, 51.15817, -92.21414, 505.796
35, W-02-11, 50.10542, -44.26731, 505.410
36, W-03-00, 25.26968, 43.64493, 496.735
37, W-03-01, 1.70883, 63.06668, 492.882
38, W-03-02, -22.04803, 82.00247, 495.856
39, W-03-03, -42.73640, 108.12960, 502.669
40, W-03-04, -53.11896, 150.81611, 506.506
41, W-03-05, -45.08709, -164.34392, 503.546
42, W-03-06, -25.26968, -136.35507, 496.735
43, W-03-07, -1.70883, -116.93332, 492.882
44, W-03-08, 22.04803, -97.99753, 495.856
45, W-03-09, 42.73640, -71.87040, 502.669
46, W-03-10, 53.11896, -29.18389, 506.506
47, W-03-11, 45.08709, 15.65608, 503.546
48, W-04-00, 16.63253, 96.41973, 494.602
49, W-04-01, -7.32007, 114.86721, 493.207
50, W-04-02, -30.41616, 135.42817, 498.312
51, W-04-03, -48.43980, 166.98277, 504.794
52, W-04-04, -52.22130, -145.71200, 506.182
53, W-04-05, -38.45853, -107.15143, 501.095
54, W-04-06, -16.63253, -83.58027, 494.602
55, W-04-07, 7.32007, -65.13279, 493.207
56, W-04-08, 30.41616, -44.57183, 498.312
57, W-04-09, 48.43980, -13.01723, 504.794
58, W-04-10, 52.22130, 34.28800, 506.182
59, W-04-11, 38.45853, 72.84857, 501.095
60, W-05-00, 7.72235, 148.51849, 493.246
61, W-05-01, -16.23856, 166.94516, 494.523
62, W-05-02, -38.13402, -169.64413, 500.977
63, W-05-03, -52.11515, -131.39301, 506.144
64, W-05-04, -48.65271, -83.97518, 504.873
65, W-05-05, -30.77753, -52.14183, 498.430
66, W-05-06, -7.72235, -31.48151, 493.246
67, W-05-07, 16.23856, -13.05484, 494.523
68, W-05-08, 38.13402, 10.35587, 500.977
69, W-05-09, 52.11515, 48.60699, 506.144
70, W-05-10, 48.65271, 96.02482, 504.873
71, W-05-11, 30.77753, 127.85817, 498.430
72, W-06-00, -1.30456, -159.67597, 492.874
73, W-06-01, -24.89183, -140.31953, 496.627
74, W-06-02, -44.82024, -112.56327, 503.446
75, W-06-03, -53.14074, -67.95687, 506.514
76, W-06-04, -43.02529, -24.99659, 502.777
77, W-06-05, -22.43227, 1.33843, 495.956
78, W-06-06, 1.30456, 20.32403, 492.874
79, W-06-07, 24.89183, 39.68047, 496.627
80, W-06-08, 44.82024, 67.43673, 503.446
81, W-06-09, 53.14074, 112.04313, 506.514
82, W-06-10, 43.02529, 155.00341, 502.777
83, W-06-11, 22.43227, -178.66157, 495.956
84, W-07-00, -10.31218, -107.82180, 493.543
85, W-07-01, -33.07677, -86.46013, 499.197
86, W-07-02, -49.92475, -52.76700, 505.343
87, W-07-03, -51.30315, -4.85860, 505.849
88, W-07-04, -35.99275, 31.39423, 500.210
89, W-07-05, -13.68439, 53.84082, 494.051
90, W-07-06, 10.31218, 72.17820, 493.543
91, W-07-07, 33.07677, 93.53987, 499.197
92, W-07-08, 49.92475, 127.23300, 505.343
93, W-07-09, 51.30315, 175.14140, 505.849
94, W-07-10, 35.99275, -148.60577, 500.210
95, W-07-11, 13.68439, -126.15918, 494.051

[LINKS]
Type, SourceID, TargetID
ISL, 0, 1
ISL, 0, 23
ISL, 1, 2
ISL, 1, 12
ISL, 2, 3
ISL, 2, 13
ISL, 3, 4
ISL, 3, 14
ISL, 4, 5
ISL, 4, 15
ISL, 5, 6
ISL, 5, 15
ISL, 6, 7
ISL, 6, 17
ISL, 7, 8
ISL, 7, 18
ISL, 8, 9
ISL, 8, 19
ISL, 9, 10
ISL, 9, 20
ISL, 10, 11
ISL, 10, 21
ISL, 11, 0
ISL, 11, 21
ISL, 12, 13
ISL, 12, 35
ISL, 13, 14
ISL, 13, 24
ISL, 14, 15
ISL, 14, 25
ISL, 15, 16
ISL, 15, 26
ISL, 16, 17
ISL, 16, 27
ISL, 17, 18
ISL, 17, 28
ISL, 18, 19
ISL, 18, 29
ISL, 19, 20
ISL, 19, 30
ISL, 20, 21
ISL, 20, 31
ISL, 21, 22
ISL, 21, 32
ISL, 22, 23
ISL, 22, 33
ISL, 23, 12
ISL, 23, 34
ISL, 24, 25
ISL, 24, 47
ISL, 25, 26
ISL, 25, 36
ISL, 26, 27
ISL, 26, 37
ISL, 27, 28
ISL, 27, 38
ISL, 28, 29
ISL, 28, 39
ISL, 29, 30
ISL, 29, 40
ISL, 30, 31
ISL, 30, 41
ISL, 31, 32
ISL, 31, 42
ISL, 32, 33
ISL, 32, 43
ISL, 33, 34
ISL, 33, 44
ISL, 34, 35
ISL, 34, 45
ISL, 35, 24
ISL, 35, 46
ISL, 36, 37
ISL, 36, 59
ISL, 37, 38
ISL, 37, 48
ISL, 38, 39
ISL, 38, 49
ISL, 39, 40
ISL, 39, 50
ISL, 40, 41
ISL, 40, 50
ISL, 41, 42
ISL, 41, 52
ISL, 42, 43
ISL, 42, 53
ISL, 43, 44
ISL, 43, 54
ISL, 44, 45
ISL, 44, 55
ISL, 45, 46
ISL, 45, 56
ISL, 46, 47
ISL, 46, 56
ISL, 47, 36
ISL, 47, 58
ISL, 48, 49
ISL, 48, 71
ISL, 49, 50
ISL, 49, 60
ISL, 50, 51
ISL, 50, 61
ISL, 51, 52
ISL, 51, 62
ISL, 52, 53
ISL, 52, 63
ISL, 53, 54
ISL, 53, 64
ISL, 54, 55
ISL, 54, 65
ISL, 55, 56
ISL, 55, 66
ISL, 56, 57
ISL, 56, 67
ISL, 57, 58
ISL, 57, 68
ISL, 58, 59
ISL, 58, 69
ISL, 59, 48
ISL, 59, 70
ISL, 60, 61
ISL, 60, 83
ISL, 61, 62
ISL, 61, 72
ISL, 62, 63
ISL, 62, 73
ISL, 63, 64
ISL, 63, 73
ISL, 64, 65
ISL, 64, 75
ISL, 65, 66
ISL, 65, 76
ISL, 66, 67
ISL, 66, 77
ISL, 67, 68
ISL, 67, 78
ISL, 68, 69
ISL, 68, 79
ISL, 69, 70
ISL, 69, 79
ISL, 70, 71
ISL, 70, 81
ISL, 71, 60
ISL, 71, 82
ISL, 72, 73
ISL, 72, 95
ISL, 73, 74
ISL, 73, 84
ISL, 74, 75
ISL, 74, 85
ISL, 75, 76
ISL, 75, 85
ISL, 76, 77
ISL, 76, 87
ISL, 77, 78
ISL, 77, 88
ISL, 78, 79
ISL, 78, 89
ISL, 79, 80
ISL, 79, 90
ISL, 80, 81
ISL, 80, 91
ISL, 81, 82
ISL, 81, 91
ISL, 82, 83
ISL, 82, 93
ISL, 83, 72
ISL, 83, 94
ISL, 84, 85
ISL, 84, 2
ISL, 85, 86
ISL, 85, 3
ISL, 86, 87
ISL, 86, 4
ISL, 87, 88
ISL, 87, 5
ISL, 88, 89
ISL, 88, 6
ISL, 89, 90
ISL, 89, 7
ISL, 90, 91
ISL, 90, 8
ISL, 91, 92
ISL, 91, 9
ISL, 92, 93
ISL, 92, 10
ISL, 93, 94
ISL, 93, 11
ISL, 94, 95
ISL, 94, 0
ISL, 95, 84
ISL, 95, 1
