[METADATA]
Time: 2026-04-12 03:25:13
Step: 82
Total_Sats: 96

[NODES]
ID, Name, Lat(deg), Lon(deg), Alt(km)
0, W-00-00, 38.30201, -107.91724, 501.038
1, W-00-01, 16.44227, -84.42398, 494.564
2, W-00-02, -7.51444, -65.98679, 493.226
3, W-00-03, -30.59091, -45.37813, 498.369
4, W-00-04, -48.54317, -13.68920, 504.833
5, W-00-05, -52.17069, 33.67161, 506.164
6, W-00-06, -38.30201, 72.08276, 501.038
7, W-00-07, -16.44227, 95.57602, 494.564
8, W-00-08, 7.51444, 114.01321, 493.226
9, W-00-09, 30.59091, 134.62187, 498.369
10, W-00-10, 48.54317, 166.31080, 504.833
11, W-00-11, 52.17069, -146.32839, 506.164
12, W-01-00, 30.60311, -52.94737, 498.373
13, W-01-01, 7.52803, -32.33536, 493.227
14, W-01-02, -16.42896, -13.89888, 494.561
15, W-01-03, -38.29105, 9.58897, 501.034
16, W-01-04, -52.16711, 47.98966, 506.163
17, W-01-05, -48.55036, 95.35428, 504.835
18, W-01-06, -30.60311, 127.05263, 498.373
19, W-01-07, -7.52803, 147.66464, 493.227
20, W-01-08, 16.42896, 166.10112, 494.561
21, W-01-09, 38.29105, -170.41103, 501.034
22, W-01-10, 52.16711, -132.01034, 506.163
23, W-01-11, 48.55036, -84.64572, 504.835
24, W-02-00, 22.24674, 0.50639, 495.907
25, W-02-01, -1.49988, 19.46767, 492.878
26, W-02-02, -25.07449, 38.85540, 496.679
27, W-02-03, -44.94955, 66.72361, 503.494
28, W-02-04, -53.13095, 111.44365, 506.511
29, W-02-05, -42.88607, 154.27221, 502.725
30, W-02-06, -22.24674, -179.49361, 495.907
31, W-02-07, 1.49988, -160.53233, 492.878
32, W-02-08, 25.07449, -141.14460, 496.679
33, W-02-09, 44.94955, -113.27639, 503.494
34, W-02-10, 53.13095, -68.55635, 506.511
35, W-02-11, 42.88607, -25.72779, 502.725
36, W-03-00, 13.49240, 52.99282, 494.018
37, W-03-01, -10.50559, 71.32663, 493.569
38, W-03-02, -33.24650, 92.74511, 499.255
39, W-03-03, -50.01260, 126.58131, 505.376
40, W-03-04, -51.23373, 174.50955, 505.823
41, W-03-05, -35.82933, -149.38645, 500.153
42, W-03-06, -13.49240, -127.00718, 494.018
43, W-03-07, 10.50559, -108.67337, 493.569
44, W-03-08, 33.24650, -87.25489, 499.255
45, W-03-09, 50.01260, -53.41869, 505.376
46, W-03-10, 51.23373, -5.49045, 505.823
47, W-03-11, 35.82933, 30.61355, 500.153
48, W-04-00, 4.52448, 104.94682, 492.995
49, W-04-01, -19.34945, 123.59092, 495.194
50, W-04-02, -40.64995, 148.35990, 501.897
51, W-04-03, -52.80614, -170.96423, 506.394
52, W-04-04, -46.85494, -124.69140, 504.205
53, W-04-05, -27.87584, -94.99074, 497.509
54, W-04-06, -4.52448, -75.05318, 492.995
55, W-04-07, 19.34945, -56.40908, 495.194
56, W-04-08, 40.64995, -31.64010, 501.897
57, W-04-09, 52.80614, 9.03577, 506.394
58, W-04-10, 46.85494, 55.30860, 504.205
59, W-04-11, 27.87584, 85.00926, 497.509
60, W-05-00, -4.51085, 156.73114, 492.994
61, W-05-01, -27.86334, 176.66594, 497.505
62, W-05-02, -46.84678, -153.64207, 504.202
63, W-05-03, -52.80832, -107.37528, 506.394
64, W-05-04, -40.66035, -66.68932, 501.901
65, W-05-05, -19.36261, -41.91415, 495.197
66, W-05-06, 4.51085, -23.26886, 492.994
67, W-05-07, 27.86334, -3.33406, 497.505
68, W-05-08, 46.84678, 26.35793, 504.202
69, W-05-09, 52.80832, 72.62472, 506.394
70, W-05-10, 40.66035, 113.31068, 501.901
71, W-05-11, 19.36261, 138.08585, 495.197
72, W-06-00, -13.47898, -151.31537, 494.016
73, W-06-01, -35.81789, -128.94079, 500.149
74, W-06-02, -51.22883, -92.84718, 505.822
75, W-06-03, -50.01870, -44.91764, 505.378
76, W-06-04, -33.25835, -11.07143, 499.259
77, W-06-05, -10.51911, 10.35104, 493.570
78, W-06-06, 13.47898, 28.68463, 494.016
79, W-06-07, 35.81789, 51.05921, 500.149
80, W-06-08, 51.22883, 87.15282, 505.822
81, W-06-09, 50.01870, 135.08236, 505.378
82, W-06-10, 33.25835, 168.92857, 499.259
83, W-06-11, 10.51911, -169.64896, 493.570
84, W-07-00, -22.23376, -98.83005, 495.904
85, W-07-01, -42.87631, -72.60290, 502.721
86, W-07-02, -53.13021, -29.78358, 506.510
87, W-07-03, -44.95856, 14.94434, 503.498
88, W-07-04, -25.08725, 42.82042, 496.683
89, W-07-05, -1.51353, 62.21035, 492.878
90, W-07-06, 22.23376, 81.16995, 495.904
91, W-07-07, 42.87631, 107.39710, 502.721
92, W-07-08, 53.13021, 150.21642, 506.510
93, W-07-09, 44.95856, -165.05566, 503.498
94, W-07-10, 25.08725, -137.17958, 496.683
95, W-07-11, 1.51353, -117.78965, 492.878

[LINKS]
Type, SourceID, TargetID
ISL, 0, 1
ISL, 0, 23
ISL, 1, 2
ISL, 1, 12
ISL, 2, 3
ISL, 2, 13
ISL, 3, 4
ISL, 3, 14
ISL, 4, 5
ISL, 4, 15
ISL, 5, 6
ISL, 5, 15
ISL, 6, 7
ISL, 6, 17
ISL, 7, 8
ISL, 7, 18
ISL, 8, 9
ISL, 8, 19
ISL, 9, 10
ISL, 9, 20
ISL, 10, 11
ISL, 10, 21
ISL, 11, 0
ISL, 11, 21
ISL, 12, 13
ISL, 12, 35
ISL, 13, 14
ISL, 13, 24
ISL, 14, 15
ISL, 14, 25
ISL, 15, 16
ISL, 15, 26
ISL, 16, 17
ISL, 16, 27
ISL, 17, 18
ISL, 17, 28
ISL, 18, 19
ISL, 18, 29
ISL, 19, 20
ISL, 19, 30
ISL, 20, 21
ISL, 20, 31
ISL, 21, 22
ISL, 21, 32
ISL, 22, 23
ISL, 22, 33
ISL, 23, 12
ISL, 23, 34
ISL, 24, 25
ISL, 24, 47
ISL, 25, 26
ISL, 25, 36
ISL, 26, 27
ISL, 26, 37
ISL, 27, 28
ISL, 27, 38
ISL, 28, 29
ISL, 28, 39
ISL, 29, 30
ISL, 29, 40
ISL, 30, 31
ISL, 30, 41
ISL, 31, 32
ISL, 31, 42
ISL, 32, 33
ISL, 32, 43
ISL, 33, 34
ISL, 33, 44
ISL, 34, 35
ISL, 34, 45
ISL, 35, 24
ISL, 35, 46
ISL, 36, 37
ISL, 36, 59
ISL, 37, 38
ISL, 37, 48
ISL, 38, 39
ISL, 38, 49
ISL, 39, 40
ISL, 39, 50
ISL, 40, 41
ISL, 40, 50
ISL, 41, 42
ISL, 41, 52
ISL, 42, 43
ISL, 42, 53
ISL, 43, 44
ISL, 43, 54
ISL, 44, 45
ISL, 44, 55
ISL, 45, 46
ISL, 45, 56
ISL, 46, 47
ISL, 46, 56
ISL, 47, 36
ISL, 47, 58
ISL, 48, 49
ISL, 48, 71
ISL, 49, 50
ISL, 49, 60
ISL, 50, 51
ISL, 50, 61
ISL, 51, 52
ISL, 51, 62
ISL, 52, 53
ISL, 52, 63
ISL, 53, 54
ISL, 53, 64
ISL, 54, 55
ISL, 54, 65
ISL, 55, 56
ISL, 55, 66
ISL, 56, 57
ISL, 56, 67
ISL, 57, 58
ISL, 57, 68
ISL, 58, 59
ISL, 58, 69
ISL, 59, 48
ISL, 59, 70
ISL, 60, 61
ISL, 60, 83
ISL, 61, 62
ISL, 61, 72
ISL, 62, 63
ISL, 62, 73
ISL, 63, 64
ISL, 63, 73
ISL, 64, 65
ISL, 64, 75
ISL, 65, 66
ISL, 65, 76
ISL, 66, 67
ISL, 66, 77
ISL, 67, 68
ISL, 67, 78
ISL, 68, 69
ISL, 68, 79
ISL, 69, 70
ISL, 69, 79
ISL, 70, 71
ISL, 70, 81
ISL, 71, 60
ISL, 71, 82
ISL, 72, 73
ISL, 72, 95
ISL, 73, 74
ISL, 73, 84
ISL, 74, 75
ISL, 74, 85
ISL, 75, 76
ISL, 75, 85
ISL, 76, 77
ISL, 76, 87
ISL, 77, 78
ISL, 77, 88
ISL, 78, 79
ISL, 78, 89
ISL, 79, 80
ISL, 79, 90
ISL, 80, 81
ISL, 80, 91
ISL, 81, 82
ISL, 81, 91
ISL, 82, 83
ISL, 82, 93
ISL, 83, 72
ISL, 83, 94
ISL, 84, 85
ISL, 84, 2
ISL, 85, 86
ISL, 85, 3
ISL, 86, 87
ISL, 86, 4
ISL, 87, 88
ISL, 87, 5
ISL, 88, 89
ISL, 88, 6
ISL, 89, 90
ISL, 89, 7
ISL, 90, 91
ISL, 90, 8
ISL, 91, 92
ISL, 91, 9
ISL, 92, 93
ISL, 92, 10
ISL, 93, 94
ISL, 93, 11
ISL, 94, 95
ISL, 94, 0
ISL, 95, 84
ISL, 95, 1
