[METADATA]
Time: 2026-04-12 03:28:13
Step: 88
Total_Sats: 96

[NODES]
ID, Name, Lat(deg), Lon(deg), Alt(km)
0, W-00-00, 30.47209, -98.55200, 498.330
1, W-00-01, 7.38225, -77.97584, 493.213
2, W-00-02, -16.57168, -59.53171, 494.590
3, W-00-03, -38.40852, -35.98554, 501.077
4, W-00-04, -52.20525, 2.52725, 506.177
5, W-00-05, -48.47297, 49.85050, 504.807
6, W-00-06, -30.47209, 81.44800, 498.330
7, W-00-07, -7.38225, 102.02416, 493.213
8, W-00-08, 16.57168, 120.46829, 494.590
9, W-00-09, 38.40852, 144.01446, 501.077
10, W-00-10, 52.20525, -177.47275, 506.177
11, W-00-11, 48.47297, -130.14950, 504.807
12, W-01-00, 22.10747, -45.11794, 495.871
13, W-01-01, -1.64636, -26.17458, 492.881
14, W-01-02, -25.21135, -6.76307, 496.718
15, W-01-03, -45.04605, 21.18962, 503.530
16, W-01-04, -53.12270, 65.99392, 506.508
17, W-01-05, -42.78123, 108.72301, 502.686
18, W-01-06, -22.10747, 134.88206, 495.871
19, W-01-07, 1.64636, 153.82542, 492.881
20, W-01-08, 25.21135, 173.23693, 496.718
21, W-01-09, 45.04605, -158.81038, 503.530
22, W-01-10, 53.12270, -114.00608, 506.508
23, W-01-11, 42.78123, -71.27699, 502.686
24, W-02-00, 13.34834, 7.35665, 493.994
25, W-02-01, -10.65060, 25.68808, 493.588
26, W-02-02, -33.37357, 47.14957, 499.298
27, W-02-03, -50.07780, 81.09337, 505.400
28, W-02-04, -51.18090, 129.03493, 505.804
29, W-02-05, -35.70649, 165.02745, 500.109
30, W-02-06, -13.34834, -172.64335, 493.994
31, W-02-07, 10.65060, -154.31192, 493.588
32, W-02-08, 33.37357, -132.85043, 499.298
33, W-02-09, 50.07780, -98.90663, 505.400
34, W-02-10, 51.18090, -50.96507, 505.804
35, W-02-11, 35.70649, -14.97255, 500.109
36, W-03-00, 4.37823, 59.30514, 492.987
37, W-03-01, -19.49057, 77.96206, 495.227
38, W-03-02, -40.76141, 102.79777, 501.938
39, W-03-03, -52.82927, 143.58176, 506.402
40, W-03-04, -46.76718, -170.21076, 504.172
41, W-03-05, -27.74161, -140.60293, 497.468
42, W-03-06, -4.37823, -120.69486, 492.987
43, W-03-07, 19.49057, -102.03794, 495.227
44, W-03-08, 40.76141, -77.20223, 501.938
45, W-03-09, 52.82927, -36.41824, 506.402
46, W-03-10, 46.76718, 9.78924, 504.172
47, W-03-11, 27.74161, 39.39707, 497.468
48, W-04-00, -4.65708, 111.08950, 493.003
49, W-04-01, -27.99744, 131.05406, 497.546
50, W-04-02, -46.93411, 160.83926, 504.235
51, W-04-03, -52.78451, -152.82958, 506.386
52, W-04-04, -40.54860, -112.25203, 501.859
53, W-04-05, -19.22141, -87.54321, 495.164
54, W-04-06, 4.65708, -68.91050, 493.003
55, W-04-07, 27.99744, -48.94594, 497.546
56, W-04-08, 46.93411, -19.16074, 504.235
57, W-04-09, 52.78451, 27.17042, 506.386
58, W-04-10, 40.54860, 67.74797, 501.859
59, W-04-11, 19.22141, 92.45679, 495.164
60, W-05-00, -13.62299, 163.04859, 494.040
61, W-05-01, -35.94052, -174.52643, 500.192
62, W-05-02, -51.28107, -138.32123, 505.841
63, W-05-03, -49.95297, -90.40623, 505.354
64, W-05-04, -33.13111, -56.66738, 499.216
65, W-05-05, -10.37406, -35.28761, 493.551
66, W-05-06, 13.62299, -16.95141, 494.040
67, W-05-07, 35.94052, 5.47357, 500.192
68, W-05-08, 51.28107, 41.67877, 505.841
69, W-05-09, 49.95297, 89.59377, 505.354
70, W-05-10, 33.13111, 123.33262, 499.216
71, W-05-11, 10.37406, 144.71239, 493.551
72, W-06-00, -22.37294, -144.45415, 495.940
73, W-06-01, -42.98083, -118.15147, 502.760
74, W-06-02, -53.13776, -75.23322, 506.513
75, W-06-03, -44.86168, -30.59031, 503.461
76, W-06-04, -24.95029, -2.79832, 496.644
77, W-06-05, -1.36704, 16.56808, 492.875
78, W-06-06, 22.37294, 35.54585, 495.940
79, W-06-07, 42.98083, 61.84853, 502.760
80, W-06-08, 53.13776, 104.76678, 506.513
81, W-06-09, 44.86168, 149.40969, 503.461
82, W-06-10, 24.95029, 177.20168, 496.644
83, W-06-11, 1.36704, -163.43192, 492.875
84, W-07-00, -30.72177, -90.98240, 498.412
85, W-07-01, -48.62007, -59.19230, 504.861
86, W-07-02, -52.13191, -11.79125, 506.150
87, W-07-03, -38.18430, 26.50773, 500.996
88, W-07-04, -16.29948, 49.94304, 494.535
89, W-07-05, 7.66019, 68.37280, 493.240
90, W-07-06, 30.72177, 89.01760, 498.412
91, W-07-07, 48.62007, 120.80770, 504.861
92, W-07-08, 52.13191, 168.20875, 506.150
93, W-07-09, 38.18430, -153.49227, 500.996
94, W-07-10, 16.29948, -130.05696, 494.535
95, W-07-11, -7.66019, -111.62720, 493.240

[LINKS]
Type, SourceID, TargetID
ISL, 0, 1
ISL, 0, 23
ISL, 1, 2
ISL, 1, 12
ISL, 2, 3
ISL, 2, 13
ISL, 3, 4
ISL, 3, 14
ISL, 4, 5
ISL, 4, 15
ISL, 5, 6
ISL, 5, 15
ISL, 6, 7
ISL, 6, 17
ISL, 7, 8
ISL, 7, 18
ISL, 8, 9
ISL, 8, 19
ISL, 9, 10
ISL, 9, 20
ISL, 10, 11
ISL, 10, 21
ISL, 11, 0
ISL, 11, 21
ISL, 12, 13
ISL, 12, 35
ISL, 13, 14
ISL, 13, 24
ISL, 14, 15
ISL, 14, 25
ISL, 15, 16
ISL, 15, 26
ISL, 16, 17
ISL, 16, 27
ISL, 17, 18
ISL, 17, 28
ISL, 18, 19
ISL, 18, 29
ISL, 19, 20
ISL, 19, 30
ISL, 20, 21
ISL, 20, 31
ISL, 21, 22
ISL, 21, 32
ISL, 22, 23
ISL, 22, 33
ISL, 23, 12
ISL, 23, 34
ISL, 24, 25
ISL, 24, 47
ISL, 25, 26
ISL, 25, 36
ISL, 26, 27
ISL, 26, 37
ISL, 27, 28
ISL, 27, 38
ISL, 28, 29
ISL, 28, 39
ISL, 29, 30
ISL, 29, 40
ISL, 30, 31
ISL, 30, 41
ISL, 31, 32
ISL, 31, 42
ISL, 32, 33
ISL, 32, 43
ISL, 33, 34
ISL, 33, 44
ISL, 34, 35
ISL, 34, 45
ISL, 35, 24
ISL, 35, 46
ISL, 36, 37
ISL, 36, 59
ISL, 37, 38
ISL, 37, 48
ISL, 38, 39
ISL, 38, 49
ISL, 39, 40
ISL, 39, 50
ISL, 40, 41
ISL, 40, 50
ISL, 41, 42
ISL, 41, 52
ISL, 42, 43
ISL, 42, 53
ISL, 43, 44
ISL, 43, 54
ISL, 44, 45
ISL, 44, 55
ISL, 45, 46
ISL, 45, 56
ISL, 46, 47
ISL, 46, 56
ISL, 47, 36
ISL, 47, 58
ISL, 48, 49
ISL, 48, 71
ISL, 49, 50
ISL, 49, 60
ISL, 50, 51
ISL, 50, 61
ISL, 51, 52
ISL, 51, 62
ISL, 52, 53
ISL, 52, 63
ISL, 53, 54
ISL, 53, 64
ISL, 54, 55
ISL, 54, 65
ISL, 55, 56
ISL, 55, 66
ISL, 56, 57
ISL, 56, 67
ISL, 57, 58
ISL, 57, 68
ISL, 58, 59
ISL, 58, 69
ISL, 59, 48
ISL, 59, 70
ISL, 60, 61
ISL, 60, 83
ISL, 61, 62
ISL, 61, 72
ISL, 62, 63
ISL, 62, 73
ISL, 63, 64
ISL, 63, 73
ISL, 64, 65
ISL, 64, 75
ISL, 65, 66
ISL, 65, 76
ISL, 66, 67
ISL, 66, 77
ISL, 67, 68
ISL, 67, 78
ISL, 68, 69
ISL, 68, 79
ISL, 69, 70
ISL, 69, 79
ISL, 70, 71
ISL, 70, 81
ISL, 71, 60
ISL, 71, 82
ISL, 72, 73
ISL, 72, 95
ISL, 73, 74
ISL, 73, 84
ISL, 74, 75
ISL, 74, 85
ISL, 75, 76
ISL, 75, 85
ISL, 76, 77
ISL, 76, 87
ISL, 77, 78
ISL, 77, 88
ISL, 78, 79
ISL, 78, 89
ISL, 79, 80
ISL, 79, 90
ISL, 80, 81
ISL, 80, 91
ISL, 81, 82
ISL, 81, 91
ISL, 82, 83
ISL, 82, 93
ISL, 83, 72
ISL, 83, 94
ISL, 84, 85
ISL, 84, 2
ISL, 85, 86
ISL, 85, 3
ISL, 86, 87
ISL, 86, 4
ISL, 87, 88
ISL, 87, 5
ISL, 88, 89
ISL, 88, 6
ISL, 89, 90
ISL, 89, 7
ISL, 90, 91
ISL, 90, 8
ISL, 91, 92
ISL, 91, 9
ISL, 92, 93
ISL, 92, 10
ISL, 93, 94
ISL, 93, 11
ISL, 94, 95
ISL, 94, 0
ISL, 95, 84
ISL, 95, 1
