[METADATA]
Time: 2026-04-12 04:16:43
Step: 185
Total_Sats: 96

[NODES]
ID, Name, Lat(deg), Lon(deg), Alt(km)
0, W-00-00, -26.94915, 73.05474, 497.228
1, W-00-01, -3.51763, 92.79538, 492.943
2, W-00-02, 20.31888, 111.53283, 495.424
3, W-00-03, 41.41059, 136.76960, 502.178
4, W-00-04, 52.95021, 178.18266, 506.446
5, W-00-05, 46.24154, -136.01545, 503.976
6, W-00-06, 26.94915, -106.94526, 497.228
7, W-00-07, 3.51763, -87.20462, 492.943
8, W-00-08, -20.31888, -68.46717, 495.424
9, W-00-09, -41.41059, -43.23040, 502.178
10, W-00-10, -52.95021, -1.81734, 506.446
11, W-00-11, -46.24154, 43.98455, 503.976
12, W-01-00, -18.38918, 126.01791, 494.976
13, W-01-01, 5.51688, 144.58175, 493.059
14, W-01-02, 28.78327, 164.72747, 497.791
15, W-01-03, 47.43801, -164.93085, 504.422
16, W-01-04, 52.62941, -118.24333, 506.330
17, W-01-05, 39.88509, -78.30905, 501.616
18, W-01-06, 18.38918, -53.98209, 494.976
19, W-01-07, -5.51688, -35.41825, 493.059
20, W-01-08, -28.78327, -15.27253, 497.791
21, W-01-09, -47.43801, 15.06915, 504.422
22, W-01-10, -52.62941, 61.75667, 506.330
23, W-01-11, -39.88509, 101.69095, 501.616
24, W-02-00, -9.52004, 178.21920, 493.443
25, W-02-01, 14.46890, -163.42432, 494.188
26, W-02-02, 36.65706, -140.69529, 500.447
27, W-02-03, 51.57486, -103.83167, 505.948
28, W-02-04, 49.55433, -56.02928, 505.207
29, W-02-05, 32.37868, -22.91635, 498.961
30, W-02-06, 9.52004, -1.78080, 493.443
31, W-02-07, -14.46890, 16.57568, 494.188
32, W-02-08, -36.65706, 39.30471, 500.447
33, W-02-09, -51.57486, 76.16833, 505.948
34, W-02-10, -49.55433, 123.97072, 505.207
35, W-02-11, -32.37868, 157.08365, 498.961
36, W-03-00, -0.50531, -129.94455, 492.865
37, W-03-01, 23.18948, -110.85452, 496.157
38, W-03-02, 43.58813, -84.09879, 502.986
39, W-03-03, 53.16663, -40.61088, 506.523
40, W-03-04, 44.28356, 3.51563, 503.246
41, W-03-05, 24.14220, 30.82184, 496.417
42, W-03-06, 0.50531, 50.05545, 492.865
43, W-03-07, -23.18948, 69.14548, 496.157
44, W-03-08, -43.58813, 95.90121, 502.986
45, W-03-09, -53.16663, 139.38912, 506.523
46, W-03-10, -44.28356, -176.48437, 503.246
47, W-03-11, -24.14220, -149.17816, 496.417
48, W-04-00, 8.51689, -78.12713, 493.328
49, W-04-01, 31.48802, -57.26314, 498.664
50, W-04-02, 49.06140, -24.87090, 505.025
51, W-04-03, 51.88956, 22.74113, 506.062
52, W-04-04, 37.48657, 60.37946, 500.744
53, W-04-05, 15.45825, 83.48182, 494.371
54, W-04-06, -8.51689, 101.87287, 493.328
55, W-04-07, -31.48802, 122.73686, 498.664
56, W-04-08, -49.06140, 155.12910, 505.025
57, W-04-09, -51.88956, -157.25887, 506.062
58, W-04-10, -37.48657, -119.62054, 500.744
59, W-04-11, -15.45825, -96.51818, 494.371
60, W-05-00, 17.40972, -25.98500, 494.764
61, W-05-01, 39.09389, -2.08768, 501.326
62, W-05-02, 52.41514, 37.08242, 506.253
63, W-05-03, 48.00706, 84.13737, 504.634
64, W-05-04, 29.69806, 115.14915, 498.081
65, W-05-05, 6.52421, 135.52083, 493.137
66, W-05-06, -17.40972, 154.01500, 494.764
67, W-05-07, -39.09389, 177.91232, 501.326
68, W-05-08, -52.41514, -142.91758, 506.253
69, W-05-09, -48.00706, -95.86263, 504.634
70, W-05-10, -29.69806, -64.85085, 498.081
71, W-05-11, -6.52421, -44.47917, 493.137
72, W-06-00, 26.01382, 26.87062, 496.950
73, W-06-01, 45.60513, 55.32896, 503.739
74, W-06-02, 53.05875, 100.61120, 506.485
75, W-06-03, 42.15736, 142.74432, 502.454
76, W-06-04, 21.28621, 168.47017, 495.662
77, W-06-05, -2.50783, -172.68655, 492.904
78, W-06-06, -26.01382, -153.12938, 496.950
79, W-06-07, -45.60513, -124.67104, 503.739
80, W-06-08, -53.05875, -79.38880, 506.485
81, W-06-09, -42.15736, -37.25568, 502.454
82, W-06-10, -21.28621, -11.52983, 495.662
83, W-06-11, 2.50783, 7.31345, 492.904
84, W-07-00, 34.11689, 80.92127, 499.554
85, W-07-01, 50.44900, 115.50306, 505.536
86, W-07-02, 50.85698, 163.49560, 505.686
87, W-07-03, 34.97932, -161.16476, 499.854
88, W-07-04, 12.49989, -139.12259, 493.857
89, W-07-05, -11.50270, -120.80030, 493.707
90, W-07-06, -34.11689, -99.07873, 499.554
91, W-07-07, -50.44900, -64.49694, 505.536
92, W-07-08, -50.85698, -16.50440, 505.686
93, W-07-09, -34.97932, 18.83524, 499.854
94, W-07-10, -12.49989, 40.87741, 493.857
95, W-07-11, 11.50270, 59.19970, 493.707

[LINKS]
Type, SourceID, TargetID
ISL, 0, 1
ISL, 0, 23
ISL, 1, 2
ISL, 1, 12
ISL, 2, 3
ISL, 2, 13
ISL, 3, 4
ISL, 3, 14
ISL, 4, 5
ISL, 4, 15
ISL, 5, 6
ISL, 5, 15
ISL, 6, 7
ISL, 6, 17
ISL, 7, 8
ISL, 7, 18
ISL, 8, 9
ISL, 8, 19
ISL, 9, 10
ISL, 9, 20
ISL, 10, 11
ISL, 10, 21
ISL, 11, 0
ISL, 11, 21
ISL, 12, 13
ISL, 12, 35
ISL, 13, 14
ISL, 13, 24
ISL, 14, 15
ISL, 14, 25
ISL, 15, 16
ISL, 15, 26
ISL, 16, 17
ISL, 16, 27
ISL, 17, 18
ISL, 17, 28
ISL, 18, 19
ISL, 18, 29
ISL, 19, 20
ISL, 19, 30
ISL, 20, 21
ISL, 20, 31
ISL, 21, 22
ISL, 21, 32
ISL, 22, 23
ISL, 22, 33
ISL, 23, 12
ISL, 23, 34
ISL, 24, 25
ISL, 24, 47
ISL, 25, 26
ISL, 25, 36
ISL, 26, 27
ISL, 26, 37
ISL, 27, 28
ISL, 27, 38
ISL, 28, 29
ISL, 28, 39
ISL, 29, 30
ISL, 29, 40
ISL, 30, 31
ISL, 30, 41
ISL, 31, 32
ISL, 31, 42
ISL, 32, 33
ISL, 32, 43
ISL, 33, 34
ISL, 33, 44
ISL, 34, 35
ISL, 34, 45
ISL, 35, 24
ISL, 35, 46
ISL, 36, 37
ISL, 36, 59
ISL, 37, 38
ISL, 37, 48
ISL, 38, 39
ISL, 38, 49
ISL, 39, 40
ISL, 39, 50
ISL, 40, 41
ISL, 40, 50
ISL, 41, 42
ISL, 41, 52
ISL, 42, 43
ISL, 42, 53
ISL, 43, 44
ISL, 43, 54
ISL, 44, 45
ISL, 44, 55
ISL, 45, 46
ISL, 45, 56
ISL, 46, 47
ISL, 46, 56
ISL, 47, 36
ISL, 47, 58
ISL, 48, 49
ISL, 48, 71
ISL, 49, 50
ISL, 49, 60
ISL, 50, 51
ISL, 50, 61
ISL, 51, 52
ISL, 51, 62
ISL, 52, 53
ISL, 52, 63
ISL, 53, 54
ISL, 53, 64
ISL, 54, 55
ISL, 54, 65
ISL, 55, 56
ISL, 55, 66
ISL, 56, 57
ISL, 56, 67
ISL, 57, 58
ISL, 57, 68
ISL, 58, 59
ISL, 58, 69
ISL, 59, 48
ISL, 59, 70
ISL, 60, 61
ISL, 60, 83
ISL, 61, 62
ISL, 61, 72
ISL, 62, 63
ISL, 62, 73
ISL, 63, 64
ISL, 63, 73
ISL, 64, 65
ISL, 64, 75
ISL, 65, 66
ISL, 65, 76
ISL, 66, 67
ISL, 66, 77
ISL, 67, 68
ISL, 67, 78
ISL, 68, 69
ISL, 68, 79
ISL, 69, 70
ISL, 69, 79
ISL, 70, 71
ISL, 70, 81
ISL, 71, 60
ISL, 71, 82
ISL, 72, 73
ISL, 72, 95
ISL, 73, 74
ISL, 73, 84
ISL, 74, 75
ISL, 74, 85
ISL, 75, 76
ISL, 75, 85
ISL, 76, 77
ISL, 76, 87
ISL, 77, 78
ISL, 77, 88
ISL, 78, 79
ISL, 78, 89
ISL, 79, 80
ISL, 79, 90
ISL, 80, 81
ISL, 80, 91
ISL, 81, 82
ISL, 81, 91
ISL, 82, 83
ISL, 82, 93
ISL, 83, 72
ISL, 83, 94
ISL, 84, 85
ISL, 84, 2
ISL, 85, 86
ISL, 85, 3
ISL, 86, 87
ISL, 86, 4
ISL, 87, 88
ISL, 87, 5
ISL, 88, 89
ISL, 88, 6
ISL, 89, 90
ISL, 89, 7
ISL, 90, 91
ISL, 90, 8
ISL, 91, 92
ISL, 91, 9
ISL, 92, 93
ISL, 92, 10
ISL, 93, 94
ISL, 93, 11
ISL, 94, 95
ISL, 94, 0
ISL, 95, 84
ISL, 95, 1
