[METADATA]
Time: 2026-04-12 03:49:43
Step: 131
Total_Sats: 96

[NODES]
ID, Name, Lat(deg), Lon(deg), Alt(km)
0, W-00-00, -32.97674, -48.72664, 499.163
1, W-00-01, -49.87256, -15.11746, 505.324
2, W-00-02, -51.34344, 32.77814, 505.863
3, W-00-03, -36.08872, 69.11864, 500.244
4, W-00-04, -13.79731, 91.60515, 494.070
5, W-00-05, 10.19834, 109.94484, 493.528
6, W-00-06, 32.97674, 131.27336, 499.163
7, W-00-07, 49.87256, 164.88254, 505.324
8, W-00-08, 51.34344, -147.22186, 505.863
9, W-00-09, 36.08872, -110.88136, 500.244
10, W-00-10, 13.79731, -88.39485, 494.070
11, W-00-11, -10.19834, -70.05516, 493.528
12, W-01-00, -40.41286, 6.81798, 501.809
13, W-01-01, -52.75467, 47.26386, 506.375
14, W-01-02, -47.03922, 93.67152, 504.274
15, W-01-03, -28.15965, 123.57014, 497.597
16, W-01-04, -4.83416, 143.57115, 493.014
17, W-01-05, 19.05030, 162.18896, 495.125
18, W-01-06, 40.41286, -173.18202, 501.809
19, W-01-07, 52.75467, -132.73614, 506.375
20, W-01-08, 47.03922, -86.32848, 504.274
21, W-01-09, 28.15965, -56.42986, 497.597
22, W-01-10, 4.83416, -36.42885, 493.014
23, W-01-11, -19.05030, -17.81104, 495.125
24, W-02-00, -46.66028, 64.72439, 504.133
25, W-02-01, -52.85630, 110.85131, 506.412
26, W-02-02, -40.89597, 151.76581, 501.987
27, W-02-03, -19.66136, 176.68290, 495.267
28, W-02-04, 4.20109, -164.64433, 492.977
29, W-02-05, 27.57885, -144.77157, 497.418
30, W-02-06, 46.66028, -115.27561, 504.133
31, W-02-07, 52.85630, -69.14869, 506.412
32, W-02-08, 40.89597, -28.23419, 501.987
33, W-02-09, 19.66136, -3.31710, 495.267
34, W-02-10, -4.20109, 15.35567, 492.977
35, W-02-11, -27.57885, 35.22843, 497.418
36, W-03-00, -51.11604, 125.42436, 505.780
37, W-03-01, -50.15594, 173.38025, 505.428
38, W-03-02, -33.52718, -152.54529, 499.351
39, W-03-03, -10.82616, -131.03124, 493.612
40, W-03-04, 13.17381, -112.70239, 493.965
41, W-03-05, 35.55741, -90.43332, 500.057
42, W-03-06, 51.11604, -54.57564, 505.780
43, W-03-07, 50.15594, -6.61975, 505.428
44, W-03-08, 33.52718, 27.45471, 499.351
45, W-03-09, 10.82616, 48.96876, 493.612
46, W-03-10, -13.17381, 67.29761, 493.965
47, W-03-11, -35.55741, 89.56668, 500.057
48, W-04-00, -53.11170, -171.56545, 506.504
49, W-04-01, -45.16236, -126.66026, 503.574
50, W-04-02, -25.37692, -98.60469, 496.766
51, W-04-03, -1.82374, -79.16398, 492.884
52, W-04-04, 21.93867, -60.24198, 495.828
53, W-04-05, 42.65378, -34.17334, 502.639
54, W-04-06, 53.11170, 8.43455, 506.504
55, W-04-07, 45.16236, 53.33974, 503.574
56, W-04-08, 25.37692, 81.39531, 496.766
57, W-04-09, 1.82374, 100.83602, 492.884
58, W-04-10, -21.93867, 119.75802, 495.828
59, W-04-11, -42.65378, 145.82666, 502.639
60, W-05-00, -52.25048, -108.08424, 506.193
61, W-05-01, -38.55040, -69.43582, 501.128
62, W-05-02, -16.74442, -45.81849, 494.625
63, W-05-03, 7.20567, -27.36475, 493.197
64, W-05-04, 30.31320, -6.83160, 498.279
65, W-05-05, 48.37854, 24.64427, 504.772
66, W-05-06, 52.25048, 71.91576, 506.193
67, W-05-07, 38.55040, 110.56418, 501.128
68, W-05-08, 16.74442, 134.18151, 494.625
69, W-05-09, -7.20567, 152.63525, 493.197
70, W-05-10, -30.31320, 173.16840, 498.279
71, W-05-11, -48.37854, -155.35573, 504.772
72, W-06-00, -48.71248, -46.31578, 504.896
73, W-06-01, -30.88002, -14.40269, 498.463
74, W-06-02, -7.83666, 6.28632, 493.257
75, W-06-03, 16.12648, 24.70742, 494.501
76, W-06-04, 38.04140, 48.07306, 500.944
77, W-06-05, 52.08399, 86.23614, 506.133
78, W-06-06, 48.71248, 133.68422, 504.896
79, W-06-07, 30.88002, 165.59731, 498.463
80, W-06-08, 7.83666, -173.71368, 493.257
81, W-06-09, -16.12648, -155.29258, 494.501
82, W-06-10, -38.04140, -131.92694, 500.944
83, W-06-11, -52.08399, -93.76386, 506.133
84, W-07-00, -43.10691, 12.69856, 502.807
85, W-07-01, -22.54135, 39.09328, 495.984
86, W-07-02, 1.18964, 58.09340, 492.872
87, W-07-03, 24.78425, 77.43168, 496.597
88, W-07-04, 44.74381, 105.12242, 503.417
89, W-07-05, 53.14587, 149.66127, 506.516
90, W-07-06, 43.10691, -167.30144, 502.807
91, W-07-07, 22.54135, -140.90672, 495.984
92, W-07-08, -1.18964, -121.90660, 492.872
93, W-07-09, -24.78425, -102.56832, 496.597
94, W-07-10, -44.74381, -74.87758, 503.417
95, W-07-11, -53.14587, -30.33873, 506.516

[LINKS]
Type, SourceID, TargetID
ISL, 0, 1
ISL, 0, 23
ISL, 1, 2
ISL, 1, 12
ISL, 2, 3
ISL, 2, 13
ISL, 3, 4
ISL, 3, 14
ISL, 4, 5
ISL, 4, 15
ISL, 5, 6
ISL, 5, 15
ISL, 6, 7
ISL, 6, 17
ISL, 7, 8
ISL, 7, 18
ISL, 8, 9
ISL, 8, 19
ISL, 9, 10
ISL, 9, 20
ISL, 10, 11
ISL, 10, 21
ISL, 11, 0
ISL, 11, 21
ISL, 12, 13
ISL, 12, 35
ISL, 13, 14
ISL, 13, 24
ISL, 14, 15
ISL, 14, 25
ISL, 15, 16
ISL, 15, 26
ISL, 16, 17
ISL, 16, 27
ISL, 17, 18
ISL, 17, 28
ISL, 18, 19
ISL, 18, 29
ISL, 19, 20
ISL, 19, 30
ISL, 20, 21
ISL, 20, 31
ISL, 21, 22
ISL, 21, 32
ISL, 22, 23
ISL, 22, 33
ISL, 23, 12
ISL, 23, 34
ISL, 24, 25
ISL, 24, 47
ISL, 25, 26
ISL, 25, 36
ISL, 26, 27
ISL, 26, 37
ISL, 27, 28
ISL, 27, 38
ISL, 28, 29
ISL, 28, 39
ISL, 29, 30
ISL, 29, 40
ISL, 30, 31
ISL, 30, 41
ISL, 31, 32
ISL, 31, 42
ISL, 32, 33
ISL, 32, 43
ISL, 33, 34
ISL, 33, 44
ISL, 34, 35
ISL, 34, 45
ISL, 35, 24
ISL, 35, 46
ISL, 36, 37
ISL, 36, 59
ISL, 37, 38
ISL, 37, 48
ISL, 38, 39
ISL, 38, 49
ISL, 39, 40
ISL, 39, 50
ISL, 40, 41
ISL, 40, 50
ISL, 41, 42
ISL, 41, 52
ISL, 42, 43
ISL, 42, 53
ISL, 43, 44
ISL, 43, 54
ISL, 44, 45
ISL, 44, 55
ISL, 45, 46
ISL, 45, 56
ISL, 46, 47
ISL, 46, 56
ISL, 47, 36
ISL, 47, 58
ISL, 48, 49
ISL, 48, 71
ISL, 49, 50
ISL, 49, 60
ISL, 50, 51
ISL, 50, 61
ISL, 51, 52
ISL, 51, 62
ISL, 52, 53
ISL, 52, 63
ISL, 53, 54
ISL, 53, 64
ISL, 54, 55
ISL, 54, 65
ISL, 55, 56
ISL, 55, 66
ISL, 56, 57
ISL, 56, 67
ISL, 57, 58
ISL, 57, 68
ISL, 58, 59
ISL, 58, 69
ISL, 59, 48
ISL, 59, 70
ISL, 60, 61
ISL, 60, 83
ISL, 61, 62
ISL, 61, 72
ISL, 62, 63
ISL, 62, 73
ISL, 63, 64
ISL, 63, 73
ISL, 64, 65
ISL, 64, 75
ISL, 65, 66
ISL, 65, 76
ISL, 66, 67
ISL, 66, 77
ISL, 67, 68
ISL, 67, 78
ISL, 68, 69
ISL, 68, 79
ISL, 69, 70
ISL, 69, 79
ISL, 70, 71
ISL, 70, 81
ISL, 71, 60
ISL, 71, 82
ISL, 72, 73
ISL, 72, 95
ISL, 73, 74
ISL, 73, 84
ISL, 74, 75
ISL, 74, 85
ISL, 75, 76
ISL, 75, 85
ISL, 76, 77
ISL, 76, 87
ISL, 77, 78
ISL, 77, 88
ISL, 78, 79
ISL, 78, 89
ISL, 79, 80
ISL, 79, 90
ISL, 80, 81
ISL, 80, 91
ISL, 81, 82
ISL, 81, 91
ISL, 82, 83
ISL, 82, 93
ISL, 83, 72
ISL, 83, 94
ISL, 84, 85
ISL, 84, 2
ISL, 85, 86
ISL, 85, 3
ISL, 86, 87
ISL, 86, 4
ISL, 87, 88
ISL, 87, 5
ISL, 88, 89
ISL, 88, 6
ISL, 89, 90
ISL, 89, 7
ISL, 90, 91
ISL, 90, 8
ISL, 91, 92
ISL, 91, 9
ISL, 92, 93
ISL, 92, 10
ISL, 93, 94
ISL, 93, 11
ISL, 94, 95
ISL, 94, 0
ISL, 95, 84
ISL, 95, 1
