[METADATA]
Time: 2026-04-12 02:58:13
Step: 28
Total_Sats: 96

[NODES]
ID, Name, Lat(deg), Lon(deg), Alt(km)
0, W-00-00, 20.97664, 131.79793, 495.585
1, W-00-01, 41.91974, 157.36479, 502.366
2, W-00-02, 53.02789, -160.73059, 506.474
3, W-00-03, 45.81142, -115.27681, 503.816
4, W-00-04, 26.31432, -86.62457, 497.039
5, W-00-05, 2.83156, -67.01009, 492.915
6, W-00-06, -20.97664, -48.20207, 495.585
7, W-00-07, -41.91974, -22.63521, 502.366
8, W-00-08, -53.02789, 19.26941, 506.474
9, W-00-09, -45.81142, 64.72319, 503.816
10, W-00-10, -26.31432, 93.37543, 497.039
11, W-00-11, -2.83156, 112.98991, 492.915
12, W-01-00, 29.40565, -174.92228, 497.987
13, W-01-01, 47.82728, -144.12731, 504.567
14, W-01-02, 52.48760, -97.18404, 506.279
15, W-01-03, 39.34900, -57.76805, 501.419
16, W-01-04, 17.72408, -33.73513, 494.831
17, W-01-05, -6.20145, -15.21993, 493.111
18, W-01-06, -29.40565, 5.07772, 497.987
19, W-01-07, -47.82728, 35.87269, 504.567
20, W-01-08, -52.48760, 82.81596, 506.279
21, W-01-09, -39.34900, 122.23195, 501.419
22, W-01-10, -17.72408, 146.26487, 494.831
23, W-01-11, 6.20145, 164.78007, 493.111
24, W-02-00, 37.22198, -120.21517, 500.649
25, W-02-01, 51.79224, -82.82530, 506.027
26, W-02-02, 49.22234, -35.14547, 505.084
27, W-02-03, 31.77446, -2.52387, 498.759
28, W-02-04, 8.83862, 18.42543, 493.364
29, W-02-05, -15.14145, 36.80414, 494.311
30, W-02-06, -37.22198, 59.78483, 500.649
31, W-02-07, -51.79224, 97.17470, 506.027
32, W-02-08, -49.22234, 144.85453, 505.084
33, W-02-09, -31.77446, 177.47613, 498.759
34, W-02-10, -8.83862, -161.57457, 493.364
35, W-02-11, 15.14145, -143.19586, 494.311
36, W-03-00, 44.06266, -63.43790, 503.163
37, W-03-01, 53.17061, -19.51238, 506.525
38, W-03-02, 43.81304, 24.18387, 503.070
39, W-03-03, 23.49544, 51.11379, 496.239
40, W-03-04, -0.18137, 70.24843, 492.863
41, W-03-05, -23.83740, 89.43460, 496.333
42, W-03-06, -44.06266, 116.56210, 503.163
43, W-03-07, -53.17061, 160.48762, 506.525
44, W-03-08, -43.81304, -155.81613, 503.070
45, W-03-09, -23.49544, -128.88621, 496.239
46, W-03-10, 0.18137, -109.75157, 492.863
47, W-03-11, 23.83740, -90.56540, 496.333
48, W-04-00, 49.39927, -3.99475, 505.150
49, W-04-01, 51.67927, 43.75342, 505.986
50, W-04-02, 36.92424, 80.86518, 500.542
51, W-04-03, 14.78635, 103.71188, 494.246
52, W-04-04, -9.19868, 122.07818, 493.405
53, W-04-05, -32.09415, 143.12495, 498.866
54, W-04-06, -49.39927, 176.00525, 505.150
55, W-04-07, -51.67927, -136.24658, 505.986
56, W-04-08, -36.92424, -99.13482, 500.542
57, W-04-09, -14.78635, -76.28812, 494.246
58, W-04-10, 9.19868, -57.92182, 493.405
59, W-04-11, 32.09415, -36.87505, 498.866
60, W-05-00, 52.56451, 58.13743, 506.307
61, W-05-01, 47.62302, 104.94877, 504.491
62, W-05-02, 29.07730, 135.50322, 497.883
63, W-05-03, 5.83989, 155.71977, 493.083
64, W-05-04, -18.07563, 174.25998, 494.907
65, W-05-05, -39.63299, -161.55290, 501.523
66, W-05-06, -52.56451, -121.86257, 506.307
67, W-05-07, -47.62302, -75.05123, 504.491
68, W-05-08, -29.07730, -44.49678, 497.883
69, W-05-09, -5.83989, -24.28023, 493.083
70, W-05-10, 18.07563, -5.74002, 494.907
71, W-05-11, 39.63299, 18.44710, 501.523
72, W-06-00, 52.98893, 121.70021, 506.459
73, W-06-01, 41.65170, 163.34633, 502.267
74, W-06-02, 20.62943, -171.26234, 495.499
75, W-06-03, -3.19401, -152.49231, 492.929
76, W-06-04, -26.65004, -132.81199, 497.138
77, W-06-05, -46.03986, -103.94013, 503.901
78, W-06-06, -52.98893, -58.29979, 506.459
79, W-06-07, -41.65170, -16.65367, 502.267
80, W-06-08, -20.62943, 8.73766, 495.499
81, W-06-09, 3.19401, 27.50769, 492.929
82, W-06-10, 26.65004, 47.18801, 497.138
83, W-06-11, 46.03986, 76.05987, 503.901
84, W-07-00, 50.58303, -175.55217, 505.585
85, W-07-01, 34.39444, -140.72850, 499.650
86, W-07-02, 11.82259, -118.90602, 493.754
87, W-07-03, -12.18051, -100.58499, 493.808
88, W-07-04, -34.70399, -78.64745, 499.758
89, W-07-05, -50.72947, -43.55174, 505.639
90, W-07-06, -50.58303, 4.44783, 505.585
91, W-07-07, -34.39444, 39.27150, 499.650
92, W-07-08, -11.82259, 61.09398, 493.754
93, W-07-09, 12.18051, 79.41501, 493.808
94, W-07-10, 34.70399, 101.35255, 499.758
95, W-07-11, 50.72947, 136.44826, 505.639

[LINKS]
Type, SourceID, TargetID
ISL, 0, 1
ISL, 0, 23
ISL, 1, 2
ISL, 1, 12
ISL, 2, 3
ISL, 2, 13
ISL, 3, 4
ISL, 3, 14
ISL, 4, 5
ISL, 4, 15
ISL, 5, 6
ISL, 5, 15
ISL, 6, 7
ISL, 6, 17
ISL, 7, 8
ISL, 7, 18
ISL, 8, 9
ISL, 8, 19
ISL, 9, 10
ISL, 9, 20
ISL, 10, 11
ISL, 10, 21
ISL, 11, 0
ISL, 11, 21
ISL, 12, 13
ISL, 12, 35
ISL, 13, 14
ISL, 13, 24
ISL, 14, 15
ISL, 14, 25
ISL, 15, 16
ISL, 15, 26
ISL, 16, 17
ISL, 16, 27
ISL, 17, 18
ISL, 17, 28
ISL, 18, 19
ISL, 18, 29
ISL, 19, 20
ISL, 19, 30
ISL, 20, 21
ISL, 20, 31
ISL, 21, 22
ISL, 21, 32
ISL, 22, 23
ISL, 22, 33
ISL, 23, 12
ISL, 23, 34
ISL, 24, 25
ISL, 24, 47
ISL, 25, 26
ISL, 25, 36
ISL, 26, 27
ISL, 26, 37
ISL, 27, 28
ISL, 27, 38
ISL, 28, 29
ISL, 28, 39
ISL, 29, 30
ISL, 29, 40
ISL, 30, 31
ISL, 30, 41
ISL, 31, 32
ISL, 31, 42
ISL, 32, 33
ISL, 32, 43
ISL, 33, 34
ISL, 33, 44
ISL, 34, 35
ISL, 34, 45
ISL, 35, 24
ISL, 35, 46
ISL, 36, 37
ISL, 36, 59
ISL, 37, 38
ISL, 37, 48
ISL, 38, 39
ISL, 38, 49
ISL, 39, 40
ISL, 39, 50
ISL, 40, 41
ISL, 40, 50
ISL, 41, 42
ISL, 41, 52
ISL, 42, 43
ISL, 42, 53
ISL, 43, 44
ISL, 43, 54
ISL, 44, 45
ISL, 44, 55
ISL, 45, 46
ISL, 45, 56
ISL, 46, 47
ISL, 46, 56
ISL, 47, 36
ISL, 47, 58
ISL, 48, 49
ISL, 48, 71
ISL, 49, 50
ISL, 49, 60
ISL, 50, 51
ISL, 50, 61
ISL, 51, 52
ISL, 51, 62
ISL, 52, 53
ISL, 52, 63
ISL, 53, 54
ISL, 53, 64
ISL, 54, 55
ISL, 54, 65
ISL, 55, 56
ISL, 55, 66
ISL, 56, 57
ISL, 56, 67
ISL, 57, 58
ISL, 57, 68
ISL, 58, 59
ISL, 58, 69
ISL, 59, 48
ISL, 59, 70
ISL, 60, 61
ISL, 60, 83
ISL, 61, 62
ISL, 61, 72
ISL, 62, 63
ISL, 62, 73
ISL, 63, 64
ISL, 63, 73
ISL, 64, 65
ISL, 64, 75
ISL, 65, 66
ISL, 65, 76
ISL, 66, 67
ISL, 66, 77
ISL, 67, 68
ISL, 67, 78
ISL, 68, 69
ISL, 68, 79
ISL, 69, 70
ISL, 69, 79
ISL, 70, 71
ISL, 70, 81
ISL, 71, 60
ISL, 71, 82
ISL, 72, 73
ISL, 72, 95
ISL, 73, 74
ISL, 73, 84
ISL, 74, 75
ISL, 74, 85
ISL, 75, 76
ISL, 75, 85
ISL, 76, 77
ISL, 76, 87
ISL, 77, 78
ISL, 77, 88
ISL, 78, 79
ISL, 78, 89
ISL, 79, 80
ISL, 79, 90
ISL, 80, 81
ISL, 80, 91
ISL, 81, 82
ISL, 81, 91
ISL, 82, 83
ISL, 82, 93
ISL, 83, 72
ISL, 83, 94
ISL, 84, 85
ISL, 84, 2
ISL, 85, 86
ISL, 85, 3
ISL, 86, 87
ISL, 86, 4
ISL, 87, 88
ISL, 87, 5
ISL, 88, 89
ISL, 88, 6
ISL, 89, 90
ISL, 89, 7
ISL, 90, 91
ISL, 90, 8
ISL, 91, 92
ISL, 91, 9
ISL, 92, 93
ISL, 92, 10
ISL, 93, 94
ISL, 93, 11
ISL, 94, 95
ISL, 94, 0
ISL, 95, 84
ISL, 95, 1
