[METADATA]
Time: 2026-04-12 02:45:13
Step: 2
Total_Sats: 96

[NODES]
ID, Name, Lat(deg), Lon(deg), Alt(km)
0, W-00-00, -18.33907, 103.99855, 494.965
1, W-00-01, 5.56854, 122.55853, 493.063
2, W-00-02, 28.83034, 142.71548, 497.806
3, W-00-03, 47.46775, 173.09105, 504.433
4, W-00-04, 52.61927, -140.20126, 506.326
5, W-00-05, 39.84487, -100.30591, 501.601
6, W-00-06, 18.33907, -76.00145, 494.965
7, W-00-07, -5.56854, -57.44147, 493.063
8, W-00-08, -28.83034, -37.28452, 497.806
9, W-00-09, -47.46775, -6.90895, 504.433
10, W-00-10, -52.61927, 39.79874, 506.326
11, W-00-11, -39.84487, 79.69409, 501.601
12, W-01-00, -9.46866, 156.19669, 493.437
13, W-01-01, 14.51968, 174.55466, 494.197
14, W-01-02, 36.69987, -162.69762, 500.462
15, W-01-03, 51.59178, -125.79434, 505.954
16, W-01-04, 49.52972, -78.00019, 505.198
17, W-01-05, 32.33324, -44.92455, 498.946
18, W-01-06, 9.46866, -23.80331, 493.437
19, W-01-07, -14.51968, -5.44534, 494.197
20, W-01-08, -36.69987, 17.30238, 500.462
21, W-01-09, -51.59178, 54.20566, 505.954
22, W-01-10, -49.52972, 101.99981, 505.198
23, W-01-11, -32.33324, 135.07545, 498.946
24, W-02-00, -0.45351, -151.96813, 492.864
25, W-02-01, 23.23844, -132.87106, 496.170
26, W-02-02, 43.62422, -106.08761, 503.000
27, W-02-03, 53.16752, -62.56616, 506.524
28, W-02-04, 44.24837, -18.47155, 503.233
29, W-02-05, 24.09350, 8.80594, 496.403
30, W-02-06, 0.45351, 28.03187, 492.864
31, W-02-07, -23.23844, 47.12894, 496.170
32, W-02-08, -43.62422, 73.91239, 503.000
33, W-02-09, -53.16752, 117.43384, 506.524
34, W-02-10, -44.24837, 161.52845, 503.233
35, W-02-11, -24.09350, -171.19406, 496.403
36, W-03-00, 8.56835, -100.14984, 493.334
37, W-03-01, 31.53388, -79.27232, 498.679
38, W-03-02, 49.08732, -46.84351, 505.034
39, W-03-03, 51.87422, 0.77978, 506.057
40, W-03-04, 37.44435, 38.37838, 500.729
41, W-03-05, 15.40762, 61.46116, 494.361
42, W-03-06, -8.56835, 79.85016, 493.334
43, W-03-07, -31.53388, 100.72768, 498.679
44, W-03-08, -49.08732, 133.15649, 505.034
45, W-03-09, -51.87422, -179.22022, 506.057
46, W-03-10, -37.44435, -141.62162, 500.729
47, W-03-11, -15.40762, -118.53884, 494.361
48, W-04-00, 17.46001, -48.00480, 494.774
49, W-04-01, 39.13477, -24.08593, 501.341
50, W-04-02, 52.42696, 15.12354, 506.257
51, W-04-03, 47.97848, 62.16103, 504.623
52, W-04-04, 29.65135, 93.13800, 498.066
53, W-04-05, 6.47261, 113.49775, 493.133
54, W-04-06, -17.46001, 131.99520, 494.774
55, W-04-07, -39.13477, 155.91407, 501.341
56, W-04-08, -52.42696, -164.87646, 506.257
57, W-04-09, -47.97848, -117.83897, 504.623
58, W-04-10, -29.65135, -86.86200, 498.066
59, W-04-11, -6.47261, -66.50225, 493.133
60, W-05-00, 26.06192, 4.85619, 496.964
61, W-05-01, 45.63826, 33.34539, 503.751
62, W-05-02, 53.05406, 78.65537, 506.483
63, W-05-03, 42.11948, 120.75211, 502.440
64, W-05-04, 21.23674, 146.45239, 495.650
65, W-05-05, -2.55960, 165.28995, 492.905
66, W-05-06, -26.06192, -175.14381, 496.964
67, W-05-07, -45.63826, -146.65461, 503.751
68, W-05-08, -53.05406, -101.34463, 506.483
69, W-05-09, -42.11948, -59.24789, 502.440
70, W-05-10, -21.23674, -33.54761, 495.650
71, W-05-11, 2.55960, -14.71005, 492.905
72, W-06-00, 34.16134, 58.91530, 499.569
73, W-06-01, 50.47064, 93.53570, 505.544
74, W-06-02, 50.83680, 141.52981, 505.678
75, W-06-03, 34.93536, 176.83038, 499.838
76, W-06-04, 12.44884, -161.14429, 493.849
77, W-06-05, -11.55386, -142.82228, 493.714
78, W-06-06, -34.16134, -121.08470, 499.569
79, W-06-07, -50.47064, -86.46430, 505.544
80, W-06-08, -50.83680, -38.47019, 505.678
81, W-06-09, -34.93536, -3.16962, 499.838
82, W-06-10, -12.44884, 18.85571, 493.849
83, W-06-11, 11.55386, 37.17772, 493.714
84, W-07-00, 41.44925, 114.77587, 502.192
85, W-07-01, 52.95665, 156.22633, 506.448
86, W-07-02, 46.20944, -157.99730, 503.964
87, W-07-03, 26.90137, -128.95895, 497.213
88, W-07-04, 3.46588, -109.22806, 492.941
89, W-07-05, -20.36857, -90.48548, 495.436
90, W-07-06, -41.44925, -65.22413, 502.192
91, W-07-07, -52.95665, -23.77367, 506.448
92, W-07-08, -46.20944, 22.00270, 503.964
93, W-07-09, -26.90137, 51.04105, 497.213
94, W-07-10, -3.46588, 70.77194, 492.941
95, W-07-11, 20.36857, 89.51452, 495.436

[LINKS]
Type, SourceID, TargetID
ISL, 0, 1
ISL, 0, 23
ISL, 1, 2
ISL, 1, 12
ISL, 2, 3
ISL, 2, 13
ISL, 3, 4
ISL, 3, 14
ISL, 4, 5
ISL, 4, 15
ISL, 5, 6
ISL, 5, 15
ISL, 6, 7
ISL, 6, 17
ISL, 7, 8
ISL, 7, 18
ISL, 8, 9
ISL, 8, 19
ISL, 9, 10
ISL, 9, 20
ISL, 10, 11
ISL, 10, 21
ISL, 11, 0
ISL, 11, 21
ISL, 12, 13
ISL, 12, 35
ISL, 13, 14
ISL, 13, 24
ISL, 14, 15
ISL, 14, 25
ISL, 15, 16
ISL, 15, 26
ISL, 16, 17
ISL, 16, 27
ISL, 17, 18
ISL, 17, 28
ISL, 18, 19
ISL, 18, 29
ISL, 19, 20
ISL, 19, 30
ISL, 20, 21
ISL, 20, 31
ISL, 21, 22
ISL, 21, 32
ISL, 22, 23
ISL, 22, 33
ISL, 23, 12
ISL, 23, 34
ISL, 24, 25
ISL, 24, 47
ISL, 25, 26
ISL, 25, 36
ISL, 26, 27
ISL, 26, 37
ISL, 27, 28
ISL, 27, 38
ISL, 28, 29
ISL, 28, 39
ISL, 29, 30
ISL, 29, 40
ISL, 30, 31
ISL, 30, 41
ISL, 31, 32
ISL, 31, 42
ISL, 32, 33
ISL, 32, 43
ISL, 33, 34
ISL, 33, 44
ISL, 34, 35
ISL, 34, 45
ISL, 35, 24
ISL, 35, 46
ISL, 36, 37
ISL, 36, 59
ISL, 37, 38
ISL, 37, 48
ISL, 38, 39
ISL, 38, 49
ISL, 39, 40
ISL, 39, 50
ISL, 40, 41
ISL, 40, 50
ISL, 41, 42
ISL, 41, 52
ISL, 42, 43
ISL, 42, 53
ISL, 43, 44
ISL, 43, 54
ISL, 44, 45
ISL, 44, 55
ISL, 45, 46
ISL, 45, 56
ISL, 46, 47
ISL, 46, 56
ISL, 47, 36
ISL, 47, 58
ISL, 48, 49
ISL, 48, 71
ISL, 49, 50
ISL, 49, 60
ISL, 50, 51
ISL, 50, 61
ISL, 51, 52
ISL, 51, 62
ISL, 52, 53
ISL, 52, 63
ISL, 53, 54
ISL, 53, 64
ISL, 54, 55
ISL, 54, 65
ISL, 55, 56
ISL, 55, 66
ISL, 56, 57
ISL, 56, 67
ISL, 57, 58
ISL, 57, 68
ISL, 58, 59
ISL, 58, 69
ISL, 59, 48
ISL, 59, 70
ISL, 60, 61
ISL, 60, 83
ISL, 61, 62
ISL, 61, 72
ISL, 62, 63
ISL, 62, 73
ISL, 63, 64
ISL, 63, 73
ISL, 64, 65
ISL, 64, 75
ISL, 65, 66
ISL, 65, 76
ISL, 66, 67
ISL, 66, 77
ISL, 67, 68
ISL, 67, 78
ISL, 68, 69
ISL, 68, 79
ISL, 69, 70
ISL, 69, 79
ISL, 70, 71
ISL, 70, 81
ISL, 71, 60
ISL, 71, 82
ISL, 72, 73
ISL, 72, 95
ISL, 73, 74
ISL, 73, 84
ISL, 74, 75
ISL, 74, 85
ISL, 75, 76
ISL, 75, 85
ISL, 76, 77
ISL, 76, 87
ISL, 77, 78
ISL, 77, 88
ISL, 78, 79
ISL, 78, 89
ISL, 79, 80
ISL, 79, 90
ISL, 80, 81
ISL, 80, 91
ISL, 81, 82
ISL, 81, 91
ISL, 82, 83
ISL, 82, 93
ISL, 83, 72
ISL, 83, 94
ISL, 84, 85
ISL, 84, 2
ISL, 85, 86
ISL, 85, 3
ISL, 86, 87
ISL, 86, 4
ISL, 87, 88
ISL, 87, 5
ISL, 88, 89
ISL, 88, 6
ISL, 89, 90
ISL, 89, 7
ISL, 90, 91
ISL, 90, 8
ISL, 91, 92
ISL, 91, 9
ISL, 92, 93
ISL, 92, 10
ISL, 93, 94
ISL, 93, 11
ISL, 94, 95
ISL, 94, 0
ISL, 95, 84
ISL, 95, 1
