[METADATA]
Time: 2026-04-12 03:45:43
Step: 123
Total_Sats: 96

[NODES]
ID, Name, Lat(deg), Lon(deg), Alt(km)
0, W-00-00, -21.75265, -59.40875, 495.780
1, W-00-01, -42.51286, -33.43892, 502.586
2, W-00-02, -53.09828, 9.03461, 506.499
3, W-00-03, -45.28970, 54.04941, 503.621
4, W-00-04, -25.55900, 82.21898, 496.818
5, W-00-05, -2.01903, 101.69230, 492.889
6, W-00-06, 21.75265, 120.59125, 495.780
7, W-00-07, 42.51286, 146.56108, 502.586
8, W-00-08, 53.09828, -170.96539, 506.499
9, W-00-09, 45.28970, -125.95059, 503.621
10, W-00-10, 25.55900, -97.78102, 496.818
11, W-00-11, 2.01903, -78.30770, 492.889
12, W-01-00, -30.13798, -6.02419, 498.222
13, W-01-01, -48.27367, 25.31837, 504.733
14, W-01-02, -52.29908, 72.53077, 506.211
15, W-01-03, -38.70616, 111.32836, 501.185
16, W-01-04, -16.93449, 135.02472, 494.664
17, W-01-05, 7.01121, 153.48944, 493.179
18, W-01-06, 30.13798, 173.97581, 498.222
19, W-01-07, 48.27367, -154.68163, 504.733
20, W-01-08, 52.29908, -107.46923, 506.211
21, W-01-09, 38.70616, -68.67164, 501.185
22, W-01-10, 16.93449, -44.97528, 494.664
23, W-01-11, -7.01121, -26.51056, 493.179
24, W-02-00, -37.88361, 48.84155, 500.887
25, W-02-01, -52.03005, 86.85491, 506.113
26, W-02-02, -48.81330, 134.35263, 504.933
27, W-02-03, -31.05396, 166.40173, 498.520
28, W-02-04, -8.03090, -172.86004, 493.277
29, W-02-05, 15.93589, -154.44807, 494.463
30, W-02-06, 37.88361, -131.15845, 500.887
31, W-02-07, 52.03005, -93.14509, 506.113
32, W-02-08, 48.81330, -45.64737, 504.933
33, W-02-09, 31.05396, -13.59827, 498.520
34, W-02-10, 8.03090, 7.13996, 493.277
35, W-02-11, -15.93589, 25.55193, 494.463
36, W-03-00, -44.61333, 105.83759, 503.369
37, W-03-01, -53.15350, 150.26049, 506.519
38, W-03-02, -43.24510, -166.57220, 502.859
39, W-03-03, -22.72659, -140.07539, 496.033
40, W-03-04, 0.99431, -121.05020, 492.869
41, W-03-05, 24.60124, -101.74242, 496.545
42, W-03-06, 44.61333, -74.16241, 503.369
43, W-03-07, 53.15350, -29.73951, 506.519
44, W-03-08, 43.24510, 13.42780, 502.859
45, W-03-09, 22.72659, 39.92461, 496.033
46, W-03-10, -0.99431, 58.94980, 492.869
47, W-03-11, -24.60124, 78.25758, 496.545
48, W-04-00, -49.78303, 165.53627, 505.291
49, W-04-01, -51.41098, -146.59176, 505.888
50, W-04-02, -36.25148, -110.10214, 500.302
51, W-04-03, -13.98914, -87.54724, 494.103
52, W-04-04, 10.00481, -69.20330, 493.504
53, W-04-05, 32.80646, -47.93062, 499.105
54, W-04-06, 49.78303, -14.46373, 505.291
55, W-04-07, 51.41098, 33.40824, 505.888
56, W-04-08, 36.25148, 69.89786, 500.302
57, W-04-09, 13.98914, 92.45276, 494.103
58, W-04-10, -10.00481, 110.79670, 493.504
59, W-04-11, -32.80646, 132.06938, 499.105
60, W-05-00, -52.72056, -132.12934, 506.363
61, W-05-01, -47.15414, -85.63931, 504.317
62, W-05-02, -28.33799, -55.61512, 497.652
63, W-05-03, -5.02908, -35.57348, 493.026
64, W-05-04, 18.86177, -16.97164, 495.082
65, W-05-05, 40.26289, 7.57024, 501.754
66, W-05-06, 52.72056, 47.87066, 506.363
67, W-05-07, 47.15414, 94.36069, 504.317
68, W-05-08, 28.33799, 124.38488, 497.652
69, W-05-09, 5.02908, 144.42652, 493.026
70, W-05-10, -18.86177, 163.02836, 495.082
71, W-05-11, -40.26289, -172.42976, 501.754
72, W-06-00, -52.88477, -68.54431, 506.422
73, W-06-01, -41.04358, -27.48669, 502.042
74, W-06-02, -19.84924, -2.47929, 495.311
75, W-06-03, 4.00603, 16.21137, 492.967
76, W-06-04, 27.39942, 36.04576, 497.364
77, W-06-05, 46.54178, 65.41926, 504.088
78, W-06-06, 52.88477, 111.45569, 506.422
79, W-06-07, 41.04358, 152.51331, 502.042
80, W-06-08, 19.84924, 177.52071, 495.311
81, W-06-09, -4.00603, -163.78863, 492.967
82, W-06-10, -27.39942, -143.95424, 497.364
83, W-06-11, -46.54178, -114.58074, 504.088
84, W-07-00, -50.24095, -5.97142, 505.460
85, W-07-01, -33.69596, 28.24732, 499.409
86, W-07-02, -11.01937, 49.81982, 493.638
87, W-07-03, 12.98156, 68.14626, 493.934
88, W-07-04, 35.39290, 90.34975, 499.999
89, W-07-05, 51.04353, 126.05922, 505.754
90, W-07-06, 50.24095, 174.02858, 505.460
91, W-07-07, 33.69596, -151.75268, 499.409
92, W-07-08, 11.01937, -130.18018, 493.638
93, W-07-09, -12.98156, -111.85374, 493.934
94, W-07-10, -35.39290, -89.65025, 499.999
95, W-07-11, -51.04353, -53.94078, 505.754

[LINKS]
Type, SourceID, TargetID
ISL, 0, 1
ISL, 0, 23
ISL, 1, 2
ISL, 1, 12
ISL, 2, 3
ISL, 2, 13
ISL, 3, 4
ISL, 3, 14
ISL, 4, 5
ISL, 4, 15
ISL, 5, 6
ISL, 5, 15
ISL, 6, 7
ISL, 6, 17
ISL, 7, 8
ISL, 7, 18
ISL, 8, 9
ISL, 8, 19
ISL, 9, 10
ISL, 9, 20
ISL, 10, 11
ISL, 10, 21
ISL, 11, 0
ISL, 11, 21
ISL, 12, 13
ISL, 12, 35
ISL, 13, 14
ISL, 13, 24
ISL, 14, 15
ISL, 14, 25
ISL, 15, 16
ISL, 15, 26
ISL, 16, 17
ISL, 16, 27
ISL, 17, 18
ISL, 17, 28
ISL, 18, 19
ISL, 18, 29
ISL, 19, 20
ISL, 19, 30
ISL, 20, 21
ISL, 20, 31
ISL, 21, 22
ISL, 21, 32
ISL, 22, 23
ISL, 22, 33
ISL, 23, 12
ISL, 23, 34
ISL, 24, 25
ISL, 24, 47
ISL, 25, 26
ISL, 25, 36
ISL, 26, 27
ISL, 26, 37
ISL, 27, 28
ISL, 27, 38
ISL, 28, 29
ISL, 28, 39
ISL, 29, 30
ISL, 29, 40
ISL, 30, 31
ISL, 30, 41
ISL, 31, 32
ISL, 31, 42
ISL, 32, 33
ISL, 32, 43
ISL, 33, 34
ISL, 33, 44
ISL, 34, 35
ISL, 34, 45
ISL, 35, 24
ISL, 35, 46
ISL, 36, 37
ISL, 36, 59
ISL, 37, 38
ISL, 37, 48
ISL, 38, 39
ISL, 38, 49
ISL, 39, 40
ISL, 39, 50
ISL, 40, 41
ISL, 40, 50
ISL, 41, 42
ISL, 41, 52
ISL, 42, 43
ISL, 42, 53
ISL, 43, 44
ISL, 43, 54
ISL, 44, 45
ISL, 44, 55
ISL, 45, 46
ISL, 45, 56
ISL, 46, 47
ISL, 46, 56
ISL, 47, 36
ISL, 47, 58
ISL, 48, 49
ISL, 48, 71
ISL, 49, 50
ISL, 49, 60
ISL, 50, 51
ISL, 50, 61
ISL, 51, 52
ISL, 51, 62
ISL, 52, 53
ISL, 52, 63
ISL, 53, 54
ISL, 53, 64
ISL, 54, 55
ISL, 54, 65
ISL, 55, 56
ISL, 55, 66
ISL, 56, 57
ISL, 56, 67
ISL, 57, 58
ISL, 57, 68
ISL, 58, 59
ISL, 58, 69
ISL, 59, 48
ISL, 59, 70
ISL, 60, 61
ISL, 60, 83
ISL, 61, 62
ISL, 61, 72
ISL, 62, 63
ISL, 62, 73
ISL, 63, 64
ISL, 63, 73
ISL, 64, 65
ISL, 64, 75
ISL, 65, 66
ISL, 65, 76
ISL, 66, 67
ISL, 66, 77
ISL, 67, 68
ISL, 67, 78
ISL, 68, 69
ISL, 68, 79
ISL, 69, 70
ISL, 69, 79
ISL, 70, 71
ISL, 70, 81
ISL, 71, 60
ISL, 71, 82
ISL, 72, 73
ISL, 72, 95
ISL, 73, 74
ISL, 73, 84
ISL, 74, 75
ISL, 74, 85
ISL, 75, 76
ISL, 75, 85
ISL, 76, 77
ISL, 76, 87
ISL, 77, 78
ISL, 77, 88
ISL, 78, 79
ISL, 78, 89
ISL, 79, 80
ISL, 79, 90
ISL, 80, 81
ISL, 80, 91
ISL, 81, 82
ISL, 81, 91
ISL, 82, 83
ISL, 82, 93
ISL, 83, 72
ISL, 83, 94
ISL, 84, 85
ISL, 84, 2
ISL, 85, 86
ISL, 85, 3
ISL, 86, 87
ISL, 86, 4
ISL, 87, 88
ISL, 87, 5
ISL, 88, 89
ISL, 88, 6
ISL, 89, 90
ISL, 89, 7
ISL, 90, 91
ISL, 90, 8
ISL, 91, 92
ISL, 91, 9
ISL, 92, 93
ISL, 92, 10
ISL, 93, 94
ISL, 93, 11
ISL, 94, 95
ISL, 94, 0
ISL, 95, 84
ISL, 95, 1
