[METADATA]
Time: 2026-04-12 02:54:13
Step: 20
Total_Sats: 96

[NODES]
ID, Name, Lat(deg), Lon(deg), Alt(km)
0, W-00-00, 9.00480, 122.93092, 493.383
1, W-00-01, 31.92212, 143.92495, 498.808
2, W-00-02, 49.30442, 176.66568, 505.115
3, W-00-03, 51.74063, -135.62195, 506.008
4, W-00-04, 37.08478, -98.36044, 500.599
5, W-00-05, 14.97763, -75.44187, 494.281
6, W-00-06, -9.00480, -57.06908, 493.383
7, W-00-07, -31.92212, -36.07505, 498.808
8, W-00-08, -49.30442, -3.33432, 505.115
9, W-00-09, -51.74063, 44.37805, 506.008
10, W-00-10, -37.08478, 81.63956, 500.599
11, W-00-11, -14.97763, 104.55813, 494.281
12, W-01-00, 17.88636, 175.10120, 494.866
13, W-01-01, 39.48027, -160.79503, 501.467
14, W-01-02, 52.52364, -121.25230, 506.292
15, W-01-03, 47.73341, -74.36902, 504.532
16, W-01-04, 29.25425, -43.68534, 497.939
17, W-01-05, 6.03462, -23.42535, 493.098
18, W-01-06, -17.88636, -4.89880, 494.866
19, W-01-07, -39.48027, 19.20497, 501.467
20, W-01-08, -52.52364, 58.74770, 506.292
21, W-01-09, -47.73341, 105.63098, 504.532
22, W-01-10, -29.25425, 136.31466, 497.939
23, W-01-11, -6.03462, 156.57465, 493.098
24, W-02-00, 26.46934, -131.99165, 497.085
25, W-02-01, 45.91717, -103.23838, 503.855
26, W-02-02, 53.01049, -57.69778, 506.467
27, W-02-03, 41.79630, -15.91211, 502.320
28, W-02-04, 20.81649, 9.57342, 495.545
29, W-02-05, -2.99883, 28.36371, 492.921
30, W-02-06, -26.46934, 48.00835, 497.085
31, W-02-07, -45.91717, 76.76162, 503.855
32, W-02-08, -53.01049, 122.30222, 506.467
33, W-02-09, -41.79630, 164.08789, 502.320
34, W-02-10, -20.81649, -170.42658, 495.545
35, W-02-11, 2.99883, -151.63629, 492.921
36, W-03-00, 34.53745, -77.85986, 499.700
37, W-03-01, 50.65108, -42.91082, 505.610
38, W-03-02, 50.66237, 5.08979, 505.614
39, W-03-03, 34.56131, 40.05981, 499.708
40, W-03-04, 12.01538, 61.94398, 493.783
41, W-03-05, -11.98779, 80.26483, 493.779
42, W-03-06, -34.53745, 102.14014, 499.700
43, W-03-07, -50.65108, 137.08918, 505.610
44, W-03-08, -50.66237, -174.91021, 505.614
45, W-03-09, -34.56131, -139.94019, 499.708
46, W-03-10, -12.01538, -118.05602, 493.783
47, W-03-11, 11.98779, -99.73517, 493.779
48, W-04-00, 41.77564, -21.89465, 502.313
49, W-04-01, 53.00748, 19.87109, 506.466
50, W-04-02, 45.93478, 65.42607, 503.862
51, W-04-03, 26.49522, 94.19626, 497.092
52, W-04-04, 3.02676, 113.84598, 492.922
53, W-04-05, -20.78973, 132.63334, 495.539
54, W-04-06, -41.77564, 158.10535, 502.313
55, W-04-07, -53.00748, -160.12891, 506.466
56, W-04-08, -45.93478, -114.57393, 503.862
57, W-04-09, -26.49522, -85.80374, 497.092
58, W-04-10, -3.02676, -66.15402, 492.922
59, W-04-11, 20.78973, -47.36666, 495.539
60, W-05-00, 47.71767, 36.55375, 504.526
61, W-05-01, 52.52957, 83.42686, 506.294
62, W-05-02, 39.50216, 122.99074, 501.475
63, W-05-03, 17.91346, 147.10639, 494.872
64, W-05-04, -6.00675, 165.63487, 493.095
65, W-05-05, -29.22894, -174.11140, 497.931
66, W-05-06, -47.71767, -143.44625, 504.526
67, W-05-07, -52.52957, -96.57314, 506.294
68, W-05-08, -39.50216, -57.00926, 501.475
69, W-05-09, -17.91346, -32.89361, 494.872
70, W-05-10, 6.00675, -14.36513, 493.095
71, W-05-11, 29.22894, 5.88860, 497.931
72, W-06-00, 51.73192, 97.79846, 506.005
73, W-06-01, 49.31806, 145.51609, 505.120
74, W-06-02, 31.94676, 178.27677, 498.816
75, W-06-03, 9.03255, -160.72169, 493.386
76, W-06-04, -14.95026, -142.34986, 494.276
77, W-06-05, -37.06183, -119.44161, 500.591
78, W-06-06, -51.73192, -82.20154, 506.005
79, W-06-07, -49.31806, -34.48391, 505.120
80, W-06-08, -31.94676, -1.72323, 498.816
81, W-06-09, -9.03255, 19.27831, 493.386
82, W-06-10, 14.95026, 37.65014, 494.276
83, W-06-11, 37.06183, 60.55839, 500.591
84, W-07-00, 53.17120, 161.08644, 506.525
85, W-07-01, 43.94777, -155.09330, 503.121
86, W-07-02, 23.67968, -128.05731, 496.290
87, W-07-03, 0.01398, -108.89513, 492.863
88, W-07-04, -23.65333, -89.73691, 496.282
89, W-07-05, -43.92853, -62.71615, 503.113
90, W-07-06, -53.17120, -18.91356, 506.525
91, W-07-07, -43.94777, 24.90670, 503.121
92, W-07-08, -23.67968, 51.94269, 496.290
93, W-07-09, -0.01398, 71.10487, 492.863
94, W-07-10, 23.65333, 90.26309, 496.282
95, W-07-11, 43.92853, 117.28385, 503.113

[LINKS]
Type, SourceID, TargetID
ISL, 0, 1
ISL, 0, 23
ISL, 1, 2
ISL, 1, 12
ISL, 2, 3
ISL, 2, 13
ISL, 3, 4
ISL, 3, 14
ISL, 4, 5
ISL, 4, 15
ISL, 5, 6
ISL, 5, 15
ISL, 6, 7
ISL, 6, 17
ISL, 7, 8
ISL, 7, 18
ISL, 8, 9
ISL, 8, 19
ISL, 9, 10
ISL, 9, 20
ISL, 10, 11
ISL, 10, 21
ISL, 11, 0
ISL, 11, 21
ISL, 12, 13
ISL, 12, 35
ISL, 13, 14
ISL, 13, 24
ISL, 14, 15
ISL, 14, 25
ISL, 15, 16
ISL, 15, 26
ISL, 16, 17
ISL, 16, 27
ISL, 17, 18
ISL, 17, 28
ISL, 18, 19
ISL, 18, 29
ISL, 19, 20
ISL, 19, 30
ISL, 20, 21
ISL, 20, 31
ISL, 21, 22
ISL, 21, 32
ISL, 22, 23
ISL, 22, 33
ISL, 23, 12
ISL, 23, 34
ISL, 24, 25
ISL, 24, 47
ISL, 25, 26
ISL, 25, 36
ISL, 26, 27
ISL, 26, 37
ISL, 27, 28
ISL, 27, 38
ISL, 28, 29
ISL, 28, 39
ISL, 29, 30
ISL, 29, 40
ISL, 30, 31
ISL, 30, 41
ISL, 31, 32
ISL, 31, 42
ISL, 32, 33
ISL, 32, 43
ISL, 33, 34
ISL, 33, 44
ISL, 34, 35
ISL, 34, 45
ISL, 35, 24
ISL, 35, 46
ISL, 36, 37
ISL, 36, 59
ISL, 37, 38
ISL, 37, 48
ISL, 38, 39
ISL, 38, 49
ISL, 39, 40
ISL, 39, 50
ISL, 40, 41
ISL, 40, 50
ISL, 41, 42
ISL, 41, 52
ISL, 42, 43
ISL, 42, 53
ISL, 43, 44
ISL, 43, 54
ISL, 44, 45
ISL, 44, 55
ISL, 45, 46
ISL, 45, 56
ISL, 46, 47
ISL, 46, 56
ISL, 47, 36
ISL, 47, 58
ISL, 48, 49
ISL, 48, 71
ISL, 49, 50
ISL, 49, 60
ISL, 50, 51
ISL, 50, 61
ISL, 51, 52
ISL, 51, 62
ISL, 52, 53
ISL, 52, 63
ISL, 53, 54
ISL, 53, 64
ISL, 54, 55
ISL, 54, 65
ISL, 55, 56
ISL, 55, 66
ISL, 56, 57
ISL, 56, 67
ISL, 57, 58
ISL, 57, 68
ISL, 58, 59
ISL, 58, 69
ISL, 59, 48
ISL, 59, 70
ISL, 60, 61
ISL, 60, 83
ISL, 61, 62
ISL, 61, 72
ISL, 62, 63
ISL, 62, 73
ISL, 63, 64
ISL, 63, 73
ISL, 64, 65
ISL, 64, 75
ISL, 65, 66
ISL, 65, 76
ISL, 66, 67
ISL, 66, 77
ISL, 67, 68
ISL, 67, 78
ISL, 68, 69
ISL, 68, 79
ISL, 69, 70
ISL, 69, 79
ISL, 70, 71
ISL, 70, 81
ISL, 71, 60
ISL, 71, 82
ISL, 72, 73
ISL, 72, 95
ISL, 73, 74
ISL, 73, 84
ISL, 74, 75
ISL, 74, 85
ISL, 75, 76
ISL, 75, 85
ISL, 76, 77
ISL, 76, 87
ISL, 77, 78
ISL, 77, 88
ISL, 78, 79
ISL, 78, 89
ISL, 79, 80
ISL, 79, 90
ISL, 80, 81
ISL, 80, 91
ISL, 81, 82
ISL, 81, 91
ISL, 82, 83
ISL, 82, 93
ISL, 83, 72
ISL, 83, 94
ISL, 84, 85
ISL, 84, 2
ISL, 85, 86
ISL, 85, 3
ISL, 86, 87
ISL, 86, 4
ISL, 87, 88
ISL, 87, 5
ISL, 88, 89
ISL, 88, 6
ISL, 89, 90
ISL, 89, 7
ISL, 90, 91
ISL, 90, 8
ISL, 91, 92
ISL, 91, 9
ISL, 92, 93
ISL, 92, 10
ISL, 93, 94
ISL, 93, 11
ISL, 94, 95
ISL, 94, 0
ISL, 95, 84
ISL, 95, 1
