[METADATA]
Time: 2026-04-12 04:06:43
Step: 165
Total_Sats: 96

[NODES]
ID, Name, Lat(deg), Lon(deg), Alt(km)
0, W-00-00, -49.78273, 35.61070, 505.291
1, W-00-01, -32.80589, 69.07712, 499.105
2, W-00-02, -10.00417, 90.34962, 493.503
3, W-00-03, 13.98978, 108.69357, 494.103
4, W-00-04, 36.25202, 131.24870, 500.302
5, W-00-05, 51.41121, 167.73882, 505.888
6, W-00-06, 49.78273, -144.38930, 505.291
7, W-00-07, 32.80589, -110.92288, 499.105
8, W-00-08, 10.00417, -89.65038, 493.503
9, W-00-09, -13.98978, -71.30643, 494.103
10, W-00-10, -36.25202, -48.75130, 500.302
11, W-00-11, -51.41121, -12.26118, 505.888
12, W-01-00, -44.61290, 95.30918, 503.369
13, W-01-01, -24.60063, 122.88882, 496.545
14, W-01-02, -0.99366, 142.19650, 492.869
15, W-01-03, 22.72721, 161.22177, 496.033
16, W-01-04, 43.24556, -172.28108, 502.859
17, W-01-05, 53.15353, -129.11334, 506.519
18, W-01-06, 44.61290, -84.69082, 503.369
19, W-01-07, 24.60063, -57.11118, 496.545
20, W-01-08, 0.99366, -37.80350, 492.869
21, W-01-09, -22.72721, -18.77823, 496.033
22, W-01-10, -43.24556, 7.71892, 502.859
23, W-01-11, -53.15353, 50.88666, 506.519
24, W-02-00, -37.88308, 152.30503, 500.887
25, W-02-01, -15.93525, 175.59440, 494.463
26, W-02-02, 8.03155, -165.99365, 493.277
27, W-02-03, 31.05454, -145.25526, 498.521
28, W-02-04, 48.81363, -113.20571, 504.933
29, W-02-05, 52.02987, -65.70782, 506.113
30, W-02-06, 37.88308, -27.69497, 500.887
31, W-02-07, 15.93525, -4.40560, 494.463
32, W-02-08, -8.03155, 14.00635, 493.277
33, W-02-09, -31.05454, 34.74474, 498.521
34, W-02-10, -48.81363, 66.79429, 504.933
35, W-02-11, -52.02987, 114.29218, 506.113
36, W-03-00, -30.13739, -152.82935, 498.222
37, W-03-01, -7.01057, -132.34314, 493.179
38, W-03-02, 16.93512, -113.87838, 494.664
39, W-03-03, 38.70667, -90.18176, 501.185
40, W-03-04, 52.29924, -51.38367, 506.211
41, W-03-05, 48.27332, -4.17147, 504.733
42, W-03-06, 30.13739, 27.17065, 498.222
43, W-03-07, 7.01057, 47.65686, 493.179
44, W-03-08, -16.93512, 66.12162, 494.664
45, W-03-09, -38.70667, 89.81824, 501.185
46, W-03-10, -52.29924, 128.61633, 506.211
47, W-03-11, -48.27332, 175.82853, 504.733
48, W-04-00, -21.75203, -99.44487, 495.780
49, W-04-01, 2.01968, -80.54600, 492.889
50, W-04-02, 25.55961, -61.07258, 496.818
51, W-04-03, 45.29012, -32.90262, 503.621
52, W-04-04, 53.09824, 12.11254, 506.499
53, W-04-05, 42.51239, 54.58563, 502.586
54, W-04-06, 21.75203, 80.55513, 495.780
55, W-04-07, -2.01968, 99.45400, 492.889
56, W-04-08, -25.55961, 118.92742, 496.818
57, W-04-09, -45.29012, 147.09738, 503.621
58, W-04-10, -53.09824, -167.88746, 506.499
59, W-04-11, -42.51239, -125.41437, 502.586
60, W-05-00, -12.98092, -46.99994, 493.934
61, W-05-01, 11.02001, -28.67351, 493.638
62, W-05-02, 33.69653, -7.10081, 499.409
63, W-05-03, 50.24124, 27.11842, 505.460
64, W-05-04, 51.04329, 75.08782, 505.754
65, W-05-05, 35.39235, 110.79679, 499.999
66, W-05-06, 12.98092, 133.00006, 493.934
67, W-05-07, -11.02001, 151.32649, 493.638
68, W-05-08, -33.69653, 172.89919, 499.409
69, W-05-09, -50.24124, -152.88158, 505.460
70, W-05-10, -51.04329, -104.91218, 505.754
71, W-05-11, -35.39235, -69.20321, 499.999
72, W-06-00, -4.00538, 4.93493, 492.967
73, W-06-01, 19.84987, 23.62565, 495.311
74, W-06-02, 41.04407, 48.63335, 502.042
75, W-06-03, 52.88487, 89.69144, 506.422
76, W-06-04, 46.54138, 135.72758, 504.088
77, W-06-05, 27.39882, 165.10066, 497.363
78, W-06-06, 4.00538, -175.06507, 492.967
79, W-06-07, -19.84987, -156.37435, 495.311
80, W-06-08, -41.04407, -131.36665, 502.042
81, W-06-09, -52.88487, -90.30856, 506.422
82, W-06-10, -46.54138, -44.27242, 504.088
83, W-06-11, -27.39882, -14.89934, 497.363
84, W-07-00, 5.02973, 56.71978, 493.026
85, W-07-01, 28.33859, 76.76156, 497.652
86, W-07-02, 47.15452, 106.78617, 504.317
87, W-07-03, 52.72045, 153.27647, 506.363
88, W-07-04, 40.26239, -166.42360, 501.754
89, W-07-05, 18.86114, -141.88200, 495.082
90, W-07-06, -5.02973, -123.28022, 493.026
91, W-07-07, -28.33859, -103.23844, 497.652
92, W-07-08, -47.15452, -73.21383, 504.317
93, W-07-09, -52.72045, -26.72353, 506.363
94, W-07-10, -40.26239, 13.57640, 501.754
95, W-07-11, -18.86114, 38.11800, 495.082

[LINKS]
Type, SourceID, TargetID
ISL, 0, 1
ISL, 0, 23
ISL, 1, 2
ISL, 1, 12
ISL, 2, 3
ISL, 2, 13
ISL, 3, 4
ISL, 3, 14
ISL, 4, 5
ISL, 4, 15
ISL, 5, 6
ISL, 5, 15
ISL, 6, 7
ISL, 6, 17
ISL, 7, 8
ISL, 7, 18
ISL, 8, 9
ISL, 8, 19
ISL, 9, 10
ISL, 9, 20
ISL, 10, 11
ISL, 10, 21
ISL, 11, 0
ISL, 11, 21
ISL, 12, 13
ISL, 12, 35
ISL, 13, 14
ISL, 13, 24
ISL, 14, 15
ISL, 14, 25
ISL, 15, 16
ISL, 15, 26
ISL, 16, 17
ISL, 16, 27
ISL, 17, 18
ISL, 17, 28
ISL, 18, 19
ISL, 18, 29
ISL, 19, 20
ISL, 19, 30
ISL, 20, 21
ISL, 20, 31
ISL, 21, 22
ISL, 21, 32
ISL, 22, 23
ISL, 22, 33
ISL, 23, 12
ISL, 23, 34
ISL, 24, 25
ISL, 24, 47
ISL, 25, 26
ISL, 25, 36
ISL, 26, 27
ISL, 26, 37
ISL, 27, 28
ISL, 27, 38
ISL, 28, 29
ISL, 28, 39
ISL, 29, 30
ISL, 29, 40
ISL, 30, 31
ISL, 30, 41
ISL, 31, 32
ISL, 31, 42
ISL, 32, 33
ISL, 32, 43
ISL, 33, 34
ISL, 33, 44
ISL, 34, 35
ISL, 34, 45
ISL, 35, 24
ISL, 35, 46
ISL, 36, 37
ISL, 36, 59
ISL, 37, 38
ISL, 37, 48
ISL, 38, 39
ISL, 38, 49
ISL, 39, 40
ISL, 39, 50
ISL, 40, 41
ISL, 40, 50
ISL, 41, 42
ISL, 41, 52
ISL, 42, 43
ISL, 42, 53
ISL, 43, 44
ISL, 43, 54
ISL, 44, 45
ISL, 44, 55
ISL, 45, 46
ISL, 45, 56
ISL, 46, 47
ISL, 46, 56
ISL, 47, 36
ISL, 47, 58
ISL, 48, 49
ISL, 48, 71
ISL, 49, 50
ISL, 49, 60
ISL, 50, 51
ISL, 50, 61
ISL, 51, 52
ISL, 51, 62
ISL, 52, 53
ISL, 52, 63
ISL, 53, 54
ISL, 53, 64
ISL, 54, 55
ISL, 54, 65
ISL, 55, 56
ISL, 55, 66
ISL, 56, 57
ISL, 56, 67
ISL, 57, 58
ISL, 57, 68
ISL, 58, 59
ISL, 58, 69
ISL, 59, 48
ISL, 59, 70
ISL, 60, 61
ISL, 60, 83
ISL, 61, 62
ISL, 61, 72
ISL, 62, 63
ISL, 62, 73
ISL, 63, 64
ISL, 63, 73
ISL, 64, 65
ISL, 64, 75
ISL, 65, 66
ISL, 65, 76
ISL, 66, 67
ISL, 66, 77
ISL, 67, 68
ISL, 67, 78
ISL, 68, 69
ISL, 68, 79
ISL, 69, 70
ISL, 69, 79
ISL, 70, 71
ISL, 70, 81
ISL, 71, 60
ISL, 71, 82
ISL, 72, 73
ISL, 72, 95
ISL, 73, 74
ISL, 73, 84
ISL, 74, 75
ISL, 74, 85
ISL, 75, 76
ISL, 75, 85
ISL, 76, 77
ISL, 76, 87
ISL, 77, 78
ISL, 77, 88
ISL, 78, 79
ISL, 78, 89
ISL, 79, 80
ISL, 79, 90
ISL, 80, 81
ISL, 80, 91
ISL, 81, 82
ISL, 81, 91
ISL, 82, 83
ISL, 82, 93
ISL, 83, 72
ISL, 83, 94
ISL, 84, 85
ISL, 84, 2
ISL, 85, 86
ISL, 85, 3
ISL, 86, 87
ISL, 86, 4
ISL, 87, 88
ISL, 87, 5
ISL, 88, 89
ISL, 88, 6
ISL, 89, 90
ISL, 89, 7
ISL, 90, 91
ISL, 90, 8
ISL, 91, 92
ISL, 91, 9
ISL, 92, 93
ISL, 92, 10
ISL, 93, 94
ISL, 93, 11
ISL, 94, 95
ISL, 94, 0
ISL, 95, 84
ISL, 95, 1
