[METADATA]
Time: 2026-04-12 02:50:13
Step: 12
Total_Sats: 96

[NODES]
ID, Name, Lat(deg), Lon(deg), Alt(km)
0, W-00-00, -3.22194, 114.70200, 492.930
1, W-00-01, 20.60265, 133.46917, 495.493
2, W-00-02, 41.63095, 158.84707, 502.259
3, W-00-03, 52.98573, -159.52684, 506.458
4, W-00-04, 46.05735, -113.87237, 503.908
5, W-00-05, 26.67588, -84.98347, 497.146
6, W-00-06, 3.22194, -65.29800, 492.930
7, W-00-07, -20.60265, -46.53083, 495.493
8, W-00-08, -41.63095, -21.15293, 502.259
9, W-00-09, -52.98573, 20.47316, 506.458
10, W-00-10, -46.05735, 66.12763, 503.908
11, W-00-11, -26.67588, 95.01653, 497.146
12, W-01-00, 5.81202, 166.48977, 493.081
13, W-01-01, 29.05196, -173.29986, 497.875
14, W-01-02, 47.60715, -142.76385, 504.485
15, W-01-03, 52.57025, -95.96297, 506.309
16, W-01-04, 39.65480, -56.25154, 501.531
17, W-01-05, 18.10271, -32.05243, 494.913
18, W-01-06, -5.81202, -13.51023, 493.081
19, W-01-07, -29.05196, 6.70014, 497.875
20, W-01-08, -47.60715, 37.23615, 504.485
21, W-01-09, -52.57025, 84.03703, 506.309
22, W-01-10, -39.65480, 123.74846, 501.531
23, W-01-11, -18.10271, 147.94757, 494.913
24, W-02-00, 14.75896, -141.50357, 494.241
25, W-02-01, 36.90123, -118.66710, 500.534
26, W-02-02, 51.67039, -81.57676, 505.982
27, W-02-03, 49.41277, -33.82366, 505.155
28, W-02-04, 32.11874, -0.92334, 498.874
29, W-02-05, 9.22642, 20.13102, 493.409
30, W-02-06, -14.75896, 38.49643, 494.241
31, W-02-07, -36.90123, 61.33290, 500.534
32, W-02-08, -51.67039, 98.42324, 505.982
33, W-02-09, -49.41277, 146.17634, 505.155
34, W-02-10, -32.11874, 179.07666, 498.874
35, W-02-11, -9.22642, -159.86898, 493.409
36, W-03-00, 23.46906, -88.90794, 496.232
37, W-03-01, 43.79371, -61.99314, 503.063
38, W-03-02, 53.17041, -18.31474, 506.525
39, W-03-03, 44.08180, 25.62827, 503.170
40, W-03-04, 23.86373, 52.77111, 496.340
41, W-03-05, 0.20933, 71.96132, 492.863
42, W-03-06, -23.46906, 91.09206, 496.232
43, W-03-07, -43.79371, 118.00686, 503.063
44, W-03-08, -53.17041, 161.68526, 506.525
45, W-03-09, -44.08180, -154.37173, 503.170
46, W-03-10, -23.86373, -127.22889, 496.340
47, W-03-11, -0.20933, -108.03868, 492.863
48, W-04-00, 31.74977, -35.27430, 498.751
49, W-04-01, 49.20856, -2.67256, 505.079
50, W-04-02, 51.80077, 45.00166, 506.030
51, W-04-03, 37.24487, 82.41297, 500.657
52, W-04-04, 15.16881, 105.40409, 494.316
53, W-04-05, -8.81086, 123.78382, 493.361
54, W-04-06, -31.74977, 144.72570, 498.751
55, W-04-07, -49.20856, 177.32744, 505.079
56, W-04-08, -51.80077, -134.99834, 506.030
57, W-04-09, -37.24487, -97.58703, 500.657
58, W-04-10, -15.16881, -74.59591, 494.316
59, W-04-11, 8.81086, -56.21618, 493.361
60, W-05-00, 39.32704, 19.96390, 501.411
61, W-05-01, 52.48148, 59.35871, 506.277
62, W-05-02, 47.84290, 106.31184, 504.573
63, W-05-03, 29.43092, 137.12545, 497.995
64, W-05-04, 6.22931, 157.42943, 493.113
65, W-05-05, -17.69696, 175.94277, 494.825
66, W-05-06, -39.32704, -160.03610, 501.411
67, W-05-07, -52.48148, -120.64129, 506.277
68, W-05-08, -47.84290, -73.68816, 504.573
69, W-05-09, -29.43092, -42.87455, 497.995
70, W-05-10, -6.22931, -22.57057, 493.113
71, W-05-11, 17.69696, -4.05723, 494.825
72, W-06-00, 45.79370, 77.46469, 503.809
73, W-06-01, 53.03070, 122.90384, 506.475
74, W-06-02, 41.94031, 164.82828, 502.374
75, W-06-03, 21.00337, -169.59122, 495.591
76, W-06-04, -2.80363, -150.78022, 492.914
77, W-06-05, -26.28841, -131.17074, 497.031
78, W-06-06, -45.79370, -102.53531, 503.809
79, W-06-07, -53.03070, -57.09616, 506.475
80, W-06-08, -41.94031, -15.17172, 502.374
81, W-06-09, -21.00337, 10.40878, 495.591
82, W-06-10, 2.80363, 29.21978, 492.914
83, W-06-11, 26.28841, 48.82926, 497.031
84, W-07-00, 50.57158, 137.73132, 505.581
85, W-07-01, 50.74060, -174.26945, 505.643
86, W-07-02, 34.72780, -139.15273, 499.766
87, W-07-03, 12.20808, -117.20622, 493.812
88, W-07-04, -11.79499, -98.88513, 493.750
89, W-07-05, -34.37052, -77.07143, 499.642
90, W-07-06, -50.57158, -42.26868, 505.581
91, W-07-07, -50.74060, 5.73055, 505.643
92, W-07-08, -34.72780, 40.84727, 499.766
93, W-07-09, -12.20808, 62.79378, 493.812
94, W-07-10, 11.79499, 81.11487, 493.750
95, W-07-11, 34.37052, 102.92857, 499.642

[LINKS]
Type, SourceID, TargetID
ISL, 0, 1
ISL, 0, 23
ISL, 1, 2
ISL, 1, 12
ISL, 2, 3
ISL, 2, 13
ISL, 3, 4
ISL, 3, 14
ISL, 4, 5
ISL, 4, 15
ISL, 5, 6
ISL, 5, 15
ISL, 6, 7
ISL, 6, 17
ISL, 7, 8
ISL, 7, 18
ISL, 8, 9
ISL, 8, 19
ISL, 9, 10
ISL, 9, 20
ISL, 10, 11
ISL, 10, 21
ISL, 11, 0
ISL, 11, 21
ISL, 12, 13
ISL, 12, 35
ISL, 13, 14
ISL, 13, 24
ISL, 14, 15
ISL, 14, 25
ISL, 15, 16
ISL, 15, 26
ISL, 16, 17
ISL, 16, 27
ISL, 17, 18
ISL, 17, 28
ISL, 18, 19
ISL, 18, 29
ISL, 19, 20
ISL, 19, 30
ISL, 20, 21
ISL, 20, 31
ISL, 21, 22
ISL, 21, 32
ISL, 22, 23
ISL, 22, 33
ISL, 23, 12
ISL, 23, 34
ISL, 24, 25
ISL, 24, 47
ISL, 25, 26
ISL, 25, 36
ISL, 26, 27
ISL, 26, 37
ISL, 27, 28
ISL, 27, 38
ISL, 28, 29
ISL, 28, 39
ISL, 29, 30
ISL, 29, 40
ISL, 30, 31
ISL, 30, 41
ISL, 31, 32
ISL, 31, 42
ISL, 32, 33
ISL, 32, 43
ISL, 33, 34
ISL, 33, 44
ISL, 34, 35
ISL, 34, 45
ISL, 35, 24
ISL, 35, 46
ISL, 36, 37
ISL, 36, 59
ISL, 37, 38
ISL, 37, 48
ISL, 38, 39
ISL, 38, 49
ISL, 39, 40
ISL, 39, 50
ISL, 40, 41
ISL, 40, 50
ISL, 41, 42
ISL, 41, 52
ISL, 42, 43
ISL, 42, 53
ISL, 43, 44
ISL, 43, 54
ISL, 44, 45
ISL, 44, 55
ISL, 45, 46
ISL, 45, 56
ISL, 46, 47
ISL, 46, 56
ISL, 47, 36
ISL, 47, 58
ISL, 48, 49
ISL, 48, 71
ISL, 49, 50
ISL, 49, 60
ISL, 50, 51
ISL, 50, 61
ISL, 51, 52
ISL, 51, 62
ISL, 52, 53
ISL, 52, 63
ISL, 53, 54
ISL, 53, 64
ISL, 54, 55
ISL, 54, 65
ISL, 55, 56
ISL, 55, 66
ISL, 56, 57
ISL, 56, 67
ISL, 57, 58
ISL, 57, 68
ISL, 58, 59
ISL, 58, 69
ISL, 59, 48
ISL, 59, 70
ISL, 60, 61
ISL, 60, 83
ISL, 61, 62
ISL, 61, 72
ISL, 62, 63
ISL, 62, 73
ISL, 63, 64
ISL, 63, 73
ISL, 64, 65
ISL, 64, 75
ISL, 65, 66
ISL, 65, 76
ISL, 66, 67
ISL, 66, 77
ISL, 67, 68
ISL, 67, 78
ISL, 68, 69
ISL, 68, 79
ISL, 69, 70
ISL, 69, 79
ISL, 70, 71
ISL, 70, 81
ISL, 71, 60
ISL, 71, 82
ISL, 72, 73
ISL, 72, 95
ISL, 73, 74
ISL, 73, 84
ISL, 74, 75
ISL, 74, 85
ISL, 75, 76
ISL, 75, 85
ISL, 76, 77
ISL, 76, 87
ISL, 77, 78
ISL, 77, 88
ISL, 78, 79
ISL, 78, 89
ISL, 79, 80
ISL, 79, 90
ISL, 80, 81
ISL, 80, 91
ISL, 81, 82
ISL, 81, 91
ISL, 82, 83
ISL, 82, 93
ISL, 83, 72
ISL, 83, 94
ISL, 84, 85
ISL, 84, 2
ISL, 85, 86
ISL, 85, 3
ISL, 86, 87
ISL, 86, 4
ISL, 87, 88
ISL, 87, 5
ISL, 88, 89
ISL, 88, 6
ISL, 89, 90
ISL, 89, 7
ISL, 90, 91
ISL, 90, 8
ISL, 91, 92
ISL, 91, 9
ISL, 92, 93
ISL, 92, 10
ISL, 93, 94
ISL, 93, 11
ISL, 94, 95
ISL, 94, 0
ISL, 95, 84
ISL, 95, 1
