[METADATA]
Time: 2026-04-12 03:09:13
Step: 50
Total_Sats: 96

[NODES]
ID, Name, Lat(deg), Lon(deg), Alt(km)
0, W-00-00, 48.12404, 169.00674, 504.677
1, W-00-01, 52.36551, -143.86798, 506.235
2, W-00-02, 38.92518, -104.86015, 501.265
3, W-00-03, 17.20257, -81.05103, 494.720
4, W-00-04, -6.73663, -62.57004, 493.155
5, W-00-05, -29.89013, -42.14878, 498.142
6, W-00-06, -48.12404, -10.99326, 504.677
7, W-00-07, -52.36551, 36.13202, 506.235
8, W-00-08, -38.92518, 75.13985, 501.265
9, W-00-09, -17.20257, 98.94897, 494.720
10, W-00-10, 6.73663, 117.42996, 493.155
11, W-00-11, 29.89013, 137.85122, 498.142
12, W-01-00, 51.95178, -129.53553, 506.085
13, W-01-01, 48.95396, -81.97159, 504.985
14, W-01-02, 31.29897, -49.72946, 498.601
15, W-01-03, 8.30499, -28.92076, 493.306
16, W-01-04, -15.66664, -10.52092, 494.411
17, W-01-05, -37.66008, 12.66257, 500.806
18, W-01-06, -51.95178, 50.46447, 506.085
19, W-01-07, -48.95396, 98.02841, 504.985
20, W-01-08, -31.29897, 130.27054, 498.601
21, W-01-09, -8.30499, 151.07924, 493.306
22, W-01-10, 15.66664, 169.47908, 494.411
23, W-01-11, 37.66008, -167.33743, 500.806
24, W-02-00, 53.16196, -66.15935, 506.522
25, W-02-01, 43.43904, -22.81037, 502.931
26, W-02-02, 22.98776, 3.83185, 496.103
27, W-02-03, -0.71857, 22.89323, 492.866
28, W-02-04, -24.34255, 42.15881, 496.473
29, W-02-05, -44.42792, 69.58383, 503.300
30, W-02-06, -53.16196, 113.84065, 506.522
31, W-02-07, -43.43904, 157.18963, 502.931
32, W-02-08, -22.98776, -176.16815, 496.103
33, W-02-09, 0.71857, -157.10677, 492.866
34, W-02-10, 24.34255, -137.84119, 496.473
35, W-02-11, 44.42792, -110.41617, 503.300
36, W-03-00, 51.50431, -2.96966, 505.922
37, W-03-01, 36.48052, 33.73075, 500.384
38, W-03-02, 14.25976, 56.38332, 494.151
39, W-03-03, -9.73150, 74.73400, 493.469
40, W-03-04, -32.56550, 95.92889, 499.024
41, W-03-05, -49.65486, 129.19578, 505.244
42, W-03-06, -51.50431, 177.03034, 505.922
43, W-03-07, -36.48052, -146.26925, 500.384
44, W-03-08, -14.25976, -123.61668, 494.151
45, W-03-09, 9.73150, -105.26600, 493.469
46, W-03-10, 32.56550, -84.07111, 499.024
47, W-03-11, 49.65486, -50.80422, 505.244
48, W-04-00, 47.31488, 58.06574, 504.376
49, W-04-01, 28.58929, 88.26841, 497.730
50, W-04-02, 5.30418, 108.36833, 493.044
51, W-04-03, -18.59539, 126.94839, 495.022
52, W-04-04, -40.05026, 151.36851, 501.676
53, W-04-05, -52.67017, -168.53719, 506.345
54, W-04-06, -47.31488, -121.93426, 504.376
55, W-04-07, -28.58929, -91.73159, 497.730
56, W-04-08, -5.30418, -71.63167, 493.044
57, W-04-09, 18.59539, -53.05161, 495.022
58, W-04-10, 40.05026, -28.63149, 501.676
59, W-04-11, 52.67017, 11.46281, 506.345
60, W-05-00, 41.25098, 116.30106, 502.119
61, W-05-01, 20.11419, 141.43722, 495.374
62, W-05-02, -3.73064, 160.15392, 492.953
63, W-05-03, -27.14571, 179.93503, 497.287
64, W-05-04, -46.37311, -150.86308, 504.025
65, W-05-05, -52.92270, -104.95750, 506.436
66, W-05-06, -41.25098, -63.69894, 502.119
67, W-05-07, -20.11419, -38.56278, 495.374
68, W-05-08, 3.73064, -19.84608, 492.953
69, W-05-09, 27.14571, -0.06497, 497.287
70, W-05-10, 46.37311, 29.13692, 504.025
71, W-05-11, 52.92270, 75.04250, 506.436
72, W-06-00, 33.93360, 172.09929, 499.491
73, W-06-01, 11.29198, -166.24463, 493.677
74, W-06-02, -12.71002, -147.92087, 493.890
75, W-06-03, -35.15999, -125.80884, 499.917
76, W-06-04, -50.93922, -90.30814, 505.716
77, W-06-05, -50.35911, -42.32385, 505.503
78, W-06-06, -33.93360, -7.90071, 499.491
79, W-06-07, -11.29198, 13.75537, 493.677
80, W-06-08, 12.71002, 32.07913, 493.890
81, W-06-09, 35.15999, 54.19116, 499.917
82, W-06-10, 50.93922, 89.69186, 505.716
83, W-06-11, 50.35911, 137.67615, 505.503
84, W-07-00, 25.81565, -133.88473, 496.892
85, W-07-01, 2.29467, -114.36451, 492.897
86, W-07-02, -21.48976, -95.49732, 495.713
87, W-07-03, -42.31287, -69.66566, 502.512
88, W-07-04, -53.07704, -27.38339, 506.491
89, W-07-05, -45.46816, 17.78346, 503.688
90, W-07-06, -25.81565, 46.11527, 496.892
91, W-07-07, -2.29467, 65.63549, 492.897
92, W-07-08, 21.48976, 84.50268, 495.713
93, W-07-09, 42.31287, 110.33434, 502.512
94, W-07-10, 53.07704, 152.61661, 506.491
95, W-07-11, 45.46816, -162.21654, 503.688

[LINKS]
Type, SourceID, TargetID
ISL, 0, 1
ISL, 0, 23
ISL, 1, 2
ISL, 1, 12
ISL, 2, 3
ISL, 2, 13
ISL, 3, 4
ISL, 3, 14
ISL, 4, 5
ISL, 4, 15
ISL, 5, 6
ISL, 5, 15
ISL, 6, 7
ISL, 6, 17
ISL, 7, 8
ISL, 7, 18
ISL, 8, 9
ISL, 8, 19
ISL, 9, 10
ISL, 9, 20
ISL, 10, 11
ISL, 10, 21
ISL, 11, 0
ISL, 11, 21
ISL, 12, 13
ISL, 12, 35
ISL, 13, 14
ISL, 13, 24
ISL, 14, 15
ISL, 14, 25
ISL, 15, 16
ISL, 15, 26
ISL, 16, 17
ISL, 16, 27
ISL, 17, 18
ISL, 17, 28
ISL, 18, 19
ISL, 18, 29
ISL, 19, 20
ISL, 19, 30
ISL, 20, 21
ISL, 20, 31
ISL, 21, 22
ISL, 21, 32
ISL, 22, 23
ISL, 22, 33
ISL, 23, 12
ISL, 23, 34
ISL, 24, 25
ISL, 24, 47
ISL, 25, 26
ISL, 25, 36
ISL, 26, 27
ISL, 26, 37
ISL, 27, 28
ISL, 27, 38
ISL, 28, 29
ISL, 28, 39
ISL, 29, 30
ISL, 29, 40
ISL, 30, 31
ISL, 30, 41
ISL, 31, 32
ISL, 31, 42
ISL, 32, 33
ISL, 32, 43
ISL, 33, 34
ISL, 33, 44
ISL, 34, 35
ISL, 34, 45
ISL, 35, 24
ISL, 35, 46
ISL, 36, 37
ISL, 36, 59
ISL, 37, 38
ISL, 37, 48
ISL, 38, 39
ISL, 38, 49
ISL, 39, 40
ISL, 39, 50
ISL, 40, 41
ISL, 40, 50
ISL, 41, 42
ISL, 41, 52
ISL, 42, 43
ISL, 42, 53
ISL, 43, 44
ISL, 43, 54
ISL, 44, 45
ISL, 44, 55
ISL, 45, 46
ISL, 45, 56
ISL, 46, 47
ISL, 46, 56
ISL, 47, 36
ISL, 47, 58
ISL, 48, 49
ISL, 48, 71
ISL, 49, 50
ISL, 49, 60
ISL, 50, 51
ISL, 50, 61
ISL, 51, 52
ISL, 51, 62
ISL, 52, 53
ISL, 52, 63
ISL, 53, 54
ISL, 53, 64
ISL, 54, 55
ISL, 54, 65
ISL, 55, 56
ISL, 55, 66
ISL, 56, 57
ISL, 56, 67
ISL, 57, 58
ISL, 57, 68
ISL, 58, 59
ISL, 58, 69
ISL, 59, 48
ISL, 59, 70
ISL, 60, 61
ISL, 60, 83
ISL, 61, 62
ISL, 61, 72
ISL, 62, 63
ISL, 62, 73
ISL, 63, 64
ISL, 63, 73
ISL, 64, 65
ISL, 64, 75
ISL, 65, 66
ISL, 65, 76
ISL, 66, 67
ISL, 66, 77
ISL, 67, 68
ISL, 67, 78
ISL, 68, 69
ISL, 68, 79
ISL, 69, 70
ISL, 69, 79
ISL, 70, 71
ISL, 70, 81
ISL, 71, 60
ISL, 71, 82
ISL, 72, 73
ISL, 72, 95
ISL, 73, 74
ISL, 73, 84
ISL, 74, 75
ISL, 74, 85
ISL, 75, 76
ISL, 75, 85
ISL, 76, 77
ISL, 76, 87
ISL, 77, 78
ISL, 77, 88
ISL, 78, 79
ISL, 78, 89
ISL, 79, 80
ISL, 79, 90
ISL, 80, 81
ISL, 80, 91
ISL, 81, 82
ISL, 81, 91
ISL, 82, 83
ISL, 82, 93
ISL, 83, 72
ISL, 83, 94
ISL, 84, 85
ISL, 84, 2
ISL, 85, 86
ISL, 85, 3
ISL, 86, 87
ISL, 86, 4
ISL, 87, 88
ISL, 87, 5
ISL, 88, 89
ISL, 88, 6
ISL, 89, 90
ISL, 89, 7
ISL, 90, 91
ISL, 90, 8
ISL, 91, 92
ISL, 91, 9
ISL, 92, 93
ISL, 92, 10
ISL, 93, 94
ISL, 93, 11
ISL, 94, 95
ISL, 94, 0
ISL, 95, 84
ISL, 95, 1
