[METADATA]
Time: 2026-04-12 04:06:13
Step: 164
Total_Sats: 96

[NODES]
ID, Name, Lat(deg), Lon(deg), Alt(km)
0, W-00-00, -50.45595, 32.96641, 505.539
1, W-00-01, -34.13115, 67.56058, 499.559
2, W-00-02, -11.51911, 89.28728, 493.709
3, W-00-03, 12.48352, 107.60948, 493.855
4, W-00-04, 34.96522, 129.64624, 499.849
5, W-00-05, 50.85051, 164.97335, 505.683
6, W-00-06, 50.45595, -147.03359, 505.539
7, W-00-07, 34.13115, -112.43942, 499.559
8, W-00-08, 11.51911, -90.71272, 493.709
9, W-00-09, -12.48352, -72.39052, 493.855
10, W-00-10, -34.96522, -50.35376, 499.849
11, W-00-11, -50.85051, -15.02665, 505.683
12, W-01-00, -45.61576, 93.14571, 503.743
13, W-01-01, -26.02925, 121.61394, 496.955
14, W-01-02, -2.52443, 141.17402, 492.904
15, W-01-03, 21.27035, 160.01546, 495.658
16, W-01-04, 42.14521, -174.26690, 502.450
17, W-01-05, 53.05726, -132.14544, 506.484
18, W-01-06, 45.61576, -86.85429, 503.743
19, W-01-07, 26.02925, -58.38606, 496.955
20, W-01-08, 2.52443, -38.82598, 492.904
21, W-01-09, -21.27035, -19.98454, 495.658
22, W-01-10, -42.14521, 5.73310, 502.450
23, W-01-11, -53.05726, 47.85456, 506.484
24, W-02-00, -39.10701, 150.56706, 501.331
25, W-02-01, -17.42586, 174.47128, 494.767
26, W-02-02, 6.50766, -167.03350, 493.136
27, W-02-03, 29.68308, -146.66565, 498.076
28, W-02-04, 47.99790, -115.66504, 504.630
29, W-02-05, 52.41894, -68.61568, 506.254
30, W-02-06, 39.10701, -29.43294, 501.331
31, W-02-07, 17.42586, -5.52872, 494.767
32, W-02-08, -6.50766, 12.96650, 493.136
33, W-02-09, -29.68308, 33.33435, 498.076
34, W-02-10, -47.99790, 64.33496, 504.630
35, W-02-11, -52.41894, 111.38432, 506.254
36, W-03-00, -31.50273, -154.25398, 498.669
37, W-03-01, -8.53339, -133.38566, 493.330
38, W-03-02, 15.44201, -114.99526, 494.368
39, W-03-03, 37.47303, -91.89919, 500.739
40, W-03-04, 51.88465, -54.27361, 506.060
41, W-03-05, 49.06972, -6.65795, 505.028
42, W-03-06, 31.50273, 25.74602, 498.669
43, W-03-07, 8.53339, 46.61434, 493.330
44, W-03-08, -15.44201, 65.00474, 494.368
45, W-03-09, -37.47303, 88.10081, 500.739
46, W-03-10, -51.88465, 125.72639, 506.060
47, W-03-11, -49.06972, 173.34205, 505.028
48, W-04-00, -23.20519, -100.66024, 496.161
49, W-04-01, 0.48870, -81.56796, 492.865
50, W-04-02, 24.12658, -62.33681, 496.412
51, W-04-03, 44.27227, -35.03982, 503.242
52, W-04-04, 53.16692, 9.07646, 506.523
53, W-04-05, 43.59971, 52.57514, 502.991
54, W-04-06, 23.20519, 79.33976, 496.161
55, W-04-07, -0.48870, 98.43204, 492.865
56, W-04-08, -24.12658, 117.66319, 496.412
57, W-04-09, -44.27227, 144.96018, 503.242
58, W-04-10, -53.16692, -170.92354, 506.523
59, W-04-11, -43.59971, -127.42486, 502.991
60, W-05-00, -14.48519, -48.08901, 494.191
61, W-05-01, 9.50356, -29.73205, 493.441
62, W-05-02, 32.36411, -8.60110, 498.956
63, W-05-03, 49.54644, 24.49987, 505.204
64, W-05-04, 51.58029, 72.29964, 505.950
65, W-05-05, 36.67080, 109.17597, 500.451
66, W-05-06, 14.48519, 131.91099, 494.191
67, W-05-07, -9.50356, 150.26795, 493.441
68, W-05-08, -32.36411, 171.39890, 498.956
69, W-05-09, -49.54644, -155.50013, 505.204
70, W-05-10, -51.58029, -107.70036, 505.950
71, W-05-11, -36.67080, -70.82403, 500.451
72, W-06-00, -5.53345, 3.90563, 493.060
73, W-06-01, 18.37311, 22.46822, 494.973
74, W-06-02, 39.87219, 46.78796, 501.611
75, W-06-03, 52.62616, 86.70976, 506.329
76, W-06-04, 47.44756, 133.40376, 504.426
77, W-06-05, 28.79837, 163.75631, 497.796
78, W-06-06, 5.53345, -176.09437, 493.060
79, W-06-07, -18.37311, -157.53178, 494.973
80, W-06-08, -39.87219, -133.21204, 501.611
81, W-06-09, -52.62616, -93.29024, 506.329
82, W-06-10, -47.44756, -46.59624, 504.426
83, W-06-11, -28.79837, -16.24369, 497.796
84, W-07-00, 3.50103, 55.69207, 492.942
85, W-07-01, 26.93382, 75.42957, 497.223
86, W-07-02, 46.23125, 104.48954, 503.973
87, W-07-03, 52.95228, 150.28326, 506.446
88, W-07-04, 41.42299, -168.29168, 502.182
89, W-07-05, 20.33482, -143.04702, 495.428
90, W-07-06, -3.50103, -124.30793, 492.942
91, W-07-07, -26.93382, -104.57043, 497.223
92, W-07-08, -46.23125, -75.51046, 503.973
93, W-07-09, -52.95228, -29.71674, 506.446
94, W-07-10, -41.42299, 11.70832, 502.182
95, W-07-11, -20.33482, 36.95298, 495.428

[LINKS]
Type, SourceID, TargetID
ISL, 0, 1
ISL, 0, 23
ISL, 1, 2
ISL, 1, 12
ISL, 2, 3
ISL, 2, 13
ISL, 3, 4
ISL, 3, 14
ISL, 4, 5
ISL, 4, 15
ISL, 5, 6
ISL, 5, 15
ISL, 6, 7
ISL, 6, 17
ISL, 7, 8
ISL, 7, 18
ISL, 8, 9
ISL, 8, 19
ISL, 9, 10
ISL, 9, 20
ISL, 10, 11
ISL, 10, 21
ISL, 11, 0
ISL, 11, 21
ISL, 12, 13
ISL, 12, 35
ISL, 13, 14
ISL, 13, 24
ISL, 14, 15
ISL, 14, 25
ISL, 15, 16
ISL, 15, 26
ISL, 16, 17
ISL, 16, 27
ISL, 17, 18
ISL, 17, 28
ISL, 18, 19
ISL, 18, 29
ISL, 19, 20
ISL, 19, 30
ISL, 20, 21
ISL, 20, 31
ISL, 21, 22
ISL, 21, 32
ISL, 22, 23
ISL, 22, 33
ISL, 23, 12
ISL, 23, 34
ISL, 24, 25
ISL, 24, 47
ISL, 25, 26
ISL, 25, 36
ISL, 26, 27
ISL, 26, 37
ISL, 27, 28
ISL, 27, 38
ISL, 28, 29
ISL, 28, 39
ISL, 29, 30
ISL, 29, 40
ISL, 30, 31
ISL, 30, 41
ISL, 31, 32
ISL, 31, 42
ISL, 32, 33
ISL, 32, 43
ISL, 33, 34
ISL, 33, 44
ISL, 34, 35
ISL, 34, 45
ISL, 35, 24
ISL, 35, 46
ISL, 36, 37
ISL, 36, 59
ISL, 37, 38
ISL, 37, 48
ISL, 38, 39
ISL, 38, 49
ISL, 39, 40
ISL, 39, 50
ISL, 40, 41
ISL, 40, 50
ISL, 41, 42
ISL, 41, 52
ISL, 42, 43
ISL, 42, 53
ISL, 43, 44
ISL, 43, 54
ISL, 44, 45
ISL, 44, 55
ISL, 45, 46
ISL, 45, 56
ISL, 46, 47
ISL, 46, 56
ISL, 47, 36
ISL, 47, 58
ISL, 48, 49
ISL, 48, 71
ISL, 49, 50
ISL, 49, 60
ISL, 50, 51
ISL, 50, 61
ISL, 51, 52
ISL, 51, 62
ISL, 52, 53
ISL, 52, 63
ISL, 53, 54
ISL, 53, 64
ISL, 54, 55
ISL, 54, 65
ISL, 55, 56
ISL, 55, 66
ISL, 56, 57
ISL, 56, 67
ISL, 57, 58
ISL, 57, 68
ISL, 58, 59
ISL, 58, 69
ISL, 59, 48
ISL, 59, 70
ISL, 60, 61
ISL, 60, 83
ISL, 61, 62
ISL, 61, 72
ISL, 62, 63
ISL, 62, 73
ISL, 63, 64
ISL, 63, 73
ISL, 64, 65
ISL, 64, 75
ISL, 65, 66
ISL, 65, 76
ISL, 66, 67
ISL, 66, 77
ISL, 67, 68
ISL, 67, 78
ISL, 68, 69
ISL, 68, 79
ISL, 69, 70
ISL, 69, 79
ISL, 70, 71
ISL, 70, 81
ISL, 71, 60
ISL, 71, 82
ISL, 72, 73
ISL, 72, 95
ISL, 73, 74
ISL, 73, 84
ISL, 74, 75
ISL, 74, 85
ISL, 75, 76
ISL, 75, 85
ISL, 76, 77
ISL, 76, 87
ISL, 77, 78
ISL, 77, 88
ISL, 78, 79
ISL, 78, 89
ISL, 79, 80
ISL, 79, 90
ISL, 80, 81
ISL, 80, 91
ISL, 81, 82
ISL, 81, 91
ISL, 82, 83
ISL, 82, 93
ISL, 83, 72
ISL, 83, 94
ISL, 84, 85
ISL, 84, 2
ISL, 85, 86
ISL, 85, 3
ISL, 86, 87
ISL, 86, 4
ISL, 87, 88
ISL, 87, 5
ISL, 88, 89
ISL, 88, 6
ISL, 89, 90
ISL, 89, 7
ISL, 90, 91
ISL, 90, 8
ISL, 91, 92
ISL, 91, 9
ISL, 92, 93
ISL, 92, 10
ISL, 93, 94
ISL, 93, 11
ISL, 94, 95
ISL, 94, 0
ISL, 95, 84
ISL, 95, 1
