[METADATA]
Time: 2026-04-12 03:24:43
Step: 81
Total_Sats: 96

[NODES]
ID, Name, Lat(deg), Lon(deg), Alt(km)
0, W-00-00, 39.51567, -109.67675, 501.480
1, W-00-01, 17.93019, -85.55376, 494.875
2, W-00-02, -5.98954, -67.02408, 493.094
3, W-00-03, -29.21331, -46.77420, 497.926
4, W-00-04, -47.70793, -16.12050, 504.523
5, W-00-05, -52.53322, 30.74632, 506.295
6, W-00-06, -39.51567, 70.32325, 501.480
7, W-00-07, -17.93019, 94.44624, 494.875
8, W-00-08, 5.98954, 112.97592, 493.094
9, W-00-09, 29.21331, 133.22580, 497.926
10, W-00-10, 47.70793, 163.87950, 504.523
11, W-00-11, 52.53322, -149.25368, 506.295
12, W-01-00, 31.96198, -54.38701, 498.821
13, W-01-01, 9.04969, -33.38082, 493.388
14, W-01-02, -14.93336, -15.00957, 494.273
15, W-01-03, -37.04765, 7.89230, 500.586
16, W-01-04, -51.72653, 45.11914, 506.003
17, W-01-05, -49.32647, 92.84000, 505.123
18, W-01-06, -31.96198, 125.61299, 498.821
19, W-01-07, -9.04969, 146.61918, 493.388
20, W-01-08, 14.93336, 164.99043, 494.273
21, W-01-09, 37.04765, -172.10770, 500.586
22, W-01-10, 51.72653, -134.88086, 506.003
23, W-01-11, 49.32647, -87.16000, 505.123
24, W-02-00, 23.69596, -0.71857, 496.294
25, W-02-01, 0.03125, 18.44607, 492.863
26, W-02-02, -23.63705, 37.60183, 496.278
27, W-02-03, -43.91664, 64.61320, 503.109
28, W-02-04, -53.17118, 108.40486, 506.525
29, W-02-05, -43.95964, 152.23602, 503.125
30, W-02-06, -23.69596, 179.28143, 496.294
31, W-02-07, -0.03125, -161.55393, 492.863
32, W-02-08, 23.63705, -142.39817, 496.278
33, W-02-09, 43.91664, -115.38680, 503.109
34, W-02-10, 53.17118, -71.59514, 506.525
35, W-02-11, 43.95964, -27.76398, 503.125
36, W-03-00, 14.99453, 51.89840, 494.284
37, W-03-01, -8.98766, 70.27179, 493.381
38, W-03-02, -31.90690, 91.26119, 498.803
39, W-03-03, -49.29599, 123.98962, 505.111
40, W-03-04, -51.74599, 171.69870, 506.010
41, W-03-05, -37.09895, -151.02655, 500.605
42, W-03-06, -14.99453, -128.10160, 494.284
43, W-03-07, 8.98766, -109.72821, 493.381
44, W-03-08, 31.90690, -88.73881, 498.803
45, W-03-09, 49.29599, -56.01038, 505.111
46, W-03-10, 51.74599, -8.30130, 506.010
47, W-03-11, 37.09895, 28.97345, 500.605
48, W-04-00, 6.05183, 103.91570, 493.099
49, W-04-01, -17.86963, 122.44107, 494.862
50, W-04-02, -39.46675, 146.53750, 501.462
51, W-04-03, -52.51997, -173.93283, 506.290
52, W-04-04, -47.74312, -127.04329, 504.536
53, W-04-05, -29.26988, -96.34815, 497.944
54, W-04-06, -6.05183, -76.08430, 493.099
55, W-04-07, 17.86963, -57.55893, 494.862
56, W-04-08, 39.46675, -33.46250, 501.462
57, W-04-09, 52.51997, 6.06717, 506.290
58, W-04-10, 47.74312, 52.95671, 504.536
59, W-04-11, 29.26988, 83.65185, 497.944
60, W-05-00, -2.98158, 155.70487, 492.920
61, W-05-01, -26.45336, 175.34638, 497.080
62, W-05-02, -45.90629, -155.91080, 503.851
63, W-05-03, -53.01233, -110.37910, 506.468
64, W-05-04, -41.80906, -68.58113, 502.325
65, W-05-05, -20.83301, -43.08723, 495.549
66, W-05-06, 2.98158, -24.29513, 492.920
67, W-05-07, 26.45336, -4.65362, 497.080
68, W-05-08, 45.90629, 24.08920, 503.851
69, W-05-09, 53.01233, 69.62090, 506.468
70, W-05-10, 41.80906, 111.41887, 502.325
71, W-05-11, 20.83301, 136.91277, 495.549
72, W-06-00, -11.97075, -152.39455, 493.776
73, W-06-01, -34.52271, -130.52472, 499.695
74, W-06-02, -50.64410, -95.58861, 505.608
75, W-06-03, -50.66933, -47.58803, 505.617
76, W-06-04, -34.57604, -12.60506, 499.713
77, W-06-05, -12.03241, 9.28460, 493.785
78, W-06-06, 11.97075, 27.60545, 493.776
79, W-06-07, 34.52271, 49.47528, 499.695
80, W-06-08, 50.64410, 84.41139, 505.608
81, W-06-09, 50.66933, 132.41197, 505.617
82, W-06-10, 34.57604, 167.39494, 499.713
83, W-06-11, 12.03241, -170.71540, 493.785
84, W-07-00, -20.77320, -100.02730, 495.534
85, W-07-01, -41.76288, -74.56365, 502.308
86, W-07-02, -53.00562, -32.81022, 506.465
87, W-07-03, -45.94565, 12.75362, 503.866
88, W-07-04, -26.51119, 41.53428, 497.097
89, W-07-05, -3.04402, 61.18714, 492.923
90, W-07-06, 20.77320, 79.97270, 495.534
91, W-07-07, 41.76288, 105.43635, 502.308
92, W-07-08, 53.00562, 147.18978, 506.465
93, W-07-09, 45.94565, -167.24638, 503.866
94, W-07-10, 26.51119, -138.46572, 497.097
95, W-07-11, 3.04402, -118.81286, 492.923

[LINKS]
Type, SourceID, TargetID
ISL, 0, 1
ISL, 0, 23
ISL, 1, 2
ISL, 1, 12
ISL, 2, 3
ISL, 2, 13
ISL, 3, 4
ISL, 3, 14
ISL, 4, 5
ISL, 4, 15
ISL, 5, 6
ISL, 5, 15
ISL, 6, 7
ISL, 6, 17
ISL, 7, 8
ISL, 7, 18
ISL, 8, 9
ISL, 8, 19
ISL, 9, 10
ISL, 9, 20
ISL, 10, 11
ISL, 10, 21
ISL, 11, 0
ISL, 11, 21
ISL, 12, 13
ISL, 12, 35
ISL, 13, 14
ISL, 13, 24
ISL, 14, 15
ISL, 14, 25
ISL, 15, 16
ISL, 15, 26
ISL, 16, 17
ISL, 16, 27
ISL, 17, 18
ISL, 17, 28
ISL, 18, 19
ISL, 18, 29
ISL, 19, 20
ISL, 19, 30
ISL, 20, 21
ISL, 20, 31
ISL, 21, 22
ISL, 21, 32
ISL, 22, 23
ISL, 22, 33
ISL, 23, 12
ISL, 23, 34
ISL, 24, 25
ISL, 24, 47
ISL, 25, 26
ISL, 25, 36
ISL, 26, 27
ISL, 26, 37
ISL, 27, 28
ISL, 27, 38
ISL, 28, 29
ISL, 28, 39
ISL, 29, 30
ISL, 29, 40
ISL, 30, 31
ISL, 30, 41
ISL, 31, 32
ISL, 31, 42
ISL, 32, 33
ISL, 32, 43
ISL, 33, 34
ISL, 33, 44
ISL, 34, 35
ISL, 34, 45
ISL, 35, 24
ISL, 35, 46
ISL, 36, 37
ISL, 36, 59
ISL, 37, 38
ISL, 37, 48
ISL, 38, 39
ISL, 38, 49
ISL, 39, 40
ISL, 39, 50
ISL, 40, 41
ISL, 40, 50
ISL, 41, 42
ISL, 41, 52
ISL, 42, 43
ISL, 42, 53
ISL, 43, 44
ISL, 43, 54
ISL, 44, 45
ISL, 44, 55
ISL, 45, 46
ISL, 45, 56
ISL, 46, 47
ISL, 46, 56
ISL, 47, 36
ISL, 47, 58
ISL, 48, 49
ISL, 48, 71
ISL, 49, 50
ISL, 49, 60
ISL, 50, 51
ISL, 50, 61
ISL, 51, 52
ISL, 51, 62
ISL, 52, 53
ISL, 52, 63
ISL, 53, 54
ISL, 53, 64
ISL, 54, 55
ISL, 54, 65
ISL, 55, 56
ISL, 55, 66
ISL, 56, 57
ISL, 56, 67
ISL, 57, 58
ISL, 57, 68
ISL, 58, 59
ISL, 58, 69
ISL, 59, 48
ISL, 59, 70
ISL, 60, 61
ISL, 60, 83
ISL, 61, 62
ISL, 61, 72
ISL, 62, 63
ISL, 62, 73
ISL, 63, 64
ISL, 63, 73
ISL, 64, 65
ISL, 64, 75
ISL, 65, 66
ISL, 65, 76
ISL, 66, 67
ISL, 66, 77
ISL, 67, 68
ISL, 67, 78
ISL, 68, 69
ISL, 68, 79
ISL, 69, 70
ISL, 69, 79
ISL, 70, 71
ISL, 70, 81
ISL, 71, 60
ISL, 71, 82
ISL, 72, 73
ISL, 72, 95
ISL, 73, 74
ISL, 73, 84
ISL, 74, 75
ISL, 74, 85
ISL, 75, 76
ISL, 75, 85
ISL, 76, 77
ISL, 76, 87
ISL, 77, 78
ISL, 77, 88
ISL, 78, 79
ISL, 78, 89
ISL, 79, 80
ISL, 79, 90
ISL, 80, 81
ISL, 80, 91
ISL, 81, 82
ISL, 81, 91
ISL, 82, 83
ISL, 82, 93
ISL, 83, 72
ISL, 83, 94
ISL, 84, 85
ISL, 84, 2
ISL, 85, 86
ISL, 85, 3
ISL, 86, 87
ISL, 86, 4
ISL, 87, 88
ISL, 87, 5
ISL, 88, 89
ISL, 88, 6
ISL, 89, 90
ISL, 89, 7
ISL, 90, 91
ISL, 90, 8
ISL, 91, 92
ISL, 91, 9
ISL, 92, 93
ISL, 92, 10
ISL, 93, 94
ISL, 93, 11
ISL, 94, 95
ISL, 94, 0
ISL, 95, 84
ISL, 95, 1
