[METADATA]
Time: 2026-04-12 03:59:13
Step: 150
Total_Sats: 96

[NODES]
ID, Name, Lat(deg), Lon(deg), Alt(km)
0, W-00-00, -51.78166, -8.18412, 506.023
1, W-00-01, -49.23933, 39.50256, 505.090
2, W-00-02, -31.80494, 72.14870, 498.769
3, W-00-03, -8.87291, 93.10720, 493.368
4, W-00-04, 15.10766, 111.48466, 494.305
5, W-00-05, 37.19370, 134.45250, 500.639
6, W-00-06, 51.78166, 171.81588, 506.023
7, W-00-07, 49.23933, -140.49744, 505.090
8, W-00-08, 31.80494, -107.85130, 498.769
9, W-00-09, 8.87291, -86.89280, 493.368
10, W-00-10, -15.10766, -68.51534, 494.305
11, W-00-11, -37.19370, -45.54750, 500.639
12, W-01-00, -53.17081, 55.12446, 506.525
13, W-01-01, -43.83691, 98.84272, 503.079
14, W-01-02, -23.52803, 125.79134, 496.248
15, W-01-03, 0.14684, 144.93081, 492.863
16, W-01-04, 23.80488, 164.11201, 496.324
17, W-01-05, 44.03900, -168.77941, 503.155
18, W-01-06, 53.17081, -124.87554, 506.525
19, W-01-07, 43.83691, -81.15728, 503.079
20, W-01-08, 23.52803, -54.20866, 496.248
21, W-01-09, -0.14684, -35.06919, 492.863
22, W-01-10, -23.80488, -15.88799, 496.324
23, W-01-11, -44.03900, 11.22059, 503.155
24, W-02-00, -51.69021, 118.39490, 505.990
25, W-02-01, -36.95265, 155.53313, 500.552
26, W-02-02, -14.82017, 178.39249, 494.252
27, W-02-03, 9.16441, -163.24010, 493.401
28, W-02-04, 32.06376, -142.20270, 498.855
29, W-02-05, 49.38258, -109.34711, 505.143
30, W-02-06, 51.69021, -61.60510, 505.990
31, W-02-07, 36.95265, -24.46687, 500.552
32, W-02-08, 14.82017, -1.60751, 494.252
33, W-02-09, -9.16441, 16.75990, 493.401
34, W-02-10, -32.06376, 37.79730, 498.855
35, W-02-11, -49.38258, 70.65289, 505.143
36, W-03-00, -47.64260, 179.60046, 504.498
37, W-03-01, -29.10860, -149.82230, 497.893
38, W-03-02, -5.87432, -129.59811, 493.085
39, W-03-03, 18.04218, -111.06035, 494.900
40, W-03-04, 39.60603, -86.88802, 501.513
41, W-03-05, 52.55738, -47.22376, 506.304
42, W-03-06, 47.64260, -0.39954, 504.498
43, W-03-07, 29.10860, 30.17770, 497.893
44, W-03-08, 5.87432, 50.40189, 493.085
45, W-03-09, -18.04218, 68.93965, 494.900
46, W-03-10, -39.60603, 93.11198, 501.513
47, W-03-11, -52.55738, 132.77624, 506.304
48, W-04-00, -41.67730, -121.99151, 502.276
49, W-04-01, -20.66251, -96.58358, 495.507
50, W-04-02, 3.15951, -77.81001, 492.927
51, W-04-03, 26.61811, -58.13603, 497.129
52, W-04-04, 46.01823, -29.28518, 503.893
53, W-04-05, 52.99284, 16.33765, 506.461
54, W-04-06, 41.67730, 58.00849, 502.276
55, W-04-07, 20.66251, 83.41642, 495.507
56, W-04-08, -3.15951, 102.18999, 492.927
57, W-04-09, -26.61811, 121.86397, 497.129
58, W-04-10, -46.01823, 150.71482, 503.893
59, W-04-11, -52.99284, -163.66235, 506.461
60, W-05-00, -34.42396, -66.05810, 499.660
61, W-05-01, -11.85667, -44.22476, 493.759
62, W-05-02, 12.14645, -25.90379, 493.803
63, W-05-03, 34.67458, -3.97730, 499.747
64, W-05-04, 50.71570, 31.09246, 505.634
65, W-05-05, 50.59713, 79.09239, 505.590
66, W-05-06, 34.42396, 113.94190, 499.660
67, W-05-07, 11.85667, 135.77524, 493.759
68, W-05-08, -12.14645, 154.09621, 493.803
69, W-05-09, -34.67458, 176.02270, 499.747
70, W-05-10, -50.71570, -148.90754, 505.634
71, W-05-11, -50.59713, -100.90761, 505.590
72, W-06-00, -26.34631, -11.94843, 497.048
73, W-06-01, -2.86607, 7.67224, 492.916
74, W-06-02, 20.94361, 26.47656, 495.577
75, W-06-03, 41.89431, 52.02660, 502.357
76, W-06-04, 53.02438, 93.90674, 506.472
77, W-06-05, 45.83328, 139.37852, 503.824
78, W-06-06, 26.34631, 168.05157, 497.048
79, W-06-07, 2.86607, -172.32776, 492.916
80, W-06-08, -20.94361, -153.52344, 495.577
81, W-06-09, -41.89431, -127.97340, 502.357
82, W-06-10, -53.02438, -86.09326, 506.472
83, W-06-11, -45.83328, -40.62148, 503.824
84, W-07-00, -17.75756, 40.94464, 494.838
85, W-07-01, 6.16703, 59.46216, 493.108
86, W-07-02, 29.37443, 79.75201, 497.977
87, W-07-03, 47.80797, 110.52398, 504.560
88, W-07-04, 52.49511, 157.45499, 506.282
89, W-07-05, 39.37611, -163.10285, 501.429
90, W-07-06, 17.75756, -139.05536, 494.838
91, W-07-07, -6.16703, -120.53784, 493.108
92, W-07-08, -29.37443, -100.24799, 497.977
93, W-07-09, -47.80797, -69.47602, 504.560
94, W-07-10, -52.49511, -22.54501, 506.282
95, W-07-11, -39.37611, 16.89715, 501.429

[LINKS]
Type, SourceID, TargetID
ISL, 0, 1
ISL, 0, 23
ISL, 1, 2
ISL, 1, 12
ISL, 2, 3
ISL, 2, 13
ISL, 3, 4
ISL, 3, 14
ISL, 4, 5
ISL, 4, 15
ISL, 5, 6
ISL, 5, 15
ISL, 6, 7
ISL, 6, 17
ISL, 7, 8
ISL, 7, 18
ISL, 8, 9
ISL, 8, 19
ISL, 9, 10
ISL, 9, 20
ISL, 10, 11
ISL, 10, 21
ISL, 11, 0
ISL, 11, 21
ISL, 12, 13
ISL, 12, 35
ISL, 13, 14
ISL, 13, 24
ISL, 14, 15
ISL, 14, 25
ISL, 15, 16
ISL, 15, 26
ISL, 16, 17
ISL, 16, 27
ISL, 17, 18
ISL, 17, 28
ISL, 18, 19
ISL, 18, 29
ISL, 19, 20
ISL, 19, 30
ISL, 20, 21
ISL, 20, 31
ISL, 21, 22
ISL, 21, 32
ISL, 22, 23
ISL, 22, 33
ISL, 23, 12
ISL, 23, 34
ISL, 24, 25
ISL, 24, 47
ISL, 25, 26
ISL, 25, 36
ISL, 26, 27
ISL, 26, 37
ISL, 27, 28
ISL, 27, 38
ISL, 28, 29
ISL, 28, 39
ISL, 29, 30
ISL, 29, 40
ISL, 30, 31
ISL, 30, 41
ISL, 31, 32
ISL, 31, 42
ISL, 32, 33
ISL, 32, 43
ISL, 33, 34
ISL, 33, 44
ISL, 34, 35
ISL, 34, 45
ISL, 35, 24
ISL, 35, 46
ISL, 36, 37
ISL, 36, 59
ISL, 37, 38
ISL, 37, 48
ISL, 38, 39
ISL, 38, 49
ISL, 39, 40
ISL, 39, 50
ISL, 40, 41
ISL, 40, 50
ISL, 41, 42
ISL, 41, 52
ISL, 42, 43
ISL, 42, 53
ISL, 43, 44
ISL, 43, 54
ISL, 44, 45
ISL, 44, 55
ISL, 45, 46
ISL, 45, 56
ISL, 46, 47
ISL, 46, 56
ISL, 47, 36
ISL, 47, 58
ISL, 48, 49
ISL, 48, 71
ISL, 49, 50
ISL, 49, 60
ISL, 50, 51
ISL, 50, 61
ISL, 51, 52
ISL, 51, 62
ISL, 52, 53
ISL, 52, 63
ISL, 53, 54
ISL, 53, 64
ISL, 54, 55
ISL, 54, 65
ISL, 55, 56
ISL, 55, 66
ISL, 56, 57
ISL, 56, 67
ISL, 57, 58
ISL, 57, 68
ISL, 58, 59
ISL, 58, 69
ISL, 59, 48
ISL, 59, 70
ISL, 60, 61
ISL, 60, 83
ISL, 61, 62
ISL, 61, 72
ISL, 62, 63
ISL, 62, 73
ISL, 63, 64
ISL, 63, 73
ISL, 64, 65
ISL, 64, 75
ISL, 65, 66
ISL, 65, 76
ISL, 66, 67
ISL, 66, 77
ISL, 67, 68
ISL, 67, 78
ISL, 68, 69
ISL, 68, 79
ISL, 69, 70
ISL, 69, 79
ISL, 70, 71
ISL, 70, 81
ISL, 71, 60
ISL, 71, 82
ISL, 72, 73
ISL, 72, 95
ISL, 73, 74
ISL, 73, 84
ISL, 74, 75
ISL, 74, 85
ISL, 75, 76
ISL, 75, 85
ISL, 76, 77
ISL, 76, 87
ISL, 77, 78
ISL, 77, 88
ISL, 78, 79
ISL, 78, 89
ISL, 79, 80
ISL, 79, 90
ISL, 80, 81
ISL, 80, 91
ISL, 81, 82
ISL, 81, 91
ISL, 82, 83
ISL, 82, 93
ISL, 83, 72
ISL, 83, 94
ISL, 84, 85
ISL, 84, 2
ISL, 85, 86
ISL, 85, 3
ISL, 86, 87
ISL, 86, 4
ISL, 87, 88
ISL, 87, 5
ISL, 88, 89
ISL, 88, 6
ISL, 89, 90
ISL, 89, 7
ISL, 90, 91
ISL, 90, 8
ISL, 91, 92
ISL, 91, 9
ISL, 92, 93
ISL, 92, 10
ISL, 93, 94
ISL, 93, 11
ISL, 94, 95
ISL, 94, 0
ISL, 95, 84
ISL, 95, 1
