[METADATA]
Time: 2026-04-12 02:54:43
Step: 21
Total_Sats: 96

[NODES]
ID, Name, Lat(deg), Lon(deg), Alt(km)
0, W-00-00, 10.52268, 123.98588, 493.571
1, W-00-01, 33.26149, 145.40941, 499.260
2, W-00-02, 50.02032, 179.25827, 505.379
3, W-00-03, 51.22754, -132.81184, 505.821
4, W-00-04, 35.81486, -96.72099, 500.148
5, W-00-05, 13.47543, -74.34764, 494.016
6, W-00-06, -10.52268, -56.01412, 493.571
7, W-00-07, -33.26149, -34.59059, 499.260
8, W-00-08, -50.02032, -0.74173, 505.379
9, W-00-09, -51.22754, 47.18816, 505.821
10, W-00-10, -35.81486, 83.27901, 500.148
11, W-00-11, -13.47543, 105.65236, 494.016
12, W-01-00, 19.36609, 176.25131, 495.198
13, W-01-01, 40.66310, -158.97187, 501.902
14, W-01-02, 52.80890, -118.28325, 506.395
15, W-01-03, 46.84462, -72.01806, 504.201
16, W-01-04, 27.86003, -42.32836, 497.504
17, W-01-05, 4.50724, -22.39429, 492.994
18, W-01-06, -19.36609, -3.74869, 495.198
19, W-01-07, -40.66310, 21.02813, 501.902
20, W-01-08, -52.80890, 61.71675, 506.395
21, W-01-09, -46.84462, 107.98194, 504.201
22, W-01-10, -27.86003, 137.67164, 497.504
23, W-01-11, -4.50724, 157.60571, 492.994
24, W-02-00, 27.87915, -130.67168, 497.510
25, W-02-01, 46.85710, -100.96873, 504.206
26, W-02-02, 52.80556, -54.69430, 506.393
27, W-02-03, 40.64720, -14.02110, 501.896
28, W-02-04, 19.34597, 10.74624, 495.193
29, W-02-05, -4.52808, 29.39003, 492.995
30, W-02-06, -27.87915, 49.32832, 497.510
31, W-02-07, -46.85710, 79.03127, 504.206
32, W-02-08, -52.80556, 125.30570, 506.393
33, W-02-09, -40.64720, 165.97890, 501.896
34, W-02-10, -19.34597, -169.25376, 495.193
35, W-02-11, 4.52808, -150.60997, 492.995
36, W-03-00, 35.83235, -76.27533, 500.154
37, W-03-01, 51.23502, -40.16858, 505.824
38, W-03-02, 50.01099, 7.75932, 505.375
39, W-03-03, 33.24337, 41.59286, 499.254
40, W-03-04, 10.50201, 63.01029, 493.568
41, W-03-05, -13.49595, 81.34417, 494.019
42, W-03-06, -35.83235, 103.72467, 500.154
43, W-03-07, -51.23502, 139.83142, 505.824
44, W-03-08, -50.01099, -172.24068, 505.375
45, W-03-09, -33.24337, -138.40714, 499.254
46, W-03-10, -10.50201, -116.98971, 493.568
47, W-03-11, 13.49595, -98.65583, 494.019
48, W-04-00, 42.88865, -19.93307, 502.726
49, W-04-01, 53.13114, 22.89793, 506.511
50, W-04-02, 44.94717, 67.61588, 503.493
51, W-04-03, 25.07112, 95.48202, 496.678
52, W-04-04, 1.49627, 114.86916, 492.877
53, W-04-05, -22.25017, 133.83089, 495.908
54, W-04-06, -42.88865, 160.06693, 502.726
55, W-04-07, -53.13114, -157.10207, 506.511
56, W-04-08, -44.94717, -112.38412, 503.493
57, W-04-09, -25.07112, -84.51798, 496.678
58, W-04-10, -1.49627, -65.13084, 492.877
59, W-04-11, 22.25017, -46.16911, 495.908
60, W-05-00, 48.55226, 38.98598, 504.836
61, W-05-01, 52.16616, 86.35160, 506.162
62, W-05-02, 38.28815, 124.74952, 501.033
63, W-05-03, 16.42544, 148.23594, 494.560
64, W-05-04, -7.53162, 166.67224, 493.228
65, W-05-05, -30.60634, -172.71486, 498.374
66, W-05-06, -48.55226, -141.01402, 504.836
67, W-05-07, -52.16616, -93.64840, 506.162
68, W-05-08, -38.28815, -55.25048, 501.033
69, W-05-09, -16.42544, -31.76406, 494.560
70, W-05-10, 7.53162, -13.32776, 493.228
71, W-05-11, 30.60634, 7.28514, 498.374
72, W-06-00, 52.17164, 100.66965, 506.164
73, W-06-01, 48.54127, 148.02945, 504.832
74, W-06-02, 30.58768, 179.71590, 498.368
75, W-06-03, 7.51085, -159.67634, 493.226
76, W-06-04, -16.44579, -141.23896, 494.565
77, W-06-05, -38.30491, -117.74426, 501.039
78, W-06-06, -52.17164, -79.33035, 506.164
79, W-06-07, -48.54127, -31.97055, 504.832
80, W-06-08, -30.58768, -0.28410, 498.368
81, W-06-09, -7.51085, 20.32366, 493.226
82, W-06-10, 16.44579, 38.76104, 494.565
83, W-06-11, 38.30491, 62.25574, 501.039
84, W-07-00, 53.13001, 164.12516, 506.510
85, W-07-01, 42.87373, -153.05797, 502.720
86, W-07-02, 22.23033, -126.83267, 495.903
87, W-07-03, -1.51714, -107.87352, 492.878
88, W-07-04, -25.09063, -88.48300, 496.684
89, W-07-05, -44.96094, -60.60485, 503.499
90, W-07-06, -53.13001, -15.87484, 506.510
91, W-07-07, -42.87373, 26.94203, 502.720
92, W-07-08, -22.23033, 53.16733, 495.903
93, W-07-09, 1.51714, 72.12648, 492.878
94, W-07-10, 25.09063, 91.51700, 496.684
95, W-07-11, 44.96094, 119.39515, 503.499

[LINKS]
Type, SourceID, TargetID
ISL, 0, 1
ISL, 0, 23
ISL, 1, 2
ISL, 1, 12
ISL, 2, 3
ISL, 2, 13
ISL, 3, 4
ISL, 3, 14
ISL, 4, 5
ISL, 4, 15
ISL, 5, 6
ISL, 5, 15
ISL, 6, 7
ISL, 6, 17
ISL, 7, 8
ISL, 7, 18
ISL, 8, 9
ISL, 8, 19
ISL, 9, 10
ISL, 9, 20
ISL, 10, 11
ISL, 10, 21
ISL, 11, 0
ISL, 11, 21
ISL, 12, 13
ISL, 12, 35
ISL, 13, 14
ISL, 13, 24
ISL, 14, 15
ISL, 14, 25
ISL, 15, 16
ISL, 15, 26
ISL, 16, 17
ISL, 16, 27
ISL, 17, 18
ISL, 17, 28
ISL, 18, 19
ISL, 18, 29
ISL, 19, 20
ISL, 19, 30
ISL, 20, 21
ISL, 20, 31
ISL, 21, 22
ISL, 21, 32
ISL, 22, 23
ISL, 22, 33
ISL, 23, 12
ISL, 23, 34
ISL, 24, 25
ISL, 24, 47
ISL, 25, 26
ISL, 25, 36
ISL, 26, 27
ISL, 26, 37
ISL, 27, 28
ISL, 27, 38
ISL, 28, 29
ISL, 28, 39
ISL, 29, 30
ISL, 29, 40
ISL, 30, 31
ISL, 30, 41
ISL, 31, 32
ISL, 31, 42
ISL, 32, 33
ISL, 32, 43
ISL, 33, 34
ISL, 33, 44
ISL, 34, 35
ISL, 34, 45
ISL, 35, 24
ISL, 35, 46
ISL, 36, 37
ISL, 36, 59
ISL, 37, 38
ISL, 37, 48
ISL, 38, 39
ISL, 38, 49
ISL, 39, 40
ISL, 39, 50
ISL, 40, 41
ISL, 40, 50
ISL, 41, 42
ISL, 41, 52
ISL, 42, 43
ISL, 42, 53
ISL, 43, 44
ISL, 43, 54
ISL, 44, 45
ISL, 44, 55
ISL, 45, 46
ISL, 45, 56
ISL, 46, 47
ISL, 46, 56
ISL, 47, 36
ISL, 47, 58
ISL, 48, 49
ISL, 48, 71
ISL, 49, 50
ISL, 49, 60
ISL, 50, 51
ISL, 50, 61
ISL, 51, 52
ISL, 51, 62
ISL, 52, 53
ISL, 52, 63
ISL, 53, 54
ISL, 53, 64
ISL, 54, 55
ISL, 54, 65
ISL, 55, 56
ISL, 55, 66
ISL, 56, 57
ISL, 56, 67
ISL, 57, 58
ISL, 57, 68
ISL, 58, 59
ISL, 58, 69
ISL, 59, 48
ISL, 59, 70
ISL, 60, 61
ISL, 60, 83
ISL, 61, 62
ISL, 61, 72
ISL, 62, 63
ISL, 62, 73
ISL, 63, 64
ISL, 63, 73
ISL, 64, 65
ISL, 64, 75
ISL, 65, 66
ISL, 65, 76
ISL, 66, 67
ISL, 66, 77
ISL, 67, 68
ISL, 67, 78
ISL, 68, 69
ISL, 68, 79
ISL, 69, 70
ISL, 69, 79
ISL, 70, 71
ISL, 70, 81
ISL, 71, 60
ISL, 71, 82
ISL, 72, 73
ISL, 72, 95
ISL, 73, 74
ISL, 73, 84
ISL, 74, 75
ISL, 74, 85
ISL, 75, 76
ISL, 75, 85
ISL, 76, 77
ISL, 76, 87
ISL, 77, 78
ISL, 77, 88
ISL, 78, 79
ISL, 78, 89
ISL, 79, 80
ISL, 79, 90
ISL, 80, 81
ISL, 80, 91
ISL, 81, 82
ISL, 81, 91
ISL, 82, 83
ISL, 82, 93
ISL, 83, 72
ISL, 83, 94
ISL, 84, 85
ISL, 84, 2
ISL, 85, 86
ISL, 85, 3
ISL, 86, 87
ISL, 86, 4
ISL, 87, 88
ISL, 87, 5
ISL, 88, 89
ISL, 88, 6
ISL, 89, 90
ISL, 89, 7
ISL, 90, 91
ISL, 90, 8
ISL, 91, 92
ISL, 91, 9
ISL, 92, 93
ISL, 92, 10
ISL, 93, 94
ISL, 93, 11
ISL, 94, 95
ISL, 94, 0
ISL, 95, 84
ISL, 95, 1
