[METADATA]
Time: 2026-04-12 04:00:43
Step: 153
Total_Sats: 96

[NODES]
ID, Name, Lat(deg), Lon(deg), Alt(km)
0, W-00-00, -52.84166, 0.59822, 506.407
1, W-00-01, -46.71882, 46.76938, 504.154
2, W-00-02, -27.66788, 76.32644, 497.445
3, W-00-03, -4.29795, 96.21846, 492.982
4, W-00-04, 19.56798, 114.88251, 495.245
5, W-00-05, 40.82245, 139.75502, 501.960
6, W-00-06, 52.84166, -179.40178, 506.407
7, W-00-07, 46.71882, -133.23062, 504.154
8, W-00-08, 27.66788, -103.67356, 497.445
9, W-00-09, 4.29795, -83.78154, 492.982
10, W-00-10, -19.56798, -65.11749, 495.245
11, W-00-11, -40.82245, -40.24498, 501.960
12, W-01-00, -52.77112, 64.18644, 506.381
13, W-01-01, -40.48715, 104.70438, 501.837
14, W-01-02, -19.14388, 129.37696, 495.147
15, W-01-03, 4.73733, 148.00287, 493.008
16, W-01-04, 28.07098, 167.98389, 497.569
17, W-01-05, 46.98183, -162.17958, 504.252
18, W-01-06, 52.77112, -115.81356, 506.381
19, W-01-07, 40.48715, -75.29562, 501.837
20, W-01-08, 19.14388, -50.62304, 495.147
21, W-01-09, -4.73733, -31.99713, 493.008
22, W-01-10, -28.07098, -12.01611, 497.569
23, W-01-11, -46.98183, 17.82042, 504.252
24, W-02-00, -49.91664, 126.59082, 505.340
25, W-02-01, -33.06119, 160.27085, 499.192
26, W-02-02, -10.29443, -178.37266, 493.541
27, W-02-03, 13.70200, -160.03493, 494.054
28, W-02-04, 36.00772, -137.58213, 500.216
29, W-02-05, 51.30945, -101.31564, 505.851
30, W-02-06, 49.91664, -53.40918, 505.340
31, W-02-07, 33.06119, -19.72915, 499.192
32, W-02-08, 10.29443, 1.62734, 493.541
33, W-02-09, -13.70200, 19.96507, 494.054
34, W-02-10, -36.00772, 42.41787, 500.216
35, W-02-11, -51.30945, 78.68436, 505.851
36, W-03-00, -44.80834, -173.61855, 503.442
37, W-03-01, -24.87506, -145.87252, 496.622
38, W-03-02, -1.28665, -126.51892, 492.874
39, W-03-03, 22.44928, -107.53107, 495.960
40, W-03-04, 43.03803, -81.18675, 502.782
41, W-03-05, 53.14157, -38.21445, 506.514
42, W-03-06, 44.80834, 6.38145, 503.442
43, W-03-07, 24.87506, 34.12748, 496.622
44, W-03-08, 1.28665, 53.48108, 492.874
45, W-03-09, -22.44928, 72.46893, 495.960
46, W-03-10, -43.03803, 98.81325, 502.782
47, W-03-11, -53.14157, 141.78555, 506.514
48, W-04-00, -38.11959, -116.54260, 500.972
49, W-04-01, -16.22109, -93.13893, 494.520
50, W-04-02, 7.74017, -74.71314, 493.248
51, W-04-03, 30.79352, -54.04837, 498.435
52, W-04-04, 48.66205, -22.20259, 504.877
53, W-04-05, 52.11032, 25.22000, 506.142
54, W-04-06, 38.11959, 63.45740, 500.972
55, W-04-07, 16.22109, 86.86107, 494.520
56, W-04-08, -7.74017, 105.28686, 493.248
57, W-04-09, -30.79352, 125.95163, 498.435
58, W-04-10, -48.66205, 157.79741, 504.877
59, W-04-11, -52.11032, -154.78000, 506.142
60, W-05-00, -30.40012, -61.61850, 498.307
61, W-05-01, -7.30224, -41.06189, 493.206
62, W-05-02, 16.64998, -22.61344, 494.606
63, W-05-03, 38.47287, 0.96490, 501.100
64, W-05-04, 52.22588, 39.53917, 506.184
65, W-05-05, 48.43027, 86.83919, 504.791
66, W-05-06, 30.40012, 118.38150, 498.307
67, W-05-07, 7.30224, 138.93811, 493.206
68, W-05-08, -16.64998, 157.38656, 494.606
69, W-05-09, -38.47287, -179.03510, 501.100
70, W-05-10, -52.22588, -140.46083, 506.184
71, W-05-11, -48.43027, -93.16081, 504.791
72, W-06-00, -22.03099, -8.19520, 495.852
73, W-06-01, 1.72675, 10.73844, 492.882
74, W-06-02, 25.28641, 30.16313, 496.740
75, W-06-03, 45.09884, 58.16236, 503.550
76, W-06-04, 53.11785, 103.01254, 506.506
77, W-06-05, 42.72354, 145.68681, 502.665
78, W-06-06, 22.03099, 171.80480, 495.852
79, W-06-07, -1.72675, -169.26156, 492.882
80, W-06-08, -25.28641, -149.83687, 496.740
81, W-06-09, -45.09884, -121.83764, 503.550
82, W-06-10, -53.11785, -76.98746, 506.506
83, W-06-11, -42.72354, -34.31319, 502.665
84, W-07-00, -13.26926, 44.27295, 493.981
85, W-07-01, 10.73017, 62.60316, 493.599
86, W-07-02, 33.44322, 84.08841, 499.322
87, W-07-03, 50.11332, 118.09138, 505.413
88, W-07-04, 51.15163, 166.03967, 505.793
89, W-07-05, 35.63897, -158.02893, 500.085
90, W-07-06, 13.26926, -135.72705, 493.981
91, W-07-07, -10.73017, -117.39684, 493.599
92, W-07-08, -33.44322, -95.91159, 499.322
93, W-07-09, -50.11332, -61.90862, 505.413
94, W-07-10, -51.15163, -13.96033, 505.793
95, W-07-11, -35.63897, 21.97107, 500.085

[LINKS]
Type, SourceID, TargetID
ISL, 0, 1
ISL, 0, 23
ISL, 1, 2
ISL, 1, 12
ISL, 2, 3
ISL, 2, 13
ISL, 3, 4
ISL, 3, 14
ISL, 4, 5
ISL, 4, 15
ISL, 5, 6
ISL, 5, 15
ISL, 6, 7
ISL, 6, 17
ISL, 7, 8
ISL, 7, 18
ISL, 8, 9
ISL, 8, 19
ISL, 9, 10
ISL, 9, 20
ISL, 10, 11
ISL, 10, 21
ISL, 11, 0
ISL, 11, 21
ISL, 12, 13
ISL, 12, 35
ISL, 13, 14
ISL, 13, 24
ISL, 14, 15
ISL, 14, 25
ISL, 15, 16
ISL, 15, 26
ISL, 16, 17
ISL, 16, 27
ISL, 17, 18
ISL, 17, 28
ISL, 18, 19
ISL, 18, 29
ISL, 19, 20
ISL, 19, 30
ISL, 20, 21
ISL, 20, 31
ISL, 21, 22
ISL, 21, 32
ISL, 22, 23
ISL, 22, 33
ISL, 23, 12
ISL, 23, 34
ISL, 24, 25
ISL, 24, 47
ISL, 25, 26
ISL, 25, 36
ISL, 26, 27
ISL, 26, 37
ISL, 27, 28
ISL, 27, 38
ISL, 28, 29
ISL, 28, 39
ISL, 29, 30
ISL, 29, 40
ISL, 30, 31
ISL, 30, 41
ISL, 31, 32
ISL, 31, 42
ISL, 32, 33
ISL, 32, 43
ISL, 33, 34
ISL, 33, 44
ISL, 34, 35
ISL, 34, 45
ISL, 35, 24
ISL, 35, 46
ISL, 36, 37
ISL, 36, 59
ISL, 37, 38
ISL, 37, 48
ISL, 38, 39
ISL, 38, 49
ISL, 39, 40
ISL, 39, 50
ISL, 40, 41
ISL, 40, 50
ISL, 41, 42
ISL, 41, 52
ISL, 42, 43
ISL, 42, 53
ISL, 43, 44
ISL, 43, 54
ISL, 44, 45
ISL, 44, 55
ISL, 45, 46
ISL, 45, 56
ISL, 46, 47
ISL, 46, 56
ISL, 47, 36
ISL, 47, 58
ISL, 48, 49
ISL, 48, 71
ISL, 49, 50
ISL, 49, 60
ISL, 50, 51
ISL, 50, 61
ISL, 51, 52
ISL, 51, 62
ISL, 52, 53
ISL, 52, 63
ISL, 53, 54
ISL, 53, 64
ISL, 54, 55
ISL, 54, 65
ISL, 55, 56
ISL, 55, 66
ISL, 56, 57
ISL, 56, 67
ISL, 57, 58
ISL, 57, 68
ISL, 58, 59
ISL, 58, 69
ISL, 59, 48
ISL, 59, 70
ISL, 60, 61
ISL, 60, 83
ISL, 61, 62
ISL, 61, 72
ISL, 62, 63
ISL, 62, 73
ISL, 63, 64
ISL, 63, 73
ISL, 64, 65
ISL, 64, 75
ISL, 65, 66
ISL, 65, 76
ISL, 66, 67
ISL, 66, 77
ISL, 67, 68
ISL, 67, 78
ISL, 68, 69
ISL, 68, 79
ISL, 69, 70
ISL, 69, 79
ISL, 70, 71
ISL, 70, 81
ISL, 71, 60
ISL, 71, 82
ISL, 72, 73
ISL, 72, 95
ISL, 73, 74
ISL, 73, 84
ISL, 74, 75
ISL, 74, 85
ISL, 75, 76
ISL, 75, 85
ISL, 76, 77
ISL, 76, 87
ISL, 77, 78
ISL, 77, 88
ISL, 78, 79
ISL, 78, 89
ISL, 79, 80
ISL, 79, 90
ISL, 80, 81
ISL, 80, 91
ISL, 81, 82
ISL, 81, 91
ISL, 82, 83
ISL, 82, 93
ISL, 83, 72
ISL, 83, 94
ISL, 84, 85
ISL, 84, 2
ISL, 85, 86
ISL, 85, 3
ISL, 86, 87
ISL, 86, 4
ISL, 87, 88
ISL, 87, 5
ISL, 88, 89
ISL, 88, 6
ISL, 89, 90
ISL, 89, 7
ISL, 90, 91
ISL, 90, 8
ISL, 91, 92
ISL, 91, 9
ISL, 92, 93
ISL, 92, 10
ISL, 93, 94
ISL, 93, 11
ISL, 94, 95
ISL, 94, 0
ISL, 95, 84
ISL, 95, 1
