[METADATA]
Time: 2026-04-12 03:24:13
Step: 80
Total_Sats: 96

[NODES]
ID, Name, Lat(deg), Lon(deg), Alt(km)
0, W-00-00, 40.69753, -111.50190, 501.914
1, W-00-01, 19.40965, -86.70451, 495.208
2, W-00-02, -4.46210, -68.05497, 492.991
3, W-00-03, -27.81861, -48.13002, 497.492
4, W-00-04, -46.81757, -18.46901, 504.191
5, W-00-05, -52.81610, 27.77608, 506.397
6, W-00-06, -40.69753, 68.49810, 501.914
7, W-00-07, -19.40965, 93.29549, 495.208
8, W-00-08, 4.46210, 111.94503, 492.991
9, W-00-09, 27.81861, 131.86998, 497.492
10, W-00-10, 46.81757, 161.53099, 504.191
11, W-00-11, 52.81610, -152.22392, 506.397
12, W-01-00, 33.30072, -55.87288, 499.274
13, W-01-01, 10.56745, -34.43610, 493.577
14, W-01-02, -13.43096, -16.10333, 494.008
15, W-01-03, -35.77696, 6.25454, 500.134
16, W-01-04, -51.21128, 42.31097, 505.815
17, W-01-05, -50.04048, 90.24506, 505.386
18, W-01-06, -33.30072, 124.12712, 499.274
19, W-01-07, -10.56745, 145.56390, 493.577
20, W-01-08, 13.43096, 163.89667, 494.008
21, W-01-09, 35.77696, -173.74546, 500.134
22, W-01-10, 51.21128, -137.68903, 505.815
23, W-01-11, 50.04048, -89.75494, 505.386
24, W-02-00, 25.13288, -1.97341, 496.696
25, W-02-01, 1.56236, 17.42443, 492.879
26, W-02-02, -22.18735, 36.37804, 495.892
27, W-02-03, -42.84140, 62.58012, 502.708
28, W-02-04, -53.12752, 105.36632, 506.509
29, W-02-05, -44.99076, 150.12240, 503.510
30, W-02-06, -25.13288, 178.02659, 496.696
31, W-02-07, -1.56236, -162.57557, 492.879
32, W-02-08, 22.18735, -143.62196, 495.892
33, W-02-09, 42.84140, -117.41988, 502.708
34, W-02-10, 53.12752, -74.63368, 506.509
35, W-02-11, 44.99076, -29.87760, 503.510
36, W-03-00, 16.48984, 50.78698, 494.573
37, W-03-01, -7.46585, 69.22670, 493.221
38, W-03-02, -30.54725, 89.82338, 498.355
39, W-03-03, -48.51742, 121.47867, 504.823
40, W-03-04, -52.18346, 168.82579, 506.169
41, W-03-05, -38.34119, -152.72570, 501.052
42, W-03-06, -16.48984, -129.21302, 494.573
43, W-03-07, 7.46585, -110.77330, 493.221
44, W-03-08, 30.54725, -90.17662, 498.355
45, W-03-09, 48.51742, -58.52133, 504.823
46, W-03-10, 52.18346, -11.17421, 506.169
47, W-03-11, 38.34119, 27.27430, 501.052
48, W-04-00, 7.57661, 102.87811, 493.232
49, W-04-01, -16.38137, 121.31210, 494.552
50, W-04-02, -38.25184, 144.78060, 501.020
51, W-04-03, -52.15423, -176.85609, 506.158
52, W-04-04, -48.57604, -129.47796, 504.845
53, W-04-05, -30.64674, -97.74592, 498.387
54, W-04-06, -7.57661, -77.12189, 493.232
55, W-04-07, 16.38137, -58.68790, 494.552
56, W-04-08, 38.25184, -35.21940, 501.020
57, W-04-09, 52.15423, 3.14391, 506.158
58, W-04-10, 48.57604, 50.52204, 504.845
59, W-04-11, 30.64674, 82.25408, 498.387
60, W-05-00, -1.45105, 154.68176, 492.877
61, W-05-01, -25.02885, 174.06162, 496.666
62, W-05-02, -44.91729, -158.09823, 503.482
63, W-05-03, -53.13352, -113.40646, 506.511
64, W-05-04, -42.92094, -70.54488, 502.738
65, W-05-05, -22.29314, -44.28556, 495.920
66, W-05-06, 1.45105, -25.31824, 492.877
67, W-05-07, 25.02885, -5.93838, 496.666
68, W-05-08, 44.91729, 21.90177, 503.482
69, W-05-09, 53.13352, 66.59354, 506.511
70, W-05-10, 42.92094, 109.45512, 502.738
71, W-05-11, 22.29314, 135.71444, 495.920
72, W-06-00, -10.45724, -153.46049, 493.562
73, W-06-01, -33.20410, -132.05627, 499.241
74, W-06-02, -49.99074, -98.25589, 505.368
75, W-06-03, -51.25119, -50.33238, 505.830
76, W-06-04, -35.87022, -14.19119, 500.167
77, W-06-05, -13.54041, 8.20484, 494.027
78, W-06-06, 10.45724, 26.53951, 493.562
79, W-06-07, 33.20410, 47.94373, 499.241
80, W-06-08, 49.99074, 81.74411, 505.368
81, W-06-09, 51.25119, 129.66762, 505.830
82, W-06-10, 35.87022, 165.80881, 500.167
83, W-06-11, 13.54041, -171.79516, 494.027
84, W-07-00, -19.30239, -101.19941, 495.183
85, W-07-01, -40.61273, -76.45258, 501.883
86, W-07-02, -52.79826, -35.81282, 506.391
87, W-07-03, -46.88409, 10.48155, 504.216
88, W-07-04, -27.92055, 40.21325, 497.523
89, W-07-05, -4.57322, 60.16070, 492.998
90, W-07-06, 19.30239, 78.80059, 495.183
91, W-07-07, 40.61273, 103.54742, 501.883
92, W-07-08, 52.79826, 144.18718, 506.391
93, W-07-09, 46.88409, -169.51845, 504.216
94, W-07-10, 27.92055, -139.78675, 497.523
95, W-07-11, 4.57322, -119.83930, 492.998

[LINKS]
Type, SourceID, TargetID
ISL, 0, 1
ISL, 0, 23
ISL, 1, 2
ISL, 1, 12
ISL, 2, 3
ISL, 2, 13
ISL, 3, 4
ISL, 3, 14
ISL, 4, 5
ISL, 4, 15
ISL, 5, 6
ISL, 5, 15
ISL, 6, 7
ISL, 6, 17
ISL, 7, 8
ISL, 7, 18
ISL, 8, 9
ISL, 8, 19
ISL, 9, 10
ISL, 9, 20
ISL, 10, 11
ISL, 10, 21
ISL, 11, 0
ISL, 11, 21
ISL, 12, 13
ISL, 12, 35
ISL, 13, 14
ISL, 13, 24
ISL, 14, 15
ISL, 14, 25
ISL, 15, 16
ISL, 15, 26
ISL, 16, 17
ISL, 16, 27
ISL, 17, 18
ISL, 17, 28
ISL, 18, 19
ISL, 18, 29
ISL, 19, 20
ISL, 19, 30
ISL, 20, 21
ISL, 20, 31
ISL, 21, 22
ISL, 21, 32
ISL, 22, 23
ISL, 22, 33
ISL, 23, 12
ISL, 23, 34
ISL, 24, 25
ISL, 24, 47
ISL, 25, 26
ISL, 25, 36
ISL, 26, 27
ISL, 26, 37
ISL, 27, 28
ISL, 27, 38
ISL, 28, 29
ISL, 28, 39
ISL, 29, 30
ISL, 29, 40
ISL, 30, 31
ISL, 30, 41
ISL, 31, 32
ISL, 31, 42
ISL, 32, 33
ISL, 32, 43
ISL, 33, 34
ISL, 33, 44
ISL, 34, 35
ISL, 34, 45
ISL, 35, 24
ISL, 35, 46
ISL, 36, 37
ISL, 36, 59
ISL, 37, 38
ISL, 37, 48
ISL, 38, 39
ISL, 38, 49
ISL, 39, 40
ISL, 39, 50
ISL, 40, 41
ISL, 40, 50
ISL, 41, 42
ISL, 41, 52
ISL, 42, 43
ISL, 42, 53
ISL, 43, 44
ISL, 43, 54
ISL, 44, 45
ISL, 44, 55
ISL, 45, 46
ISL, 45, 56
ISL, 46, 47
ISL, 46, 56
ISL, 47, 36
ISL, 47, 58
ISL, 48, 49
ISL, 48, 71
ISL, 49, 50
ISL, 49, 60
ISL, 50, 51
ISL, 50, 61
ISL, 51, 52
ISL, 51, 62
ISL, 52, 53
ISL, 52, 63
ISL, 53, 54
ISL, 53, 64
ISL, 54, 55
ISL, 54, 65
ISL, 55, 56
ISL, 55, 66
ISL, 56, 57
ISL, 56, 67
ISL, 57, 58
ISL, 57, 68
ISL, 58, 59
ISL, 58, 69
ISL, 59, 48
ISL, 59, 70
ISL, 60, 61
ISL, 60, 83
ISL, 61, 62
ISL, 61, 72
ISL, 62, 63
ISL, 62, 73
ISL, 63, 64
ISL, 63, 73
ISL, 64, 65
ISL, 64, 75
ISL, 65, 66
ISL, 65, 76
ISL, 66, 67
ISL, 66, 77
ISL, 67, 68
ISL, 67, 78
ISL, 68, 69
ISL, 68, 79
ISL, 69, 70
ISL, 69, 79
ISL, 70, 71
ISL, 70, 81
ISL, 71, 60
ISL, 71, 82
ISL, 72, 73
ISL, 72, 95
ISL, 73, 74
ISL, 73, 84
ISL, 74, 75
ISL, 74, 85
ISL, 75, 76
ISL, 75, 85
ISL, 76, 77
ISL, 76, 87
ISL, 77, 78
ISL, 77, 88
ISL, 78, 79
ISL, 78, 89
ISL, 79, 80
ISL, 79, 90
ISL, 80, 81
ISL, 80, 91
ISL, 81, 82
ISL, 81, 91
ISL, 82, 83
ISL, 82, 93
ISL, 83, 72
ISL, 83, 94
ISL, 84, 85
ISL, 84, 2
ISL, 85, 86
ISL, 85, 3
ISL, 86, 87
ISL, 86, 4
ISL, 87, 88
ISL, 87, 5
ISL, 88, 89
ISL, 88, 6
ISL, 89, 90
ISL, 89, 7
ISL, 90, 91
ISL, 90, 8
ISL, 91, 92
ISL, 91, 9
ISL, 92, 93
ISL, 92, 10
ISL, 93, 94
ISL, 93, 11
ISL, 94, 95
ISL, 94, 0
ISL, 95, 84
ISL, 95, 1
