[METADATA]
Time: 2026-04-12 03:32:43
Step: 97
Total_Sats: 96

[NODES]
ID, Name, Lat(deg), Lon(deg), Alt(km)
0, W-00-00, 17.55131, -87.23707, 494.794
1, W-00-01, -6.37890, -68.73358, 493.125
2, W-00-02, -29.56649, -48.39542, 498.039
3, W-00-03, -47.92642, -17.48150, 504.604
4, W-00-04, -52.44820, 29.52389, 506.265
5, W-00-05, -39.20893, 68.80481, 501.368
6, W-00-06, -17.55131, 92.76293, 494.794
7, W-00-07, 6.37890, 111.26642, 493.125
8, W-00-08, 29.56649, 131.60458, 498.039
9, W-00-09, 47.92642, 162.51850, 504.604
10, W-00-10, 52.44820, -150.47611, 506.265
11, W-00-11, 39.20893, -111.19519, 501.368
12, W-01-00, 8.66177, -35.08670, 493.344
13, W-01-01, -15.31565, -16.70135, 494.344
14, W-01-02, -37.36759, 6.34599, 500.701
15, W-01-03, -51.84615, 43.87244, 506.046
16, W-01-04, -49.13420, 91.51578, 505.052
17, W-01-05, -31.61710, 124.01110, 498.706
18, W-01-06, -8.66177, 144.91330, 493.344
19, W-01-07, 15.31565, 163.29865, 494.344
20, W-01-08, 37.36759, -173.65401, 500.701
21, W-01-09, 51.84615, -136.12756, 506.046
22, W-01-10, 49.13420, -88.48422, 505.052
23, W-01-11, 31.61710, -55.98890, 498.706
24, W-02-00, -0.35945, 16.73318, 492.864
25, W-02-01, -24.00503, 35.94526, 496.379
26, W-02-02, -44.18433, 63.17074, 503.209
27, W-02-03, -53.16889, 107.20719, 506.524
28, W-02-04, -43.68963, 150.78933, 503.024
29, W-02-05, -23.32731, 177.62323, 496.194
30, W-02-06, 0.35945, -163.26682, 492.864
31, W-02-07, 24.00503, -144.05474, 496.379
32, W-02-08, 44.18433, -116.82926, 503.209
33, W-02-09, 53.16889, -72.79281, 506.524
34, W-02-10, 43.68963, -29.21067, 503.024
35, W-02-11, 23.32731, -2.37677, 496.194
36, W-03-00, -9.37536, 68.56645, 493.426
37, W-03-01, -32.25068, 89.66182, 498.918
38, W-03-02, -49.48486, 122.66982, 505.181
39, W-03-03, -51.62228, 170.44860, 505.965
40, W-03-04, -36.77752, -152.57609, 500.490
41, W-03-05, -14.61187, -129.79431, 494.214
42, W-03-06, 9.37536, -111.43355, 493.426
43, W-03-07, 32.25068, -90.33818, 498.918
44, W-03-08, 49.48486, -57.33018, 505.181
45, W-03-09, 51.62228, -9.55140, 505.965
46, W-03-10, 36.77752, 27.42391, 500.490
47, W-03-11, 14.61187, 50.20569, 494.214
48, W-04-00, -18.24805, 120.75890, 494.945
49, W-04-01, -39.77176, 145.02264, 501.574
50, W-04-02, -52.60063, -175.15279, 506.320
51, W-04-03, -47.52161, -128.40882, 504.453
52, W-04-04, -28.91576, -97.97158, 497.832
53, W-04-05, -5.66234, -77.79415, 493.070
54, W-04-06, 18.24805, -59.24110, 494.945
55, W-04-07, 39.77176, -34.97736, 501.574
56, W-04-08, 52.60063, 4.84721, 506.320
57, W-04-09, 47.52161, 51.59118, 504.453
58, W-04-10, 28.91576, 82.02842, 497.832
59, W-04-11, 5.66234, 102.20585, 493.070
60, W-05-00, -26.81455, 173.70617, 497.187
61, W-05-01, -46.15100, -157.31320, 503.943
62, W-05-02, -52.96810, -111.58345, 506.452
63, W-05-03, -41.51935, -70.06521, 502.218
64, W-05-04, -20.45877, -44.75910, 495.458
65, W-05-05, 3.37192, -26.00713, 492.936
66, W-05-06, 26.81455, -6.29383, 497.187
67, W-05-07, 46.15100, 22.68680, 503.943
68, W-05-08, 52.96810, 68.41655, 506.452
69, W-05-09, 41.51935, 109.93479, 502.218
70, W-05-10, 20.45877, 135.24090, 495.458
71, W-05-11, -3.37192, 153.99287, 492.936
72, W-06-00, -34.85548, -132.09917, 499.811
73, W-06-01, -50.79995, -96.86948, 505.665
74, W-06-02, -50.50972, -48.87295, 505.558
75, W-06-03, -34.24199, -14.18238, 499.597
76, W-06-04, -11.64676, 7.58441, 493.728
77, W-06-05, 12.35611, 25.90598, 493.835
78, W-06-06, 34.85548, 47.90083, 499.811
79, W-06-07, 50.79995, 83.13052, 505.665
80, W-06-08, 50.50972, 131.12705, 505.558
81, W-06-09, 34.24199, 165.81762, 499.597
82, W-06-10, 11.64676, -172.41559, 493.728
83, W-06-11, -12.35611, -154.09402, 493.835
84, W-07-00, -42.05057, -76.04379, 502.415
85, W-07-01, -53.04531, -34.01327, 506.480
86, W-07-02, -45.69828, 11.34677, 503.774
87, W-07-03, -26.14921, 39.89216, 496.990
88, W-07-04, -2.65360, 59.47496, 492.908
89, W-07-05, 21.14688, 78.30221, 495.627
90, W-07-06, 42.05057, 103.95621, 502.415
91, W-07-07, 53.04531, 145.98673, 506.480
92, W-07-08, 45.69828, -168.65323, 503.774
93, W-07-09, 26.14921, -140.10784, 496.990
94, W-07-10, 2.65360, -120.52504, 492.908
95, W-07-11, -21.14688, -101.69779, 495.627

[LINKS]
Type, SourceID, TargetID
ISL, 0, 1
ISL, 0, 23
ISL, 1, 2
ISL, 1, 12
ISL, 2, 3
ISL, 2, 13
ISL, 3, 4
ISL, 3, 14
ISL, 4, 5
ISL, 4, 15
ISL, 5, 6
ISL, 5, 15
ISL, 6, 7
ISL, 6, 17
ISL, 7, 8
ISL, 7, 18
ISL, 8, 9
ISL, 8, 19
ISL, 9, 10
ISL, 9, 20
ISL, 10, 11
ISL, 10, 21
ISL, 11, 0
ISL, 11, 21
ISL, 12, 13
ISL, 12, 35
ISL, 13, 14
ISL, 13, 24
ISL, 14, 15
ISL, 14, 25
ISL, 15, 16
ISL, 15, 26
ISL, 16, 17
ISL, 16, 27
ISL, 17, 18
ISL, 17, 28
ISL, 18, 19
ISL, 18, 29
ISL, 19, 20
ISL, 19, 30
ISL, 20, 21
ISL, 20, 31
ISL, 21, 22
ISL, 21, 32
ISL, 22, 23
ISL, 22, 33
ISL, 23, 12
ISL, 23, 34
ISL, 24, 25
ISL, 24, 47
ISL, 25, 26
ISL, 25, 36
ISL, 26, 27
ISL, 26, 37
ISL, 27, 28
ISL, 27, 38
ISL, 28, 29
ISL, 28, 39
ISL, 29, 30
ISL, 29, 40
ISL, 30, 31
ISL, 30, 41
ISL, 31, 32
ISL, 31, 42
ISL, 32, 33
ISL, 32, 43
ISL, 33, 34
ISL, 33, 44
ISL, 34, 35
ISL, 34, 45
ISL, 35, 24
ISL, 35, 46
ISL, 36, 37
ISL, 36, 59
ISL, 37, 38
ISL, 37, 48
ISL, 38, 39
ISL, 38, 49
ISL, 39, 40
ISL, 39, 50
ISL, 40, 41
ISL, 40, 50
ISL, 41, 42
ISL, 41, 52
ISL, 42, 43
ISL, 42, 53
ISL, 43, 44
ISL, 43, 54
ISL, 44, 45
ISL, 44, 55
ISL, 45, 46
ISL, 45, 56
ISL, 46, 47
ISL, 46, 56
ISL, 47, 36
ISL, 47, 58
ISL, 48, 49
ISL, 48, 71
ISL, 49, 50
ISL, 49, 60
ISL, 50, 51
ISL, 50, 61
ISL, 51, 52
ISL, 51, 62
ISL, 52, 53
ISL, 52, 63
ISL, 53, 54
ISL, 53, 64
ISL, 54, 55
ISL, 54, 65
ISL, 55, 56
ISL, 55, 66
ISL, 56, 57
ISL, 56, 67
ISL, 57, 58
ISL, 57, 68
ISL, 58, 59
ISL, 58, 69
ISL, 59, 48
ISL, 59, 70
ISL, 60, 61
ISL, 60, 83
ISL, 61, 62
ISL, 61, 72
ISL, 62, 63
ISL, 62, 73
ISL, 63, 64
ISL, 63, 73
ISL, 64, 65
ISL, 64, 75
ISL, 65, 66
ISL, 65, 76
ISL, 66, 67
ISL, 66, 77
ISL, 67, 68
ISL, 67, 78
ISL, 68, 69
ISL, 68, 79
ISL, 69, 70
ISL, 69, 79
ISL, 70, 71
ISL, 70, 81
ISL, 71, 60
ISL, 71, 82
ISL, 72, 73
ISL, 72, 95
ISL, 73, 74
ISL, 73, 84
ISL, 74, 75
ISL, 74, 85
ISL, 75, 76
ISL, 75, 85
ISL, 76, 77
ISL, 76, 87
ISL, 77, 78
ISL, 77, 88
ISL, 78, 79
ISL, 78, 89
ISL, 79, 80
ISL, 79, 90
ISL, 80, 81
ISL, 80, 91
ISL, 81, 82
ISL, 81, 91
ISL, 82, 83
ISL, 82, 93
ISL, 83, 72
ISL, 83, 94
ISL, 84, 85
ISL, 84, 2
ISL, 85, 86
ISL, 85, 3
ISL, 86, 87
ISL, 86, 4
ISL, 87, 88
ISL, 87, 5
ISL, 88, 89
ISL, 88, 6
ISL, 89, 90
ISL, 89, 7
ISL, 90, 91
ISL, 90, 8
ISL, 91, 92
ISL, 91, 9
ISL, 92, 93
ISL, 92, 10
ISL, 93, 94
ISL, 93, 11
ISL, 94, 95
ISL, 94, 0
ISL, 95, 84
ISL, 95, 1
