[METADATA]
Time: 2026-04-12 03:15:13
Step: 62
Total_Sats: 96

[NODES]
ID, Name, Lat(deg), Lon(deg), Alt(km)
0, W-00-00, 53.15288, -157.05796, 506.518
1, W-00-01, 43.23291, -113.90210, 502.854
2, W-00-02, 22.71023, -87.41434, 496.029
3, W-00-03, -1.01157, -68.39139, 492.870
4, W-00-04, -24.61743, -49.08094, 496.549
5, W-00-05, -44.62489, -21.49117, 503.373
6, W-00-06, -53.15288, 22.94204, 506.518
7, W-00-07, -43.23291, 66.09790, 502.854
8, W-00-08, -22.71023, 92.58566, 496.029
9, W-00-09, 1.01157, 111.60861, 492.870
10, W-00-10, 24.61743, 130.91906, 496.549
11, W-00-11, 44.62489, 158.50883, 503.373
12, W-01-00, 51.40506, -93.91291, 505.886
13, W-01-01, 36.23711, -57.43647, 500.297
14, W-01-02, 13.97219, -34.88764, 494.100
15, W-01-03, -10.02192, -16.54410, 493.506
16, W-01-04, -32.82152, 4.73350, 499.111
17, W-01-05, -49.79098, 38.21294, 505.294
18, W-01-06, -51.40506, 86.08709, 505.886
19, W-01-07, -36.23711, 122.56353, 500.297
20, W-01-08, -13.97219, 145.11236, 494.100
21, W-01-09, 10.02192, 163.45590, 493.506
22, W-01-10, 32.82152, -175.26650, 499.111
23, W-01-11, 49.79098, -141.78706, 505.294
24, W-02-00, 47.14401, -32.96566, 504.313
25, W-02-01, 28.32224, -2.95260, 497.647
26, W-02-02, 5.01185, 17.08542, 493.025
27, W-02-03, -18.87844, 35.68866, 495.086
28, W-02-04, -40.27617, 60.23821, 501.759
29, W-02-05, -52.72363, 100.55151, 506.364
30, W-02-06, -47.14401, 147.03434, 504.313
31, W-02-07, -28.32224, 177.04740, 497.647
32, W-02-08, -5.01185, -162.91458, 493.025
33, W-02-09, 18.87844, -144.31134, 495.086
34, W-02-10, 40.27617, -119.76179, 501.759
35, W-02-11, 52.72363, -79.44849, 506.364
36, W-03-00, 41.03056, 25.18179, 502.037
37, W-03-01, 19.83264, 50.18118, 495.307
38, W-03-02, -4.02327, 68.87024, 492.967
39, W-03-03, -27.41529, 88.70800, 497.368
40, W-03-04, -46.55229, 118.09229, 504.092
41, W-03-05, -52.88231, 164.13680, 506.421
42, W-03-06, -41.03056, -154.81821, 502.037
43, W-03-07, -19.83264, -129.81882, 495.307
44, W-03-08, 4.02327, -111.12976, 492.967
45, W-03-09, 27.41529, -91.29200, 497.368
46, W-03-10, 46.55229, -61.90771, 504.092
47, W-03-11, 52.88231, -15.86320, 506.421
48, W-04-00, 33.68106, 80.91180, 499.404
49, W-04-01, 11.00230, 102.47911, 493.636
50, W-04-02, -12.99856, 120.80575, 493.937
51, W-04-03, -35.40746, 143.01501, 500.004
52, W-04-04, -51.04999, 178.73757, 505.756
53, W-04-05, -50.23348, -133.29417, 505.457
54, W-04-06, -33.68106, -99.08820, 499.404
55, W-04-07, -11.00230, -77.52089, 493.636
56, W-04-08, 12.99856, -59.19425, 493.937
57, W-04-09, 35.40746, -36.98499, 500.004
58, W-04-10, 51.04999, -1.26243, 505.756
59, W-04-11, 50.23348, 46.70583, 505.457
60, W-05-00, 25.54292, 134.88071, 496.813
61, W-05-01, 2.00177, 154.35112, 492.889
62, W-05-02, -21.76910, 173.25209, 495.784
63, W-05-03, -42.52535, -160.76938, 502.591
64, W-05-04, -53.09952, -118.28393, 506.499
65, W-05-05, -45.27847, -73.27876, 503.617
66, W-05-06, -25.54292, -45.11929, 496.813
67, W-05-07, -2.00177, -25.64888, 492.889
68, W-05-08, 21.76910, -6.74791, 495.784
69, W-05-09, 42.52535, 19.23062, 502.591
70, W-05-10, 53.09952, 61.71607, 506.499
71, W-05-11, 45.27847, 106.72124, 503.617
72, W-06-00, 16.91770, -172.31529, 494.661
73, W-06-01, -7.02840, -153.85156, 493.181
74, W-06-02, -30.15348, -133.36108, 498.227
75, W-06-03, -48.28297, -102.00676, 504.736
76, W-06-04, -52.29484, -54.78905, 506.209
77, W-06-05, -38.69241, -16.00463, 501.180
78, W-06-06, -16.91770, 7.68471, 494.661
79, W-06-07, 7.02840, 26.14844, 493.181
80, W-06-08, 30.15348, 46.63892, 498.227
81, W-06-09, 48.28297, 77.99324, 504.736
82, W-06-10, 52.29484, 125.21095, 506.209
83, W-06-11, 38.69241, 163.99537, 501.180
84, W-07-00, 8.01373, -120.20098, 493.275
85, W-07-01, -15.95274, -101.78822, 494.467
86, W-07-02, -37.89757, -78.49190, 500.892
87, W-07-03, -52.03487, -40.46531, 506.115
88, W-07-04, -48.80443, 7.02811, 504.930
89, W-07-05, -31.03860, 39.06517, 498.515
90, W-07-06, -8.01373, 59.79902, 493.275
91, W-07-07, 15.95274, 78.21178, 494.467
92, W-07-08, 37.89757, 101.50810, 500.892
93, W-07-09, 52.03487, 139.53469, 506.115
94, W-07-10, 48.80443, -172.97189, 504.930
95, W-07-11, 31.03860, -140.93483, 498.515

[LINKS]
Type, SourceID, TargetID
ISL, 0, 1
ISL, 0, 23
ISL, 1, 2
ISL, 1, 12
ISL, 2, 3
ISL, 2, 13
ISL, 3, 4
ISL, 3, 14
ISL, 4, 5
ISL, 4, 15
ISL, 5, 6
ISL, 5, 15
ISL, 6, 7
ISL, 6, 17
ISL, 7, 8
ISL, 7, 18
ISL, 8, 9
ISL, 8, 19
ISL, 9, 10
ISL, 9, 20
ISL, 10, 11
ISL, 10, 21
ISL, 11, 0
ISL, 11, 21
ISL, 12, 13
ISL, 12, 35
ISL, 13, 14
ISL, 13, 24
ISL, 14, 15
ISL, 14, 25
ISL, 15, 16
ISL, 15, 26
ISL, 16, 17
ISL, 16, 27
ISL, 17, 18
ISL, 17, 28
ISL, 18, 19
ISL, 18, 29
ISL, 19, 20
ISL, 19, 30
ISL, 20, 21
ISL, 20, 31
ISL, 21, 22
ISL, 21, 32
ISL, 22, 23
ISL, 22, 33
ISL, 23, 12
ISL, 23, 34
ISL, 24, 25
ISL, 24, 47
ISL, 25, 26
ISL, 25, 36
ISL, 26, 27
ISL, 26, 37
ISL, 27, 28
ISL, 27, 38
ISL, 28, 29
ISL, 28, 39
ISL, 29, 30
ISL, 29, 40
ISL, 30, 31
ISL, 30, 41
ISL, 31, 32
ISL, 31, 42
ISL, 32, 33
ISL, 32, 43
ISL, 33, 34
ISL, 33, 44
ISL, 34, 35
ISL, 34, 45
ISL, 35, 24
ISL, 35, 46
ISL, 36, 37
ISL, 36, 59
ISL, 37, 38
ISL, 37, 48
ISL, 38, 39
ISL, 38, 49
ISL, 39, 40
ISL, 39, 50
ISL, 40, 41
ISL, 40, 50
ISL, 41, 42
ISL, 41, 52
ISL, 42, 43
ISL, 42, 53
ISL, 43, 44
ISL, 43, 54
ISL, 44, 45
ISL, 44, 55
ISL, 45, 46
ISL, 45, 56
ISL, 46, 47
ISL, 46, 56
ISL, 47, 36
ISL, 47, 58
ISL, 48, 49
ISL, 48, 71
ISL, 49, 50
ISL, 49, 60
ISL, 50, 51
ISL, 50, 61
ISL, 51, 52
ISL, 51, 62
ISL, 52, 53
ISL, 52, 63
ISL, 53, 54
ISL, 53, 64
ISL, 54, 55
ISL, 54, 65
ISL, 55, 56
ISL, 55, 66
ISL, 56, 57
ISL, 56, 67
ISL, 57, 58
ISL, 57, 68
ISL, 58, 59
ISL, 58, 69
ISL, 59, 48
ISL, 59, 70
ISL, 60, 61
ISL, 60, 83
ISL, 61, 62
ISL, 61, 72
ISL, 62, 63
ISL, 62, 73
ISL, 63, 64
ISL, 63, 73
ISL, 64, 65
ISL, 64, 75
ISL, 65, 66
ISL, 65, 76
ISL, 66, 67
ISL, 66, 77
ISL, 67, 68
ISL, 67, 78
ISL, 68, 69
ISL, 68, 79
ISL, 69, 70
ISL, 69, 79
ISL, 70, 71
ISL, 70, 81
ISL, 71, 60
ISL, 71, 82
ISL, 72, 73
ISL, 72, 95
ISL, 73, 74
ISL, 73, 84
ISL, 74, 75
ISL, 74, 85
ISL, 75, 76
ISL, 75, 85
ISL, 76, 77
ISL, 76, 87
ISL, 77, 78
ISL, 77, 88
ISL, 78, 79
ISL, 78, 89
ISL, 79, 80
ISL, 79, 90
ISL, 80, 81
ISL, 80, 91
ISL, 81, 82
ISL, 81, 91
ISL, 82, 83
ISL, 82, 93
ISL, 83, 72
ISL, 83, 94
ISL, 84, 85
ISL, 84, 2
ISL, 85, 86
ISL, 85, 3
ISL, 86, 87
ISL, 86, 4
ISL, 87, 88
ISL, 87, 5
ISL, 88, 89
ISL, 88, 6
ISL, 89, 90
ISL, 89, 7
ISL, 90, 91
ISL, 90, 8
ISL, 91, 92
ISL, 91, 9
ISL, 92, 93
ISL, 92, 10
ISL, 93, 94
ISL, 93, 11
ISL, 94, 95
ISL, 94, 0
ISL, 95, 84
ISL, 95, 1
