[METADATA]
Time: 2026-04-12 03:33:43
Step: 99
Total_Sats: 96

[NODES]
ID, Name, Lat(deg), Lon(deg), Alt(km)
0, W-00-00, 14.56401, -85.00597, 494.205
1, W-00-01, -9.42381, -66.64667, 493.432
2, W-00-02, -32.29356, -45.53789, 498.932
3, W-00-03, -49.50818, -12.49479, 505.190
4, W-00-04, -51.60648, 35.29204, 505.959
5, W-00-05, -36.73721, 72.22995, 500.475
6, W-00-06, -14.56401, 94.99403, 494.205
7, W-00-07, 9.42381, 113.35333, 493.432
8, W-00-08, 32.29356, 134.46211, 498.932
9, W-00-09, 49.50818, 167.50521, 505.190
10, W-00-10, 51.60648, -144.70796, 505.959
11, W-00-11, 36.73721, -107.77005, 500.475
12, W-01-00, 5.61364, -33.00791, 493.066
13, W-01-01, -18.29531, -14.45128, 494.955
14, W-01-02, -39.80973, 9.83359, 501.588
15, W-01-03, -52.61035, 49.69492, 506.323
16, W-01-04, -47.49368, 96.42011, 504.443
17, W-01-05, -28.87142, 126.82531, 497.818
18, W-01-06, -5.61364, 146.99209, 493.066
19, W-01-07, 18.29531, 165.54872, 494.955
20, W-01-08, 39.80973, -170.16641, 501.588
21, W-01-09, 52.61035, -130.30508, 506.323
22, W-01-10, 47.49368, -83.57989, 504.443
23, W-01-11, 28.87142, -53.17469, 497.818
24, W-02-00, -3.42071, 18.77888, 492.939
25, W-02-01, -26.85963, 38.50130, 497.201
26, W-02-02, -46.18137, 67.51188, 503.954
27, W-02-03, -52.96219, 113.26589, 506.450
28, W-02-04, -41.48297, 154.74896, 502.204
29, W-02-05, -20.41194, -179.96820, 495.446
30, W-02-06, 3.42071, -161.22112, 492.939
31, W-02-07, 26.85963, -141.49870, 497.201
32, W-02-08, 46.18137, -112.48812, 503.954
33, W-02-09, 52.96219, -66.73411, 506.450
34, W-02-10, 41.48297, -25.25104, 502.204
35, W-02-11, 20.41194, 0.03180, 495.446
36, W-03-00, -12.40426, 70.69361, 493.842
37, W-03-01, -34.89697, 92.70426, 499.825
38, W-03-02, -50.81911, 127.97075, 505.672
39, W-03-03, -50.48946, 175.96609, 505.551
40, W-03-04, -34.20012, -149.37979, 499.583
41, W-03-05, -11.59853, -127.62818, 493.721
42, W-03-06, 12.40426, -109.30639, 493.842
43, W-03-07, 34.89697, -87.29574, 499.825
44, W-03-08, 50.81911, -52.02925, 505.672
45, W-03-09, 50.48946, -4.03391, 505.551
46, W-03-10, 34.20012, 30.62021, 499.583
47, W-03-11, 11.59853, 52.37182, 493.721
48, W-04-00, -21.19354, 123.09351, 495.639
49, W-04-01, -42.08637, 148.77152, 502.428
50, W-04-02, -53.04990, -169.16355, 506.481
51, W-04-03, -45.66714, -123.82945, 503.762
52, W-04-04, -26.10389, -95.31326, 496.977
53, W-04-05, -2.60479, -75.73907, 492.907
54, W-04-06, 21.19354, -56.90649, 495.639
55, W-04-07, 42.08637, -31.22848, 502.428
56, W-04-08, 53.04990, 10.83645, 506.481
57, W-04-09, 45.66714, 56.17055, 503.762
58, W-04-10, 26.10389, 84.68674, 496.977
59, W-04-11, 2.60479, 104.26093, 492.907
60, W-05-00, -29.61056, 176.40212, 498.053
61, W-05-01, -47.95348, -152.65124, 504.614
62, W-05-02, -52.43721, -105.62913, 506.261
63, W-05-03, -39.17044, -66.38530, 501.354
64, W-05-04, -17.50391, -42.44758, 494.784
65, W-05-05, 6.42755, -23.94724, 493.129
66, W-05-06, 29.61056, -3.59788, 498.053
67, W-05-07, 47.95348, 27.34876, 504.614
68, W-05-08, 52.43721, 74.37087, 506.261
69, W-05-09, 39.17044, 113.61470, 501.354
70, W-05-10, 17.50391, 137.55242, 494.784
71, W-05-11, -6.42755, 156.05276, 493.129
72, W-06-00, -37.40745, -128.84703, 500.715
73, W-06-01, -51.86076, -91.28312, 506.052
74, W-06-02, -49.10989, -43.65012, 505.043
75, W-06-03, -31.57390, -11.18935, 498.692
76, W-06-04, -8.61327, 9.70002, 493.339
77, W-06-05, 15.36340, 28.08725, 494.353
78, W-06-06, 37.40745, 51.15297, 500.715
79, W-06-07, 51.86076, 88.71688, 506.052
80, W-06-08, 49.10989, 136.34988, 505.043
81, W-06-09, 31.57390, 168.81065, 498.692
82, W-06-10, 8.61327, -170.29998, 493.339
83, W-06-11, -15.36340, -151.91275, 494.353
84, W-07-00, -44.21760, -72.00921, 503.221
85, W-07-01, -53.16821, -27.94252, 506.524
86, W-07-02, -43.65569, 15.60814, 503.012
87, W-07-03, -23.28117, 42.41582, 496.181
88, W-07-04, 0.40829, 61.51907, 492.864
89, W-07-05, 24.05097, 80.73833, 496.392
90, W-07-06, 44.21760, 107.99079, 503.221
91, W-07-07, 53.16821, 152.05748, 506.524
92, W-07-08, 43.65569, -164.39186, 503.012
93, W-07-09, 23.28117, -137.58418, 496.181
94, W-07-10, -0.40829, -118.48093, 492.864
95, W-07-11, -24.05097, -99.26167, 496.392

[LINKS]
Type, SourceID, TargetID
ISL, 0, 1
ISL, 0, 23
ISL, 1, 2
ISL, 1, 12
ISL, 2, 3
ISL, 2, 13
ISL, 3, 4
ISL, 3, 14
ISL, 4, 5
ISL, 4, 15
ISL, 5, 6
ISL, 5, 15
ISL, 6, 7
ISL, 6, 17
ISL, 7, 8
ISL, 7, 18
ISL, 8, 9
ISL, 8, 19
ISL, 9, 10
ISL, 9, 20
ISL, 10, 11
ISL, 10, 21
ISL, 11, 0
ISL, 11, 21
ISL, 12, 13
ISL, 12, 35
ISL, 13, 14
ISL, 13, 24
ISL, 14, 15
ISL, 14, 25
ISL, 15, 16
ISL, 15, 26
ISL, 16, 17
ISL, 16, 27
ISL, 17, 18
ISL, 17, 28
ISL, 18, 19
ISL, 18, 29
ISL, 19, 20
ISL, 19, 30
ISL, 20, 21
ISL, 20, 31
ISL, 21, 22
ISL, 21, 32
ISL, 22, 23
ISL, 22, 33
ISL, 23, 12
ISL, 23, 34
ISL, 24, 25
ISL, 24, 47
ISL, 25, 26
ISL, 25, 36
ISL, 26, 27
ISL, 26, 37
ISL, 27, 28
ISL, 27, 38
ISL, 28, 29
ISL, 28, 39
ISL, 29, 30
ISL, 29, 40
ISL, 30, 31
ISL, 30, 41
ISL, 31, 32
ISL, 31, 42
ISL, 32, 33
ISL, 32, 43
ISL, 33, 34
ISL, 33, 44
ISL, 34, 35
ISL, 34, 45
ISL, 35, 24
ISL, 35, 46
ISL, 36, 37
ISL, 36, 59
ISL, 37, 38
ISL, 37, 48
ISL, 38, 39
ISL, 38, 49
ISL, 39, 40
ISL, 39, 50
ISL, 40, 41
ISL, 40, 50
ISL, 41, 42
ISL, 41, 52
ISL, 42, 43
ISL, 42, 53
ISL, 43, 44
ISL, 43, 54
ISL, 44, 45
ISL, 44, 55
ISL, 45, 46
ISL, 45, 56
ISL, 46, 47
ISL, 46, 56
ISL, 47, 36
ISL, 47, 58
ISL, 48, 49
ISL, 48, 71
ISL, 49, 50
ISL, 49, 60
ISL, 50, 51
ISL, 50, 61
ISL, 51, 52
ISL, 51, 62
ISL, 52, 53
ISL, 52, 63
ISL, 53, 54
ISL, 53, 64
ISL, 54, 55
ISL, 54, 65
ISL, 55, 56
ISL, 55, 66
ISL, 56, 57
ISL, 56, 67
ISL, 57, 58
ISL, 57, 68
ISL, 58, 59
ISL, 58, 69
ISL, 59, 48
ISL, 59, 70
ISL, 60, 61
ISL, 60, 83
ISL, 61, 62
ISL, 61, 72
ISL, 62, 63
ISL, 62, 73
ISL, 63, 64
ISL, 63, 73
ISL, 64, 65
ISL, 64, 75
ISL, 65, 66
ISL, 65, 76
ISL, 66, 67
ISL, 66, 77
ISL, 67, 68
ISL, 67, 78
ISL, 68, 69
ISL, 68, 79
ISL, 69, 70
ISL, 69, 79
ISL, 70, 71
ISL, 70, 81
ISL, 71, 60
ISL, 71, 82
ISL, 72, 73
ISL, 72, 95
ISL, 73, 74
ISL, 73, 84
ISL, 74, 75
ISL, 74, 85
ISL, 75, 76
ISL, 75, 85
ISL, 76, 77
ISL, 76, 87
ISL, 77, 78
ISL, 77, 88
ISL, 78, 79
ISL, 78, 89
ISL, 79, 80
ISL, 79, 90
ISL, 80, 81
ISL, 80, 91
ISL, 81, 82
ISL, 81, 91
ISL, 82, 83
ISL, 82, 93
ISL, 83, 72
ISL, 83, 94
ISL, 84, 85
ISL, 84, 2
ISL, 85, 86
ISL, 85, 3
ISL, 86, 87
ISL, 86, 4
ISL, 87, 88
ISL, 87, 5
ISL, 88, 89
ISL, 88, 6
ISL, 89, 90
ISL, 89, 7
ISL, 90, 91
ISL, 90, 8
ISL, 91, 92
ISL, 91, 9
ISL, 92, 93
ISL, 92, 10
ISL, 93, 94
ISL, 93, 11
ISL, 94, 95
ISL, 94, 0
ISL, 95, 84
ISL, 95, 1
