[METADATA]
Time: 2026-04-12 04:14:43
Step: 181
Total_Sats: 96

[NODES]
ID, Name, Lat(deg), Lon(deg), Alt(km)
0, W-00-00, -32.46429, 67.48273, 498.990
1, W-00-01, -9.61690, 88.64537, 493.455
2, W-00-02, 14.37313, 106.99913, 494.171
3, W-00-03, 36.57627, 129.69304, 500.418
4, W-00-04, 51.54272, 166.48189, 505.936
5, W-00-05, 49.60052, -145.70064, 505.224
6, W-00-06, 32.46429, -112.51727, 498.990
7, W-00-07, 9.61690, -91.35463, 493.455
8, W-00-08, -14.37313, -73.00087, 494.171
9, W-00-09, -36.57627, -50.30696, 500.418
10, W-00-10, -51.54272, -13.51811, 505.936
11, W-00-11, -49.60052, 34.29936, 505.224
12, W-01-00, -24.23399, 121.23549, 496.442
13, W-01-01, -0.60298, 140.48366, 492.865
14, W-01-02, 23.09712, 159.56050, 496.132
15, W-01-03, 43.51995, -173.73587, 502.961
16, W-01-04, 53.16469, -130.31141, 506.523
17, W-01-05, 44.34978, -86.12502, 503.270
18, W-01-06, 24.23399, -58.76451, 496.442
19, W-01-07, 0.60298, -39.51634, 492.865
20, W-01-08, -23.09712, -20.43950, 496.132
21, W-01-09, -43.51995, 6.26413, 502.961
22, W-01-10, -53.16469, 49.68859, 506.523
23, W-01-11, -44.34978, 93.87498, 503.270
24, W-02-00, -15.55371, 173.90448, 494.389
25, W-02-01, 8.41985, -167.70051, 493.318
26, W-02-02, 31.40148, -146.86193, 498.635
27, W-02-03, 49.01234, -114.53852, 505.007
28, W-02-04, 51.91824, -66.94818, 506.073
29, W-02-05, 37.56610, -29.23493, 500.772
30, W-02-06, 15.55371, -6.09552, 494.389
31, W-02-07, -8.41985, 12.29949, 493.318
32, W-02-08, -31.40148, 33.13807, 498.635
33, W-02-09, -49.01234, 65.46148, 505.007
34, W-02-10, -51.91824, 113.05182, 506.073
35, W-02-11, -37.56610, 150.76507, 500.772
36, W-03-00, -6.62150, -134.05190, 493.145
37, W-03-01, 17.31487, -115.56383, 494.744
38, W-03-02, 39.01669, -91.70702, 501.298
39, W-03-03, 52.39260, -52.61120, 506.244
40, W-03-04, 48.06077, -5.52372, 504.654
41, W-03-05, 29.78607, 25.55379, 498.109
42, W-03-06, 6.62150, 45.94810, 493.145
43, W-03-07, -17.31487, 64.43617, 494.744
44, W-03-08, -39.01669, 88.29298, 501.298
45, W-03-09, -52.39260, 127.38880, 506.244
46, W-03-10, -48.06077, 174.47628, 504.654
47, W-03-11, -29.78607, -154.44621, 498.109
48, W-04-00, 2.41020, -82.25846, 492.901
49, W-04-01, 25.92309, -62.71829, 496.924
50, W-04-02, 45.54251, -34.31801, 503.716
51, W-04-03, 53.06732, 10.91162, 506.488
52, W-04-04, 42.22868, 53.11318, 502.481
53, W-04-05, 21.37946, 78.88737, 495.685
54, W-04-06, -2.41020, 97.74154, 492.901
55, W-04-07, -25.92309, 117.28171, 496.924
56, W-04-08, -45.54251, 145.68199, 503.716
57, W-04-09, -53.06732, -169.08838, 506.488
58, W-04-10, -42.22868, -126.88682, 502.481
59, W-04-11, -21.37946, -101.11263, 495.685
60, W-05-00, 11.40620, -30.37504, 493.693
61, W-05-01, 34.03300, -8.68356, 499.525
62, W-05-02, 50.40799, 25.82551, 505.521
63, W-05-03, 50.89481, 73.81463, 505.699
64, W-05-04, 35.06212, 109.22799, 499.883
65, W-05-05, 12.59614, 131.30206, 493.872
66, W-05-06, -11.40620, 149.62496, 493.693
67, W-05-07, -34.03300, 171.31644, 499.525
68, W-05-08, -50.40799, -154.17449, 505.521
69, W-05-09, -50.89481, -106.18537, 505.699
70, W-05-10, -35.06212, -70.77201, 499.883
71, W-05-11, -12.59614, -48.69794, 493.872
72, W-06-00, 20.22516, 21.95120, 495.401
73, W-06-01, 41.33758, 47.14178, 502.151
74, W-06-02, 52.93781, 88.48418, 506.441
75, W-06-03, 46.30192, 134.33382, 503.999
76, W-06-04, 27.03921, 163.46422, 497.255
77, W-06-05, 3.61519, -176.77668, 492.947
78, W-06-06, -20.22516, -158.04880, 495.401
79, W-06-07, -41.33758, -132.85822, 502.151
80, W-06-08, -52.93781, -91.51582, 506.441
81, W-06-09, -46.30192, -45.66618, 503.999
82, W-06-10, -27.03921, -16.53578, 497.255
83, W-06-11, -3.61519, 3.22332, 492.947
84, W-07-00, 28.69447, 75.13397, 497.763
85, W-07-01, 47.38174, 105.41188, 504.401
86, W-07-02, 52.64827, 152.06096, 506.337
87, W-07-03, 39.96082, -167.93141, 501.643
88, W-07-04, 18.48365, -143.56189, 494.997
89, W-07-05, -5.41947, -124.99069, 493.052
90, W-07-06, -28.69447, -104.86603, 497.763
91, W-07-07, -47.38174, -74.58812, 504.401
92, W-07-08, -52.64827, -27.93904, 506.337
93, W-07-09, -39.96082, 12.06859, 501.643
94, W-07-10, -18.48365, 36.43811, 494.997
95, W-07-11, 5.41947, 55.00931, 493.052

[LINKS]
Type, SourceID, TargetID
ISL, 0, 1
ISL, 0, 23
ISL, 1, 2
ISL, 1, 12
ISL, 2, 3
ISL, 2, 13
ISL, 3, 4
ISL, 3, 14
ISL, 4, 5
ISL, 4, 15
ISL, 5, 6
ISL, 5, 15
ISL, 6, 7
ISL, 6, 17
ISL, 7, 8
ISL, 7, 18
ISL, 8, 9
ISL, 8, 19
ISL, 9, 10
ISL, 9, 20
ISL, 10, 11
ISL, 10, 21
ISL, 11, 0
ISL, 11, 21
ISL, 12, 13
ISL, 12, 35
ISL, 13, 14
ISL, 13, 24
ISL, 14, 15
ISL, 14, 25
ISL, 15, 16
ISL, 15, 26
ISL, 16, 17
ISL, 16, 27
ISL, 17, 18
ISL, 17, 28
ISL, 18, 19
ISL, 18, 29
ISL, 19, 20
ISL, 19, 30
ISL, 20, 21
ISL, 20, 31
ISL, 21, 22
ISL, 21, 32
ISL, 22, 23
ISL, 22, 33
ISL, 23, 12
ISL, 23, 34
ISL, 24, 25
ISL, 24, 47
ISL, 25, 26
ISL, 25, 36
ISL, 26, 27
ISL, 26, 37
ISL, 27, 28
ISL, 27, 38
ISL, 28, 29
ISL, 28, 39
ISL, 29, 30
ISL, 29, 40
ISL, 30, 31
ISL, 30, 41
ISL, 31, 32
ISL, 31, 42
ISL, 32, 33
ISL, 32, 43
ISL, 33, 34
ISL, 33, 44
ISL, 34, 35
ISL, 34, 45
ISL, 35, 24
ISL, 35, 46
ISL, 36, 37
ISL, 36, 59
ISL, 37, 38
ISL, 37, 48
ISL, 38, 39
ISL, 38, 49
ISL, 39, 40
ISL, 39, 50
ISL, 40, 41
ISL, 40, 50
ISL, 41, 42
ISL, 41, 52
ISL, 42, 43
ISL, 42, 53
ISL, 43, 44
ISL, 43, 54
ISL, 44, 45
ISL, 44, 55
ISL, 45, 46
ISL, 45, 56
ISL, 46, 47
ISL, 46, 56
ISL, 47, 36
ISL, 47, 58
ISL, 48, 49
ISL, 48, 71
ISL, 49, 50
ISL, 49, 60
ISL, 50, 51
ISL, 50, 61
ISL, 51, 52
ISL, 51, 62
ISL, 52, 53
ISL, 52, 63
ISL, 53, 54
ISL, 53, 64
ISL, 54, 55
ISL, 54, 65
ISL, 55, 56
ISL, 55, 66
ISL, 56, 57
ISL, 56, 67
ISL, 57, 58
ISL, 57, 68
ISL, 58, 59
ISL, 58, 69
ISL, 59, 48
ISL, 59, 70
ISL, 60, 61
ISL, 60, 83
ISL, 61, 62
ISL, 61, 72
ISL, 62, 63
ISL, 62, 73
ISL, 63, 64
ISL, 63, 73
ISL, 64, 65
ISL, 64, 75
ISL, 65, 66
ISL, 65, 76
ISL, 66, 67
ISL, 66, 77
ISL, 67, 68
ISL, 67, 78
ISL, 68, 69
ISL, 68, 79
ISL, 69, 70
ISL, 69, 79
ISL, 70, 71
ISL, 70, 81
ISL, 71, 60
ISL, 71, 82
ISL, 72, 73
ISL, 72, 95
ISL, 73, 74
ISL, 73, 84
ISL, 74, 75
ISL, 74, 85
ISL, 75, 76
ISL, 75, 85
ISL, 76, 77
ISL, 76, 87
ISL, 77, 78
ISL, 77, 88
ISL, 78, 79
ISL, 78, 89
ISL, 79, 80
ISL, 79, 90
ISL, 80, 81
ISL, 80, 91
ISL, 81, 82
ISL, 81, 91
ISL, 82, 83
ISL, 82, 93
ISL, 83, 72
ISL, 83, 94
ISL, 84, 85
ISL, 84, 2
ISL, 85, 86
ISL, 85, 3
ISL, 86, 87
ISL, 86, 4
ISL, 87, 88
ISL, 87, 5
ISL, 88, 89
ISL, 88, 6
ISL, 89, 90
ISL, 89, 7
ISL, 90, 91
ISL, 90, 8
ISL, 91, 92
ISL, 91, 9
ISL, 92, 93
ISL, 92, 10
ISL, 93, 94
ISL, 93, 11
ISL, 94, 95
ISL, 94, 0
ISL, 95, 84
ISL, 95, 1
