[METADATA]
Time: 2026-04-12 03:33:13
Step: 98
Total_Sats: 96

[NODES]
ID, Name, Lat(deg), Lon(deg), Alt(km)
0, W-00-00, 16.06136, -86.11231, 494.488
1, W-00-01, -7.90304, -67.69439, 493.264
2, W-00-02, -30.93949, -46.98862, 498.483
3, W-00-03, -48.74704, -15.02912, 504.908
4, W-00-04, -52.06570, 32.43618, 506.126
5, W-00-05, -37.98753, 70.54810, 500.924
6, W-00-06, -16.06136, 93.88769, 494.488
7, W-00-07, 7.90304, 112.30561, 493.264
8, W-00-08, 30.93949, 133.01138, 498.483
9, W-00-09, 48.74704, 164.97088, 504.908
10, W-00-10, 52.06570, -147.56382, 506.126
11, W-00-11, 37.98753, -109.45190, 500.924
12, W-01-00, 7.13923, -34.04347, 493.191
13, W-01-01, -16.80939, -15.58603, 494.638
14, W-01-02, -38.60368, 8.05823, 501.148
15, W-01-03, -52.26723, 46.75764, 506.199
16, W-01-04, -48.34281, 94.00918, 504.758
17, W-01-05, -30.25336, 125.43943, 498.259
18, W-01-06, -7.13923, 145.95653, 493.191
19, W-01-07, 16.80939, 164.41397, 494.638
20, W-01-08, 38.60368, -171.94177, 501.148
21, W-01-09, 52.26723, -133.24236, 506.199
22, W-01-10, 48.34281, -85.99082, 504.758
23, W-01-11, 30.25336, -54.56057, 498.259
24, W-02-00, -1.89048, 17.75503, 492.886
25, W-02-01, -25.43917, 37.20682, 496.783
26, W-02-02, -45.20596, 65.30126, 503.590
27, W-02-03, -53.10727, 110.24408, 506.502
28, W-02-04, -42.60570, 152.80617, 502.621
29, W-02-05, -21.87512, 178.84095, 495.811
30, W-02-06, 1.89048, -162.24497, 492.886
31, W-02-07, 25.43917, -142.79318, 496.783
32, W-02-08, 45.20596, -114.69874, 503.590
33, W-02-09, 53.10727, -69.75592, 506.502
34, W-02-10, 42.60570, -27.19383, 502.621
35, W-02-11, 21.87512, -1.15905, 495.811
36, W-03-00, -10.89219, 69.62405, 493.621
37, W-03-01, -33.58490, 91.15801, 499.371
38, W-03-02, -50.18512, 125.28172, 505.439
39, W-03-03, -51.09140, 173.24248, 505.771
40, W-03-04, -35.50124, -150.95051, 500.037
41, W-03-05, -13.10813, -128.70393, 493.955
42, W-03-06, 10.89219, -110.37595, 493.621
43, W-03-07, 33.58490, -88.84199, 499.371
44, W-03-08, 50.18512, -54.71828, 505.439
45, W-03-09, 51.09140, -6.75752, 505.771
46, W-03-10, 35.50124, 29.04949, 500.037
47, W-03-11, 13.10813, 51.29607, 493.955
48, W-04-00, -19.72558, 121.91442, 495.282
49, W-04-01, -40.94648, 146.86229, 502.006
50, W-04-02, -52.86618, -172.17424, 506.415
51, W-04-03, -46.61988, -126.07803, 504.117
52, W-04-04, -27.51756, -96.62401, 497.400
53, W-04-05, -4.13444, -76.76441, 492.973
54, W-04-06, 19.72558, -58.08558, 495.282
55, W-04-07, 40.94648, -33.13771, 502.006
56, W-04-08, 52.86618, 7.82576, 506.415
57, W-04-09, 46.61988, 53.92197, 504.117
58, W-04-10, 27.51756, 83.37599, 497.400
59, W-04-11, 4.13444, 103.23559, 492.973
60, W-05-00, -28.22062, 175.03503, 497.615
61, W-05-01, -47.07859, -155.02352, 504.288
62, W-05-02, -52.74316, -108.58749, 506.371
63, W-05-03, -40.36167, -68.19126, 501.791
64, W-05-04, -18.98589, -43.59210, 495.110
65, W-05-05, 4.90077, -24.97979, 493.018
66, W-05-06, 28.22062, -4.96497, 497.615
67, W-05-07, 47.07859, 24.97648, 504.288
68, W-05-08, 52.74316, 71.41251, 506.371
69, W-05-09, 40.36167, 111.80874, 501.791
70, W-05-10, 18.98589, 136.40790, 495.110
71, W-05-11, -4.90077, 155.02021, 493.018
72, W-06-00, -36.14438, -130.50136, 500.264
73, W-06-01, -51.36665, -94.10992, 505.872
74, W-06-02, -49.84208, -46.22213, 505.313
75, W-06-03, -32.91859, -12.66163, 499.144
76, W-06-04, -10.13222, 8.64774, 493.520
77, W-06-05, 13.86287, 26.98883, 494.082
78, W-06-06, 36.14438, 49.49864, 500.264
79, W-06-07, 51.36665, 85.89008, 505.872
80, W-06-08, 49.84208, 133.77787, 505.313
81, W-06-09, 32.91859, 167.33837, 499.144
82, W-06-10, 10.13222, -171.35226, 493.520
83, W-06-11, -13.86287, -153.01117, 494.082
84, W-07-00, -43.15420, -74.06423, 502.825
85, W-07-01, -53.14863, -30.98240, 506.517
86, W-07-02, -44.69930, 13.51699, 503.401
87, W-07-03, -24.72174, 41.16981, 496.579
88, W-07-04, -1.12289, 60.49761, 492.871
89, W-07-05, 22.60467, 79.50624, 496.001
90, W-07-06, 43.15420, 105.93577, 502.825
91, W-07-07, 53.14863, 149.01760, 506.517
92, W-07-08, 44.69930, -166.48301, 503.401
93, W-07-09, 24.72174, -138.83019, 496.579
94, W-07-10, 1.12289, -119.50239, 492.871
95, W-07-11, -22.60467, -100.49376, 496.001

[LINKS]
Type, SourceID, TargetID
ISL, 0, 1
ISL, 0, 23
ISL, 1, 2
ISL, 1, 12
ISL, 2, 3
ISL, 2, 13
ISL, 3, 4
ISL, 3, 14
ISL, 4, 5
ISL, 4, 15
ISL, 5, 6
ISL, 5, 15
ISL, 6, 7
ISL, 6, 17
ISL, 7, 8
ISL, 7, 18
ISL, 8, 9
ISL, 8, 19
ISL, 9, 10
ISL, 9, 20
ISL, 10, 11
ISL, 10, 21
ISL, 11, 0
ISL, 11, 21
ISL, 12, 13
ISL, 12, 35
ISL, 13, 14
ISL, 13, 24
ISL, 14, 15
ISL, 14, 25
ISL, 15, 16
ISL, 15, 26
ISL, 16, 17
ISL, 16, 27
ISL, 17, 18
ISL, 17, 28
ISL, 18, 19
ISL, 18, 29
ISL, 19, 20
ISL, 19, 30
ISL, 20, 21
ISL, 20, 31
ISL, 21, 22
ISL, 21, 32
ISL, 22, 23
ISL, 22, 33
ISL, 23, 12
ISL, 23, 34
ISL, 24, 25
ISL, 24, 47
ISL, 25, 26
ISL, 25, 36
ISL, 26, 27
ISL, 26, 37
ISL, 27, 28
ISL, 27, 38
ISL, 28, 29
ISL, 28, 39
ISL, 29, 30
ISL, 29, 40
ISL, 30, 31
ISL, 30, 41
ISL, 31, 32
ISL, 31, 42
ISL, 32, 33
ISL, 32, 43
ISL, 33, 34
ISL, 33, 44
ISL, 34, 35
ISL, 34, 45
ISL, 35, 24
ISL, 35, 46
ISL, 36, 37
ISL, 36, 59
ISL, 37, 38
ISL, 37, 48
ISL, 38, 39
ISL, 38, 49
ISL, 39, 40
ISL, 39, 50
ISL, 40, 41
ISL, 40, 50
ISL, 41, 42
ISL, 41, 52
ISL, 42, 43
ISL, 42, 53
ISL, 43, 44
ISL, 43, 54
ISL, 44, 45
ISL, 44, 55
ISL, 45, 46
ISL, 45, 56
ISL, 46, 47
ISL, 46, 56
ISL, 47, 36
ISL, 47, 58
ISL, 48, 49
ISL, 48, 71
ISL, 49, 50
ISL, 49, 60
ISL, 50, 51
ISL, 50, 61
ISL, 51, 52
ISL, 51, 62
ISL, 52, 53
ISL, 52, 63
ISL, 53, 54
ISL, 53, 64
ISL, 54, 55
ISL, 54, 65
ISL, 55, 56
ISL, 55, 66
ISL, 56, 57
ISL, 56, 67
ISL, 57, 58
ISL, 57, 68
ISL, 58, 59
ISL, 58, 69
ISL, 59, 48
ISL, 59, 70
ISL, 60, 61
ISL, 60, 83
ISL, 61, 62
ISL, 61, 72
ISL, 62, 63
ISL, 62, 73
ISL, 63, 64
ISL, 63, 73
ISL, 64, 65
ISL, 64, 75
ISL, 65, 66
ISL, 65, 76
ISL, 66, 67
ISL, 66, 77
ISL, 67, 68
ISL, 67, 78
ISL, 68, 69
ISL, 68, 79
ISL, 69, 70
ISL, 69, 79
ISL, 70, 71
ISL, 70, 81
ISL, 71, 60
ISL, 71, 82
ISL, 72, 73
ISL, 72, 95
ISL, 73, 74
ISL, 73, 84
ISL, 74, 75
ISL, 74, 85
ISL, 75, 76
ISL, 75, 85
ISL, 76, 77
ISL, 76, 87
ISL, 77, 78
ISL, 77, 88
ISL, 78, 79
ISL, 78, 89
ISL, 79, 80
ISL, 79, 90
ISL, 80, 81
ISL, 80, 91
ISL, 81, 82
ISL, 81, 91
ISL, 82, 83
ISL, 82, 93
ISL, 83, 72
ISL, 83, 94
ISL, 84, 85
ISL, 84, 2
ISL, 85, 86
ISL, 85, 3
ISL, 86, 87
ISL, 86, 4
ISL, 87, 88
ISL, 87, 5
ISL, 88, 89
ISL, 88, 6
ISL, 89, 90
ISL, 89, 7
ISL, 90, 91
ISL, 90, 8
ISL, 91, 92
ISL, 91, 9
ISL, 92, 93
ISL, 92, 10
ISL, 93, 94
ISL, 93, 11
ISL, 94, 95
ISL, 94, 0
ISL, 95, 84
ISL, 95, 1
