[METADATA]
Time: 2026-04-12 03:44:43
Step: 121
Total_Sats: 96

[NODES]
ID, Name, Lat(deg), Lon(deg), Alt(km)
0, W-00-00, -18.81462, -61.76173, 495.072
1, W-00-01, -40.22531, -37.24153, 501.740
2, W-00-02, -52.71183, 3.02246, 506.360
3, W-00-03, -47.18273, 49.53277, 504.327
4, W-00-04, -28.38254, 79.58847, 497.666
5, W-00-05, -5.07781, 99.64035, 493.029
6, W-00-06, 18.81462, 118.23827, 495.072
7, W-00-07, 40.22531, 142.75847, 501.740
8, W-00-08, 52.71183, -176.97754, 506.360
9, W-00-09, 47.18273, -130.46723, 504.327
10, W-00-10, 28.38254, -100.41153, 497.666
11, W-00-11, 5.07781, -80.35965, 493.029
12, W-01-00, -27.35452, -8.74981, 497.350
13, W-01-01, -46.51203, 20.59318, 504.077
14, W-01-02, -52.89169, 66.60671, 506.425
15, W-01-03, -41.08040, 107.70001, 502.056
16, W-01-04, -19.89619, 132.73010, 495.322
17, W-01-05, 3.95726, 151.42531, 492.964
18, W-01-06, 27.35452, 171.25019, 497.350
19, W-01-07, 46.51203, -159.40682, 504.077
20, W-01-08, 52.89169, -113.39329, 506.425
21, W-01-09, 41.08040, -72.29999, 502.056
22, W-01-10, 19.89619, -47.26990, 495.322
23, W-01-11, -3.95726, -28.57469, 492.964
24, W-02-00, -35.35171, 45.54566, 499.984
25, W-02-01, -51.02523, 81.21811, 505.747
26, W-02-02, -50.26204, 129.19046, 505.467
27, W-02-03, -33.73810, 163.44534, 499.423
28, W-02-04, -11.06766, -174.96744, 493.645
29, W-02-05, 12.93349, -156.64154, 493.926
30, W-02-06, 35.35171, -134.45434, 499.984
31, W-02-07, 51.02523, -98.78189, 505.747
32, W-02-08, 50.26204, -50.80954, 505.467
33, W-02-09, 33.73810, -16.55466, 499.423
34, W-02-10, 11.06766, 5.03256, 493.645
35, W-02-11, -12.93349, 23.35846, 493.926
36, W-03-00, -42.47754, 101.74487, 502.573
37, W-03-01, -53.09472, 144.18466, 506.498
38, W-03-02, -45.32141, -170.77338, 503.633
39, W-03-03, -25.60449, -142.57518, 496.831
40, W-03-04, -2.06785, -123.09364, 492.891
41, W-03-05, 21.70612, -104.20038, 495.768
42, W-03-06, 42.47754, -78.25513, 502.573
43, W-03-07, 53.09472, -35.81534, 506.498
44, W-03-08, 45.32141, 9.22662, 503.633
45, W-03-09, 25.60449, 37.42482, 496.831
46, W-03-10, 2.06785, 56.90636, 492.891
47, W-03-11, -21.70612, 75.79962, 495.768
48, W-04-00, -48.24730, 160.48711, 504.723
49, W-04-01, -52.31103, -152.31561, 506.215
50, W-04-02, -38.74502, -113.48075, 501.199
51, W-04-03, -16.98199, -89.76453, 494.674
52, W-04-04, 6.96259, -71.29699, 493.175
53, W-04-05, 30.09413, -50.82223, 498.208
54, W-04-06, 48.24730, -19.51289, 504.723
55, W-04-07, 52.31103, 27.68439, 506.215
56, W-04-08, 38.74502, 66.51925, 501.199
57, W-04-09, 16.98199, 90.23547, 494.674
58, W-04-10, -6.96259, 108.70301, 493.175
59, W-04-11, -30.09413, 129.17777, 498.208
60, W-05-00, -52.01637, -137.99025, 506.108
61, W-05-01, -48.83835, -90.48047, 504.942
62, W-05-02, -31.09740, -58.39727, 498.535
63, W-05-03, -8.07945, -37.64665, 493.282
64, W-05-04, 15.88822, -19.23689, 494.454
65, W-05-05, 37.84409, 4.03383, 500.873
66, W-05-06, 52.01637, 42.00975, 506.108
67, W-05-07, 48.83835, 89.51953, 504.942
68, W-05-08, 31.09740, 121.60273, 498.535
69, W-05-09, 8.07945, 142.35335, 493.282
70, W-05-10, -15.88822, 160.76311, 494.454
71, W-05-11, -37.84409, -175.96617, 500.873
72, W-06-00, -53.15520, -74.58972, 506.519
73, W-06-01, -43.27954, -31.39007, 502.872
74, W-06-02, -22.77287, -4.86763, 496.046
75, W-06-03, 0.94548, 14.16390, 492.869
76, W-06-04, 24.55546, 33.46413, 496.532
77, W-06-05, 44.58060, 61.01658, 503.357
78, W-06-06, 53.15520, 105.41028, 506.519
79, W-06-07, 43.27954, 148.60993, 502.872
80, W-06-08, 22.77287, 175.13237, 496.046
81, W-06-09, -0.94548, -165.83610, 492.869
82, W-06-10, -24.55546, -146.53587, 496.532
83, W-06-11, -44.58060, -118.98342, 503.357
84, W-07-00, -51.42769, -11.43441, 505.894
85, W-07-01, -36.29210, 25.09252, 500.317
86, W-07-02, -14.03708, 47.66462, 494.112
87, W-07-03, 9.95642, 66.00969, 493.497
88, W-07-04, 32.76383, 87.26851, 499.091
89, W-07-05, 49.76048, 120.69990, 505.283
90, W-07-06, 51.42769, 168.56559, 505.894
91, W-07-07, 36.29210, -154.90748, 500.317
92, W-07-08, 14.03708, -132.33538, 494.112
93, W-07-09, -9.95642, -113.99031, 493.497
94, W-07-10, -32.76383, -92.73149, 499.091
95, W-07-11, -49.76048, -59.30010, 505.283

[LINKS]
Type, SourceID, TargetID
ISL, 0, 1
ISL, 0, 23
ISL, 1, 2
ISL, 1, 12
ISL, 2, 3
ISL, 2, 13
ISL, 3, 4
ISL, 3, 14
ISL, 4, 5
ISL, 4, 15
ISL, 5, 6
ISL, 5, 15
ISL, 6, 7
ISL, 6, 17
ISL, 7, 8
ISL, 7, 18
ISL, 8, 9
ISL, 8, 19
ISL, 9, 10
ISL, 9, 20
ISL, 10, 11
ISL, 10, 21
ISL, 11, 0
ISL, 11, 21
ISL, 12, 13
ISL, 12, 35
ISL, 13, 14
ISL, 13, 24
ISL, 14, 15
ISL, 14, 25
ISL, 15, 16
ISL, 15, 26
ISL, 16, 17
ISL, 16, 27
ISL, 17, 18
ISL, 17, 28
ISL, 18, 19
ISL, 18, 29
ISL, 19, 20
ISL, 19, 30
ISL, 20, 21
ISL, 20, 31
ISL, 21, 22
ISL, 21, 32
ISL, 22, 23
ISL, 22, 33
ISL, 23, 12
ISL, 23, 34
ISL, 24, 25
ISL, 24, 47
ISL, 25, 26
ISL, 25, 36
ISL, 26, 27
ISL, 26, 37
ISL, 27, 28
ISL, 27, 38
ISL, 28, 29
ISL, 28, 39
ISL, 29, 30
ISL, 29, 40
ISL, 30, 31
ISL, 30, 41
ISL, 31, 32
ISL, 31, 42
ISL, 32, 33
ISL, 32, 43
ISL, 33, 34
ISL, 33, 44
ISL, 34, 35
ISL, 34, 45
ISL, 35, 24
ISL, 35, 46
ISL, 36, 37
ISL, 36, 59
ISL, 37, 38
ISL, 37, 48
ISL, 38, 39
ISL, 38, 49
ISL, 39, 40
ISL, 39, 50
ISL, 40, 41
ISL, 40, 50
ISL, 41, 42
ISL, 41, 52
ISL, 42, 43
ISL, 42, 53
ISL, 43, 44
ISL, 43, 54
ISL, 44, 45
ISL, 44, 55
ISL, 45, 46
ISL, 45, 56
ISL, 46, 47
ISL, 46, 56
ISL, 47, 36
ISL, 47, 58
ISL, 48, 49
ISL, 48, 71
ISL, 49, 50
ISL, 49, 60
ISL, 50, 51
ISL, 50, 61
ISL, 51, 52
ISL, 51, 62
ISL, 52, 53
ISL, 52, 63
ISL, 53, 54
ISL, 53, 64
ISL, 54, 55
ISL, 54, 65
ISL, 55, 56
ISL, 55, 66
ISL, 56, 57
ISL, 56, 67
ISL, 57, 58
ISL, 57, 68
ISL, 58, 59
ISL, 58, 69
ISL, 59, 48
ISL, 59, 70
ISL, 60, 61
ISL, 60, 83
ISL, 61, 62
ISL, 61, 72
ISL, 62, 63
ISL, 62, 73
ISL, 63, 64
ISL, 63, 73
ISL, 64, 65
ISL, 64, 75
ISL, 65, 66
ISL, 65, 76
ISL, 66, 67
ISL, 66, 77
ISL, 67, 68
ISL, 67, 78
ISL, 68, 69
ISL, 68, 79
ISL, 69, 70
ISL, 69, 79
ISL, 70, 71
ISL, 70, 81
ISL, 71, 60
ISL, 71, 82
ISL, 72, 73
ISL, 72, 95
ISL, 73, 74
ISL, 73, 84
ISL, 74, 75
ISL, 74, 85
ISL, 75, 76
ISL, 75, 85
ISL, 76, 77
ISL, 76, 87
ISL, 77, 78
ISL, 77, 88
ISL, 78, 79
ISL, 78, 89
ISL, 79, 80
ISL, 79, 90
ISL, 80, 81
ISL, 80, 91
ISL, 81, 82
ISL, 81, 91
ISL, 82, 83
ISL, 82, 93
ISL, 83, 72
ISL, 83, 94
ISL, 84, 85
ISL, 84, 2
ISL, 85, 86
ISL, 85, 3
ISL, 86, 87
ISL, 86, 4
ISL, 87, 88
ISL, 87, 5
ISL, 88, 89
ISL, 88, 6
ISL, 89, 90
ISL, 89, 7
ISL, 90, 91
ISL, 90, 8
ISL, 91, 92
ISL, 91, 9
ISL, 92, 93
ISL, 92, 10
ISL, 93, 94
ISL, 93, 11
ISL, 94, 95
ISL, 94, 0
ISL, 95, 84
ISL, 95, 1
