[METADATA]
Time: 2026-04-12 04:13:43
Step: 179
Total_Sats: 96

[NODES]
ID, Name, Lat(deg), Lon(deg), Alt(km)
0, W-00-00, -35.10349, 64.42428, 499.897
1, W-00-01, -12.64426, 86.51436, 493.880
2, W-00-02, 11.35795, 104.83761, 493.686
3, W-00-03, 33.99102, 126.51410, 499.511
4, W-00-04, 50.38739, 160.98685, 505.513
5, W-00-05, 50.91362, -151.02597, 505.706
6, W-00-06, 35.10349, -115.57572, 499.897
7, W-00-07, 12.64426, -93.48564, 493.880
8, W-00-08, -11.35795, -75.16239, 493.686
9, W-00-09, -33.99102, -53.48590, 499.511
10, W-00-10, -50.38739, -19.01315, 505.513
11, W-00-11, -50.91362, 28.97403, 505.706
12, W-01-00, -27.08421, 118.66891, 497.268
13, W-01-01, -3.66397, 138.43728, 492.950
14, W-01-02, 20.17828, 157.16042, 495.390
15, W-01-03, 41.30101, -177.67202, 502.137
16, W-01-04, 52.93148, -136.36501, 506.439
17, W-01-05, 46.33203, -90.49167, 504.010
18, W-01-06, 27.08421, -61.33109, 497.268
19, W-01-07, 3.66397, -41.56272, 492.950
20, W-01-08, -20.17828, -22.83958, 495.390
21, W-01-09, -41.30101, 2.32798, 502.137
22, W-01-10, -52.93148, 43.63499, 506.439
23, W-01-11, -46.33203, 89.50833, 504.010
24, W-02-00, -18.53086, 171.64817, 495.008
25, W-02-01, 5.37076, -169.77690, 493.049
26, W-02-02, 28.65004, -149.66272, 497.749
27, W-02-03, 47.35353, -119.41663, 504.391
28, W-02-04, 52.65758, -72.78696, 506.340
29, W-02-05, 39.99863, -32.74270, 501.657
30, W-02-06, 18.53086, -8.35183, 495.008
31, W-02-07, -5.37076, 10.22310, 493.049
32, W-02-08, -28.65004, 30.33728, 497.749
33, W-02-09, -47.35353, 60.58337, 504.391
34, W-02-10, -52.65758, 107.21304, 506.340
35, W-02-11, -39.99863, 147.25730, 501.657
36, W-03-00, -9.66532, -136.14157, 493.461
37, W-03-01, 14.32524, -117.78912, 494.162
38, W-03-02, 36.53583, -95.11271, 500.403
39, W-03-03, 51.52655, -58.36123, 505.930
40, W-03-04, 49.62353, -10.53644, 505.232
41, W-03-05, 32.50706, 22.68220, 499.004
42, W-03-06, 9.66532, 43.85843, 493.461
43, W-03-07, -14.32524, 62.21088, 494.162
44, W-03-08, -36.53583, 84.88729, 500.403
45, W-03-09, -51.52655, 121.63877, 505.930
46, W-03-10, -49.62353, 169.46356, 505.232
47, W-03-11, -32.50706, -157.31780, 499.004
48, W-04-00, -0.65182, -84.30223, 492.866
49, W-04-01, 23.05092, -65.23194, 496.120
50, W-04-02, 43.48579, -38.55429, 502.948
51, W-04-03, 53.16359, 4.83832, 506.522
52, W-04-04, 44.38283, 49.05453, 503.283
53, W-04-05, 24.27987, 76.44226, 496.455
54, W-04-06, 0.65182, 95.69777, 492.866
55, W-04-07, -23.05092, 114.76806, 496.120
56, W-04-08, -43.48579, 141.44571, 502.948
57, W-04-09, -53.16359, -175.16168, 506.522
58, W-04-10, -44.38283, -130.94547, 503.283
59, W-04-11, -24.27987, -103.55774, 496.455
60, W-05-00, 8.37132, -32.48718, 493.313
61, W-05-01, 31.35818, -11.66126, 498.621
62, W-05-02, 48.98772, 20.62779, 504.997
63, W-05-03, 51.93246, 68.20707, 506.078
64, W-05-04, 37.60583, 105.95778, 500.787
65, W-05-05, 15.60143, 129.11578, 494.398
66, W-05-06, -8.37132, 147.51282, 493.313
67, W-05-07, -31.35818, 168.33874, 498.621
68, W-05-08, -48.98772, -159.37221, 504.997
69, W-05-09, -51.93246, -111.79293, 506.078
70, W-05-10, -37.60583, -74.04222, 500.787
71, W-05-11, -15.60143, -50.88422, 494.398
72, W-06-00, 17.26743, 19.64678, 494.734
73, W-06-01, 38.97805, 43.48341, 501.284
74, W-06-02, 52.38121, 82.54207, 506.240
75, W-06-03, 48.08754, 129.64560, 504.664
76, W-06-04, 29.83005, 160.75604, 498.123
77, W-06-05, 6.67015, -178.83828, 493.149
78, W-06-06, -17.26743, -160.35322, 494.734
79, W-06-07, -38.97805, -136.51659, 501.284
80, W-06-08, -52.38121, -97.45793, 506.240
81, W-06-09, -48.08754, -50.35440, 504.664
82, W-06-10, -29.83005, -19.24396, 498.123
83, W-06-11, -6.67015, 1.16172, 493.149
84, W-07-00, 25.87771, 72.48730, 496.911
85, W-07-01, 45.51113, 100.85862, 503.704
86, W-07-02, 53.07149, 146.06180, 506.489
87, W-07-03, 42.26428, -171.70250, 502.494
88, W-07-04, 21.42607, -145.90406, 495.697
89, W-07-05, -2.36139, -127.04441, 492.899
90, W-07-06, -25.87771, -107.51270, 496.911
91, W-07-07, -45.51113, -79.14138, 503.704
92, W-07-08, -53.07149, -33.93820, 506.489
93, W-07-09, -42.26428, 8.29750, 502.494
94, W-07-10, -21.42607, 34.09594, 495.697
95, W-07-11, 2.36139, 52.95559, 492.899

[LINKS]
Type, SourceID, TargetID
ISL, 0, 1
ISL, 0, 23
ISL, 1, 2
ISL, 1, 12
ISL, 2, 3
ISL, 2, 13
ISL, 3, 4
ISL, 3, 14
ISL, 4, 5
ISL, 4, 15
ISL, 5, 6
ISL, 5, 15
ISL, 6, 7
ISL, 6, 17
ISL, 7, 8
ISL, 7, 18
ISL, 8, 9
ISL, 8, 19
ISL, 9, 10
ISL, 9, 20
ISL, 10, 11
ISL, 10, 21
ISL, 11, 0
ISL, 11, 21
ISL, 12, 13
ISL, 12, 35
ISL, 13, 14
ISL, 13, 24
ISL, 14, 15
ISL, 14, 25
ISL, 15, 16
ISL, 15, 26
ISL, 16, 17
ISL, 16, 27
ISL, 17, 18
ISL, 17, 28
ISL, 18, 19
ISL, 18, 29
ISL, 19, 20
ISL, 19, 30
ISL, 20, 21
ISL, 20, 31
ISL, 21, 22
ISL, 21, 32
ISL, 22, 23
ISL, 22, 33
ISL, 23, 12
ISL, 23, 34
ISL, 24, 25
ISL, 24, 47
ISL, 25, 26
ISL, 25, 36
ISL, 26, 27
ISL, 26, 37
ISL, 27, 28
ISL, 27, 38
ISL, 28, 29
ISL, 28, 39
ISL, 29, 30
ISL, 29, 40
ISL, 30, 31
ISL, 30, 41
ISL, 31, 32
ISL, 31, 42
ISL, 32, 33
ISL, 32, 43
ISL, 33, 34
ISL, 33, 44
ISL, 34, 35
ISL, 34, 45
ISL, 35, 24
ISL, 35, 46
ISL, 36, 37
ISL, 36, 59
ISL, 37, 38
ISL, 37, 48
ISL, 38, 39
ISL, 38, 49
ISL, 39, 40
ISL, 39, 50
ISL, 40, 41
ISL, 40, 50
ISL, 41, 42
ISL, 41, 52
ISL, 42, 43
ISL, 42, 53
ISL, 43, 44
ISL, 43, 54
ISL, 44, 45
ISL, 44, 55
ISL, 45, 46
ISL, 45, 56
ISL, 46, 47
ISL, 46, 56
ISL, 47, 36
ISL, 47, 58
ISL, 48, 49
ISL, 48, 71
ISL, 49, 50
ISL, 49, 60
ISL, 50, 51
ISL, 50, 61
ISL, 51, 52
ISL, 51, 62
ISL, 52, 53
ISL, 52, 63
ISL, 53, 54
ISL, 53, 64
ISL, 54, 55
ISL, 54, 65
ISL, 55, 56
ISL, 55, 66
ISL, 56, 57
ISL, 56, 67
ISL, 57, 58
ISL, 57, 68
ISL, 58, 59
ISL, 58, 69
ISL, 59, 48
ISL, 59, 70
ISL, 60, 61
ISL, 60, 83
ISL, 61, 62
ISL, 61, 72
ISL, 62, 63
ISL, 62, 73
ISL, 63, 64
ISL, 63, 73
ISL, 64, 65
ISL, 64, 75
ISL, 65, 66
ISL, 65, 76
ISL, 66, 67
ISL, 66, 77
ISL, 67, 68
ISL, 67, 78
ISL, 68, 69
ISL, 68, 79
ISL, 69, 70
ISL, 69, 79
ISL, 70, 71
ISL, 70, 81
ISL, 71, 60
ISL, 71, 82
ISL, 72, 73
ISL, 72, 95
ISL, 73, 74
ISL, 73, 84
ISL, 74, 75
ISL, 74, 85
ISL, 75, 76
ISL, 75, 85
ISL, 76, 77
ISL, 76, 87
ISL, 77, 78
ISL, 77, 88
ISL, 78, 79
ISL, 78, 89
ISL, 79, 80
ISL, 79, 90
ISL, 80, 81
ISL, 80, 91
ISL, 81, 82
ISL, 81, 91
ISL, 82, 83
ISL, 82, 93
ISL, 83, 72
ISL, 83, 94
ISL, 84, 85
ISL, 84, 2
ISL, 85, 86
ISL, 85, 3
ISL, 86, 87
ISL, 86, 4
ISL, 87, 88
ISL, 87, 5
ISL, 88, 89
ISL, 88, 6
ISL, 89, 90
ISL, 89, 7
ISL, 90, 91
ISL, 90, 8
ISL, 91, 92
ISL, 91, 9
ISL, 92, 93
ISL, 92, 10
ISL, 93, 94
ISL, 93, 11
ISL, 94, 95
ISL, 94, 0
ISL, 95, 84
ISL, 95, 1
