[METADATA]
Time: 2026-04-12 03:09:43
Step: 51
Total_Sats: 96

[NODES]
ID, Name, Lat(deg), Lon(deg), Alt(km)
0, W-00-00, 48.93102, 171.47845, 504.976
1, W-00-01, 51.96479, -140.96816, 506.089
2, W-00-02, 37.69680, -103.13157, 500.819
3, W-00-03, 15.71081, -79.93077, 494.420
4, W-00-04, -8.26005, -61.52900, 493.301
5, W-00-05, -31.25883, -40.73194, 498.588
6, W-00-06, -48.93102, -8.52155, 504.976
7, W-00-07, -51.96479, 39.03184, 506.089
8, W-00-08, -37.69680, 76.86843, 500.819
9, W-00-09, -15.71081, 100.06923, 494.420
10, W-00-10, 8.26005, 118.47100, 493.301
11, W-00-11, 31.25883, 139.26806, 498.588
12, W-01-00, 52.35479, -126.63731, 506.231
13, W-01-01, 48.14871, -79.49745, 504.686
14, W-01-02, 29.93082, -48.31135, 498.155
15, W-01-03, 6.78167, -27.87948, 493.159
16, W-01-04, -17.15862, -9.40122, 494.711
17, W-01-05, -38.88933, 14.38931, 501.252
18, W-01-06, -52.35479, 53.36269, 506.231
19, W-01-07, -48.14871, 100.50255, 504.686
20, W-01-08, -29.93082, 131.68865, 498.155
21, W-01-09, -6.78167, 152.12052, 493.159
22, W-01-10, 17.15862, 170.59878, 494.711
23, W-01-11, 38.88933, -165.61069, 501.252
24, W-02-00, 53.08071, -63.12491, 506.492
25, W-02-01, 42.34576, -20.81115, 502.524
26, W-02-02, 21.53290, 5.04306, 495.724
27, W-02-03, -2.24947, 23.91540, 492.896
28, W-02-04, -25.77359, 43.42785, 496.880
29, W-02-05, -45.43899, 71.73296, 503.677
30, W-02-06, -53.08071, 116.87509, 506.492
31, W-02-07, -42.34576, 159.18885, 502.524
32, W-02-08, -21.53290, -174.95694, 495.724
33, W-02-09, 2.24947, -156.08460, 492.896
34, W-02-10, 25.77359, -136.57215, 496.880
35, W-02-11, 45.43899, -108.26704, 503.677
36, W-03-00, 50.95648, -0.19174, 505.722
37, W-03-01, 35.19824, 35.34316, 499.931
38, W-03-02, 12.75457, 57.47010, 493.898
39, W-03-03, -11.24728, 75.79425, 493.670
40, W-03-04, -33.89468, 97.43653, 499.477
41, W-03-05, -50.33988, 131.82610, 505.496
42, W-03-06, -50.95648, 179.80826, 505.722
43, W-03-07, -35.19824, -144.65684, 499.931
44, W-03-08, -12.75457, -122.52990, 493.898
45, W-03-09, 11.24728, -104.20575, 493.670
46, W-03-10, 33.89468, -82.56347, 499.477
47, W-03-11, 50.33988, -48.17390, 505.496
48, W-04-00, 46.40088, 60.37717, 504.036
49, W-04-01, 27.18735, 89.60710, 497.299
50, W-04-02, 3.77581, 109.39688, 492.955
51, W-04-03, -20.07076, 128.10925, 495.364
52, W-04-04, -41.21705, 153.22419, 502.106
53, W-04-05, -52.91667, -165.55012, 506.434
54, W-04-06, -46.40088, -119.62283, 504.036
55, W-04-07, -27.18735, -90.39290, 497.299
56, W-04-08, -3.77581, -70.60312, 492.955
57, W-04-09, 20.07076, -51.89075, 495.364
58, W-04-10, 41.21705, -26.77581, 502.106
59, W-04-11, 52.91667, 14.44988, 506.434
60, W-05-00, 40.08521, 118.15877, 501.689
61, W-05-01, 18.63910, 142.59875, 495.032
62, W-05-02, -5.25907, 161.18233, 493.041
63, W-05-03, -28.54811, -178.72739, 497.717
64, W-05-04, -47.28864, -148.55408, 504.367
65, W-05-05, -52.67861, -101.96940, 506.348
66, W-05-06, -40.08521, -61.84123, 501.689
67, W-05-07, -18.63910, -37.40125, 495.032
68, W-05-08, 5.25907, -18.81767, 493.041
69, W-05-09, 28.54811, 1.27261, 497.717
70, W-05-10, 47.28864, 31.44592, 504.367
71, W-05-11, 52.67861, 78.03060, 506.348
72, W-06-00, 32.60506, 173.60839, 499.037
73, W-06-01, 9.77634, -165.18405, 493.475
74, W-06-02, -14.21539, -146.83453, 494.143
75, W-06-03, -36.44301, -124.19807, 500.370
76, W-06-04, -51.48917, -87.53225, 505.917
77, W-06-05, -49.67602, -39.69124, 505.252
78, W-06-06, -32.60506, -6.39161, 499.037
79, W-06-07, -9.77634, 14.81595, 493.475
80, W-06-08, 14.21539, 33.16547, 494.143
81, W-06-09, 36.44301, 55.80193, 500.370
82, W-06-10, 51.48917, 92.46775, 505.917
83, W-06-11, 49.67602, 140.30876, 505.252
84, W-07-00, 24.38501, -132.61472, 496.484
85, W-07-01, 0.76379, -113.34229, 492.867
86, W-07-02, -22.94495, -94.28691, 496.091
87, W-07-03, -43.40733, -67.66865, 502.919
88, W-07-04, -53.16076, -24.34931, 506.521
89, W-07-05, -44.45843, 19.93494, 503.311
90, W-07-06, -24.38501, 47.38528, 496.484
91, W-07-07, -0.76379, 66.65771, 492.867
92, W-07-08, 22.94495, 85.71309, 496.091
93, W-07-09, 43.40733, 112.33135, 502.919
94, W-07-10, 53.16076, 155.65069, 506.521
95, W-07-11, 44.45843, -160.06506, 503.311

[LINKS]
Type, SourceID, TargetID
ISL, 0, 1
ISL, 0, 23
ISL, 1, 2
ISL, 1, 12
ISL, 2, 3
ISL, 2, 13
ISL, 3, 4
ISL, 3, 14
ISL, 4, 5
ISL, 4, 15
ISL, 5, 6
ISL, 5, 15
ISL, 6, 7
ISL, 6, 17
ISL, 7, 8
ISL, 7, 18
ISL, 8, 9
ISL, 8, 19
ISL, 9, 10
ISL, 9, 20
ISL, 10, 11
ISL, 10, 21
ISL, 11, 0
ISL, 11, 21
ISL, 12, 13
ISL, 12, 35
ISL, 13, 14
ISL, 13, 24
ISL, 14, 15
ISL, 14, 25
ISL, 15, 16
ISL, 15, 26
ISL, 16, 17
ISL, 16, 27
ISL, 17, 18
ISL, 17, 28
ISL, 18, 19
ISL, 18, 29
ISL, 19, 20
ISL, 19, 30
ISL, 20, 21
ISL, 20, 31
ISL, 21, 22
ISL, 21, 32
ISL, 22, 23
ISL, 22, 33
ISL, 23, 12
ISL, 23, 34
ISL, 24, 25
ISL, 24, 47
ISL, 25, 26
ISL, 25, 36
ISL, 26, 27
ISL, 26, 37
ISL, 27, 28
ISL, 27, 38
ISL, 28, 29
ISL, 28, 39
ISL, 29, 30
ISL, 29, 40
ISL, 30, 31
ISL, 30, 41
ISL, 31, 32
ISL, 31, 42
ISL, 32, 33
ISL, 32, 43
ISL, 33, 34
ISL, 33, 44
ISL, 34, 35
ISL, 34, 45
ISL, 35, 24
ISL, 35, 46
ISL, 36, 37
ISL, 36, 59
ISL, 37, 38
ISL, 37, 48
ISL, 38, 39
ISL, 38, 49
ISL, 39, 40
ISL, 39, 50
ISL, 40, 41
ISL, 40, 50
ISL, 41, 42
ISL, 41, 52
ISL, 42, 43
ISL, 42, 53
ISL, 43, 44
ISL, 43, 54
ISL, 44, 45
ISL, 44, 55
ISL, 45, 46
ISL, 45, 56
ISL, 46, 47
ISL, 46, 56
ISL, 47, 36
ISL, 47, 58
ISL, 48, 49
ISL, 48, 71
ISL, 49, 50
ISL, 49, 60
ISL, 50, 51
ISL, 50, 61
ISL, 51, 52
ISL, 51, 62
ISL, 52, 53
ISL, 52, 63
ISL, 53, 54
ISL, 53, 64
ISL, 54, 55
ISL, 54, 65
ISL, 55, 56
ISL, 55, 66
ISL, 56, 57
ISL, 56, 67
ISL, 57, 58
ISL, 57, 68
ISL, 58, 59
ISL, 58, 69
ISL, 59, 48
ISL, 59, 70
ISL, 60, 61
ISL, 60, 83
ISL, 61, 62
ISL, 61, 72
ISL, 62, 63
ISL, 62, 73
ISL, 63, 64
ISL, 63, 73
ISL, 64, 65
ISL, 64, 75
ISL, 65, 66
ISL, 65, 76
ISL, 66, 67
ISL, 66, 77
ISL, 67, 68
ISL, 67, 78
ISL, 68, 69
ISL, 68, 79
ISL, 69, 70
ISL, 69, 79
ISL, 70, 71
ISL, 70, 81
ISL, 71, 60
ISL, 71, 82
ISL, 72, 73
ISL, 72, 95
ISL, 73, 74
ISL, 73, 84
ISL, 74, 75
ISL, 74, 85
ISL, 75, 76
ISL, 75, 85
ISL, 76, 77
ISL, 76, 87
ISL, 77, 78
ISL, 77, 88
ISL, 78, 79
ISL, 78, 89
ISL, 79, 80
ISL, 79, 90
ISL, 80, 81
ISL, 80, 91
ISL, 81, 82
ISL, 81, 91
ISL, 82, 83
ISL, 82, 93
ISL, 83, 72
ISL, 83, 94
ISL, 84, 85
ISL, 84, 2
ISL, 85, 86
ISL, 85, 3
ISL, 86, 87
ISL, 86, 4
ISL, 87, 88
ISL, 87, 5
ISL, 88, 89
ISL, 88, 6
ISL, 89, 90
ISL, 89, 7
ISL, 90, 91
ISL, 90, 8
ISL, 91, 92
ISL, 91, 9
ISL, 92, 93
ISL, 92, 10
ISL, 93, 94
ISL, 93, 11
ISL, 94, 95
ISL, 94, 0
ISL, 95, 84
ISL, 95, 1
