[METADATA]
Time: 2026-04-12 04:15:43
Step: 183
Total_Sats: 96

[NODES]
ID, Name, Lat(deg), Lon(deg), Alt(km)
0, W-00-00, -29.74207, 70.35149, 498.095
1, W-00-01, -6.57286, 90.73447, 493.141
2, W-00-02, 17.36230, 109.22558, 494.754
3, W-00-03, 39.05531, 133.10262, 501.312
4, W-00-04, 52.40391, 172.23559, 506.249
5, W-00-05, 48.03395, -140.69313, 504.644
6, W-00-06, 29.74207, -109.64851, 498.095
7, W-00-07, 6.57286, -89.26553, 493.141
8, W-00-08, -17.36230, -70.77442, 494.754
9, W-00-09, -39.05531, -46.89738, 501.312
10, W-00-10, -52.40391, -7.76441, 506.249
11, W-00-11, -48.03395, 39.30687, 504.644
12, W-01-00, -21.33284, 123.67879, 495.674
13, W-01-01, 2.45902, 142.52749, 492.902
14, W-01-02, 25.96847, 162.07615, 496.937
15, W-01-03, 45.57384, -169.49457, 503.727
16, W-01-04, 53.06308, -124.23858, 506.486
17, W-01-05, 42.19304, -82.07121, 502.468
18, W-01-06, 21.33284, -56.32121, 495.674
19, W-01-07, -2.45902, -37.47251, 492.902
20, W-01-08, -25.96847, -17.92385, 496.937
21, W-01-09, -45.57384, 10.50543, 503.727
22, W-01-10, -53.06308, 55.76142, 506.486
23, W-01-11, -42.19304, 97.92879, 502.468
24, W-02-00, -12.54802, 176.08974, 493.865
25, W-02-01, 11.45445, -165.58768, 493.700
26, W-02-02, 34.07495, -143.88117, 499.540
27, W-02-03, 50.42853, -109.33575, 505.529
28, W-02-04, 50.87593, -61.34485, 505.693
29, W-02-05, 35.02073, -25.96836, 499.868
30, W-02-06, 12.54802, -3.91026, 493.865
31, W-02-07, -11.45445, 14.41232, 493.700
32, W-02-08, -34.07495, 36.11883, 499.540
33, W-02-09, -50.42853, 70.66425, 505.529
34, W-02-10, -50.87593, 118.65515, 505.693
35, W-02-11, -35.02073, 154.03164, 499.868
36, W-03-00, -3.56641, -131.99065, 492.945
37, W-03-01, 20.27203, -113.25800, 495.412
38, W-03-02, 41.37410, -88.04434, 502.164
39, W-03-03, 52.94405, -46.66659, 506.443
40, W-03-04, 46.27175, -0.84077, 503.988
41, W-03-05, 26.99419, 28.25950, 497.241
42, W-03-06, 3.56641, 48.00935, 492.945
43, W-03-07, -20.27203, 66.74200, 495.412
44, W-03-08, -41.37410, 91.95566, 502.164
45, W-03-09, -52.94405, 133.33341, 506.443
46, W-03-10, -46.27175, 179.15923, 503.988
47, W-03-11, -26.99419, -151.74050, 497.241
48, W-04-00, 5.46818, -80.20447, 493.056
49, W-04-01, 28.73888, -60.06930, 497.777
50, W-04-02, 47.40990, -29.75952, 504.412
51, W-04-03, 52.63888, 16.90883, 506.333
52, W-04-04, 39.92297, 56.87980, 501.629
53, W-04-05, 18.43642, 81.22802, 494.987
54, W-04-06, -5.46818, 99.79553, 493.056
55, W-04-07, -28.73888, 119.93070, 497.777
56, W-04-08, -47.40990, 150.24048, 504.412
57, W-04-09, -52.63888, -163.09117, 506.333
58, W-04-10, -39.92297, -123.12020, 501.629
59, W-04-11, -18.43642, -98.77198, 494.987
60, W-05-00, 14.42102, -28.21260, 494.180
61, W-05-01, 36.61668, -5.50115, 500.432
62, W-05-02, 51.55883, 31.32507, 505.942
63, W-05-03, 49.57746, 79.13508, 505.215
64, W-05-04, 32.42150, 112.28322, 498.975
65, W-05-05, 9.56847, 133.43229, 493.449
66, W-05-06, -14.42102, 151.78740, 494.180
67, W-05-07, -36.61668, 174.49885, 500.432
68, W-05-08, -51.55883, -148.67493, 505.942
69, W-05-09, -49.57746, -100.86492, 505.215
70, W-05-10, -32.42150, -67.71678, 498.975
71, W-05-11, -9.56847, -46.56771, 493.449
72, W-06-00, 23.14331, 24.35297, 496.144
73, W-06-01, 43.55406, 51.08263, 502.974
74, W-06-02, 53.16570, 94.53885, 506.523
75, W-06-03, 44.31669, 138.69534, 503.258
76, W-06-04, 24.18810, 166.02868, 496.430
77, W-06-05, 0.55415, -174.73044, 492.865
78, W-06-06, -23.14331, -155.64703, 496.144
79, W-06-07, -43.55406, -128.91737, 502.974
80, W-06-08, -53.16570, -85.46115, 506.523
81, W-06-09, -44.31669, -41.30466, 503.258
82, W-06-10, -24.18810, -13.97132, 496.430
83, W-06-11, -0.55415, 5.26956, 492.865
84, W-07-00, 31.44476, 77.93744, 498.649
85, W-07-01, 49.03690, 110.29525, 505.016
86, W-07-02, 51.90394, 157.89650, 506.067
87, W-07-03, 37.52635, -164.42771, 500.758
88, W-07-04, 15.50598, -141.30684, 494.380
89, W-07-05, -8.46837, -122.91382, 493.323
90, W-07-06, -31.44476, -102.06256, 498.649
91, W-07-07, -49.03690, -69.70475, 505.016
92, W-07-08, -51.90394, -22.10350, 506.067
93, W-07-09, -37.52635, 15.57229, 500.758
94, W-07-10, -15.50598, 38.69316, 494.380
95, W-07-11, 8.46837, 57.08618, 493.323

[LINKS]
Type, SourceID, TargetID
ISL, 0, 1
ISL, 0, 23
ISL, 1, 2
ISL, 1, 12
ISL, 2, 3
ISL, 2, 13
ISL, 3, 4
ISL, 3, 14
ISL, 4, 5
ISL, 4, 15
ISL, 5, 6
ISL, 5, 15
ISL, 6, 7
ISL, 6, 17
ISL, 7, 8
ISL, 7, 18
ISL, 8, 9
ISL, 8, 19
ISL, 9, 10
ISL, 9, 20
ISL, 10, 11
ISL, 10, 21
ISL, 11, 0
ISL, 11, 21
ISL, 12, 13
ISL, 12, 35
ISL, 13, 14
ISL, 13, 24
ISL, 14, 15
ISL, 14, 25
ISL, 15, 16
ISL, 15, 26
ISL, 16, 17
ISL, 16, 27
ISL, 17, 18
ISL, 17, 28
ISL, 18, 19
ISL, 18, 29
ISL, 19, 20
ISL, 19, 30
ISL, 20, 21
ISL, 20, 31
ISL, 21, 22
ISL, 21, 32
ISL, 22, 23
ISL, 22, 33
ISL, 23, 12
ISL, 23, 34
ISL, 24, 25
ISL, 24, 47
ISL, 25, 26
ISL, 25, 36
ISL, 26, 27
ISL, 26, 37
ISL, 27, 28
ISL, 27, 38
ISL, 28, 29
ISL, 28, 39
ISL, 29, 30
ISL, 29, 40
ISL, 30, 31
ISL, 30, 41
ISL, 31, 32
ISL, 31, 42
ISL, 32, 33
ISL, 32, 43
ISL, 33, 34
ISL, 33, 44
ISL, 34, 35
ISL, 34, 45
ISL, 35, 24
ISL, 35, 46
ISL, 36, 37
ISL, 36, 59
ISL, 37, 38
ISL, 37, 48
ISL, 38, 39
ISL, 38, 49
ISL, 39, 40
ISL, 39, 50
ISL, 40, 41
ISL, 40, 50
ISL, 41, 42
ISL, 41, 52
ISL, 42, 43
ISL, 42, 53
ISL, 43, 44
ISL, 43, 54
ISL, 44, 45
ISL, 44, 55
ISL, 45, 46
ISL, 45, 56
ISL, 46, 47
ISL, 46, 56
ISL, 47, 36
ISL, 47, 58
ISL, 48, 49
ISL, 48, 71
ISL, 49, 50
ISL, 49, 60
ISL, 50, 51
ISL, 50, 61
ISL, 51, 52
ISL, 51, 62
ISL, 52, 53
ISL, 52, 63
ISL, 53, 54
ISL, 53, 64
ISL, 54, 55
ISL, 54, 65
ISL, 55, 56
ISL, 55, 66
ISL, 56, 57
ISL, 56, 67
ISL, 57, 58
ISL, 57, 68
ISL, 58, 59
ISL, 58, 69
ISL, 59, 48
ISL, 59, 70
ISL, 60, 61
ISL, 60, 83
ISL, 61, 62
ISL, 61, 72
ISL, 62, 63
ISL, 62, 73
ISL, 63, 64
ISL, 63, 73
ISL, 64, 65
ISL, 64, 75
ISL, 65, 66
ISL, 65, 76
ISL, 66, 67
ISL, 66, 77
ISL, 67, 68
ISL, 67, 78
ISL, 68, 69
ISL, 68, 79
ISL, 69, 70
ISL, 69, 79
ISL, 70, 71
ISL, 70, 81
ISL, 71, 60
ISL, 71, 82
ISL, 72, 73
ISL, 72, 95
ISL, 73, 74
ISL, 73, 84
ISL, 74, 75
ISL, 74, 85
ISL, 75, 76
ISL, 75, 85
ISL, 76, 77
ISL, 76, 87
ISL, 77, 78
ISL, 77, 88
ISL, 78, 79
ISL, 78, 89
ISL, 79, 80
ISL, 79, 90
ISL, 80, 81
ISL, 80, 91
ISL, 81, 82
ISL, 81, 91
ISL, 82, 83
ISL, 82, 93
ISL, 83, 72
ISL, 83, 94
ISL, 84, 85
ISL, 84, 2
ISL, 85, 86
ISL, 85, 3
ISL, 86, 87
ISL, 86, 4
ISL, 87, 88
ISL, 87, 5
ISL, 88, 89
ISL, 88, 6
ISL, 89, 90
ISL, 89, 7
ISL, 90, 91
ISL, 90, 8
ISL, 91, 92
ISL, 91, 9
ISL, 92, 93
ISL, 92, 10
ISL, 93, 94
ISL, 93, 11
ISL, 94, 95
ISL, 94, 0
ISL, 95, 84
ISL, 95, 1
