[METADATA]
Time: 2026-04-12 02:44:13
Step: 0
Total_Sats: 96

[NODES]
ID, Name, Lat(deg), Lon(deg), Alt(km)
0, W-00-00, -21.28338, 101.66103, 495.661
1, W-00-01, 2.51079, 120.50399, 492.904
2, W-00-02, 26.01657, 140.06168, 496.951
3, W-00-03, 45.60702, 168.52177, 503.740
4, W-00-04, 53.05848, -146.19439, 506.484
5, W-00-05, 42.15519, -104.06335, 502.453
6, W-00-06, 21.28338, -78.33897, 495.661
7, W-00-07, -2.51079, -59.49601, 492.904
8, W-00-08, -26.01657, -39.93832, 496.951
9, W-00-09, -45.60702, -11.47823, 503.740
10, W-00-10, -53.05848, 33.80561, 506.484
11, W-00-11, -42.15519, 75.93665, 502.453
12, W-01-00, -12.49697, 154.06805, 493.857
13, W-01-01, 11.50562, 172.39033, 493.707
14, W-01-02, 34.11943, -165.88719, 499.555
15, W-01-03, 50.45024, -131.30320, 505.537
16, W-01-04, 50.85583, -83.31056, 505.685
17, W-01-05, 34.97681, -47.97316, 499.853
18, W-01-06, 12.49697, -25.93195, 493.857
19, W-01-07, -11.50562, -7.60967, 493.707
20, W-01-08, -34.11943, 14.11281, 499.555
21, W-01-09, -50.45024, 48.69680, 505.537
22, W-01-10, -50.85583, 96.68944, 505.685
23, W-01-11, -34.97681, 132.02684, 499.853
24, W-02-00, -3.51467, -154.01408, 492.943
25, W-02-01, 20.32173, -135.27634, 495.424
26, W-02-02, 41.41280, -110.03816, 502.178
27, W-02-03, 52.95058, -68.62296, 506.446
28, W-02-04, 46.23971, -22.82253, 503.976
29, W-02-05, 26.94642, 6.24584, 497.227
30, W-02-06, 3.51467, 25.98592, 492.943
31, W-02-07, -20.32173, 44.72366, 495.424
32, W-02-08, -41.41280, 69.96184, 502.178
33, W-02-09, -52.95058, 111.37704, 506.446
34, W-02-10, -46.23971, 157.17747, 503.976
35, W-02-11, -26.94642, -173.75416, 497.227
36, W-03-00, 5.51984, -102.22770, 493.059
37, W-03-01, 28.78596, -82.08134, 497.792
38, W-03-02, 47.43971, -51.73772, 504.423
39, W-03-03, 52.62883, -5.04905, 506.330
40, W-03-04, 39.88279, 34.88301, 501.615
41, W-03-05, 18.38632, 59.20868, 494.975
42, W-03-06, -5.51984, 77.77230, 493.059
43, W-03-07, -28.78596, 97.91866, 497.792
44, W-03-08, -47.43971, 128.26228, 504.423
45, W-03-09, -52.62883, 174.95095, 506.330
46, W-03-10, -39.88279, -145.11699, 501.615
47, W-03-11, -18.38632, -120.79132, 494.975
48, W-04-00, 14.47181, -50.23364, 494.189
49, W-04-01, 36.65951, -27.50354, 500.447
50, W-04-02, 51.57583, 9.36234, 505.948
51, W-04-03, 49.55292, 57.16426, 505.206
52, W-04-04, 32.37608, 90.27506, 498.960
53, W-04-05, 9.51710, 111.40979, 493.443
54, W-04-06, -14.47181, 129.76636, 494.189
55, W-04-07, -36.65951, 152.49646, 500.447
56, W-04-08, -51.57583, -170.63766, 505.948
57, W-04-09, -49.55292, -122.83574, 505.206
58, W-04-10, -32.37608, -89.72494, 498.960
59, W-04-11, -9.51710, -68.59021, 493.443
60, W-05-00, 23.19228, 2.33641, 496.158
61, W-05-01, 43.59019, 29.09373, 502.987
62, W-05-02, 53.16668, 72.58356, 506.523
63, W-05-03, 44.28155, 116.70825, 503.245
64, W-05-04, 24.13941, 144.01281, 496.416
65, W-05-05, 0.50235, 163.24598, 492.865
66, W-05-06, -23.19228, -177.66359, 496.158
67, W-05-07, -43.59019, -150.90627, 502.987
68, W-05-08, -53.16668, -107.41644, 506.523
69, W-05-09, -44.28155, -63.29175, 503.245
70, W-05-10, -24.13941, -35.98719, 496.416
71, W-05-11, -0.50235, -16.75402, 492.865
72, W-06-00, 31.49064, 55.92821, 498.665
73, W-06-01, 49.06288, 88.32254, 505.025
74, W-06-02, 51.88868, 135.93522, 506.062
75, W-06-03, 37.48416, 173.57128, 500.743
76, W-06-04, 15.45536, -163.32748, 494.371
77, W-06-05, -8.51983, -144.93655, 493.329
78, W-06-06, -31.49064, -124.07179, 498.665
79, W-06-07, -49.06288, -91.67746, 505.025
80, W-06-08, -51.88868, -44.06478, 506.062
81, W-06-09, -37.48416, -6.42872, 500.743
82, W-06-10, -15.45536, 16.67252, 494.371
83, W-06-11, 8.51983, 35.06345, 493.329
84, W-07-00, 39.09623, 111.10430, 501.327
85, W-07-01, 52.41582, 150.27665, 506.253
86, W-07-02, 48.00543, -162.66939, 504.633
87, W-07-03, 29.69539, -131.65961, 498.080
88, W-07-04, 6.52126, -111.28861, 493.137
89, W-07-05, -17.41260, -92.79425, 494.764
90, W-07-06, -39.09623, -68.89570, 501.327
91, W-07-07, -52.41582, -29.72335, 506.253
92, W-07-08, -48.00543, 17.33061, 504.633
93, W-07-09, -29.69539, 48.34039, 498.080
94, W-07-10, -6.52126, 68.71139, 493.137
95, W-07-11, 17.41260, 87.20575, 494.764

[LINKS]
Type, SourceID, TargetID
ISL, 0, 1
ISL, 0, 23
ISL, 1, 2
ISL, 1, 12
ISL, 2, 3
ISL, 2, 13
ISL, 3, 4
ISL, 3, 14
ISL, 4, 5
ISL, 4, 15
ISL, 5, 6
ISL, 5, 15
ISL, 6, 7
ISL, 6, 17
ISL, 7, 8
ISL, 7, 18
ISL, 8, 9
ISL, 8, 19
ISL, 9, 10
ISL, 9, 20
ISL, 10, 11
ISL, 10, 21
ISL, 11, 0
ISL, 11, 21
ISL, 12, 13
ISL, 12, 35
ISL, 13, 14
ISL, 13, 24
ISL, 14, 15
ISL, 14, 25
ISL, 15, 16
ISL, 15, 26
ISL, 16, 17
ISL, 16, 27
ISL, 17, 18
ISL, 17, 28
ISL, 18, 19
ISL, 18, 29
ISL, 19, 20
ISL, 19, 30
ISL, 20, 21
ISL, 20, 31
ISL, 21, 22
ISL, 21, 32
ISL, 22, 23
ISL, 22, 33
ISL, 23, 12
ISL, 23, 34
ISL, 24, 25
ISL, 24, 47
ISL, 25, 26
ISL, 25, 36
ISL, 26, 27
ISL, 26, 37
ISL, 27, 28
ISL, 27, 38
ISL, 28, 29
ISL, 28, 39
ISL, 29, 30
ISL, 29, 40
ISL, 30, 31
ISL, 30, 41
ISL, 31, 32
ISL, 31, 42
ISL, 32, 33
ISL, 32, 43
ISL, 33, 34
ISL, 33, 44
ISL, 34, 35
ISL, 34, 45
ISL, 35, 24
ISL, 35, 46
ISL, 36, 37
ISL, 36, 59
ISL, 37, 38
ISL, 37, 48
ISL, 38, 39
ISL, 38, 49
ISL, 39, 40
ISL, 39, 50
ISL, 40, 41
ISL, 40, 50
ISL, 41, 42
ISL, 41, 52
ISL, 42, 43
ISL, 42, 53
ISL, 43, 44
ISL, 43, 54
ISL, 44, 45
ISL, 44, 55
ISL, 45, 46
ISL, 45, 56
ISL, 46, 47
ISL, 46, 56
ISL, 47, 36
ISL, 47, 58
ISL, 48, 49
ISL, 48, 71
ISL, 49, 50
ISL, 49, 60
ISL, 50, 51
ISL, 50, 61
ISL, 51, 52
ISL, 51, 62
ISL, 52, 53
ISL, 52, 63
ISL, 53, 54
ISL, 53, 64
ISL, 54, 55
ISL, 54, 65
ISL, 55, 56
ISL, 55, 66
ISL, 56, 57
ISL, 56, 67
ISL, 57, 58
ISL, 57, 68
ISL, 58, 59
ISL, 58, 69
ISL, 59, 48
ISL, 59, 70
ISL, 60, 61
ISL, 60, 83
ISL, 61, 62
ISL, 61, 72
ISL, 62, 63
ISL, 62, 73
ISL, 63, 64
ISL, 63, 73
ISL, 64, 65
ISL, 64, 75
ISL, 65, 66
ISL, 65, 76
ISL, 66, 67
ISL, 66, 77
ISL, 67, 68
ISL, 67, 78
ISL, 68, 69
ISL, 68, 79
ISL, 69, 70
ISL, 69, 79
ISL, 70, 71
ISL, 70, 81
ISL, 71, 60
ISL, 71, 82
ISL, 72, 73
ISL, 72, 95
ISL, 73, 74
ISL, 73, 84
ISL, 74, 75
ISL, 74, 85
ISL, 75, 76
ISL, 75, 85
ISL, 76, 77
ISL, 76, 87
ISL, 77, 78
ISL, 77, 88
ISL, 78, 79
ISL, 78, 89
ISL, 79, 80
ISL, 79, 90
ISL, 80, 81
ISL, 80, 91
ISL, 81, 82
ISL, 81, 91
ISL, 82, 83
ISL, 82, 93
ISL, 83, 72
ISL, 83, 94
ISL, 84, 85
ISL, 84, 2
ISL, 85, 86
ISL, 85, 3
ISL, 86, 87
ISL, 86, 4
ISL, 87, 88
ISL, 87, 5
ISL, 88, 89
ISL, 88, 6
ISL, 89, 90
ISL, 89, 7
ISL, 90, 91
ISL, 90, 8
ISL, 91, 92
ISL, 91, 9
ISL, 92, 93
ISL, 92, 10
ISL, 93, 94
ISL, 93, 11
ISL, 94, 95
ISL, 94, 0
ISL, 95, 84
ISL, 95, 1
