[METADATA]
Time: 2026-04-12 04:10:43
Step: 173
Total_Sats: 96

[NODES]
ID, Name, Lat(deg), Lon(deg), Alt(km)
0, W-00-00, -42.37085, 53.85000, 502.534
1, W-00-01, -21.56583, 79.72146, 495.733
2, W-00-02, 2.21495, 98.59775, 492.895
3, W-00-03, 25.74147, 118.10429, 496.871
4, W-00-04, 45.41670, 146.38903, 503.669
5, W-00-05, 53.08346, -168.48777, 506.493
6, W-00-06, 42.37085, -126.15000, 502.534
7, W-00-07, 21.56583, -100.27854, 495.733
8, W-00-08, -2.21495, -81.40225, 492.895
9, W-00-09, -25.74147, -61.89571, 496.871
10, W-00-10, -45.41670, -33.61097, 503.669
11, W-00-11, -53.08346, 11.51223, 506.493
12, W-01-00, -35.22744, 110.01283, 499.941
13, W-01-01, -12.78858, 132.15118, 493.903
14, W-01-02, 11.21315, 150.47563, 493.666
15, W-01-03, 33.86495, 172.10740, 499.467
16, W-01-04, 50.32516, -153.52866, 505.491
17, W-01-05, 50.96962, -105.54820, 505.727
18, W-01-06, 35.22744, -69.98717, 499.941
19, W-01-07, 12.78858, -47.84882, 493.903
20, W-01-08, -11.21315, -29.52437, 493.666
21, W-01-09, -33.86495, -7.89260, 499.467
22, W-01-10, -50.32516, 26.47134, 505.491
23, W-01-11, -50.96962, 74.45180, 505.727
24, W-02-00, -27.21914, 164.28274, 497.309
25, W-02-01, -3.81030, -175.92084, 492.957
26, W-02-02, 20.03759, -157.21177, 495.356
27, W-02-03, 41.19111, -132.11300, 502.096
28, W-02-04, 52.91201, -90.91243, 506.432
29, W-02-05, 46.42206, -44.96863, 504.044
30, W-02-06, 27.21914, -15.71726, 497.309
31, W-02-07, 3.81030, 4.07916, 492.957
32, W-02-08, -20.03759, 22.78823, 495.356
33, W-02-09, -41.19111, 47.88700, 502.096
34, W-02-10, -52.91201, 89.08757, 506.432
35, W-02-11, -46.42206, 135.03137, 504.044
36, W-03-00, -18.67247, -142.72177, 495.039
37, W-03-01, 5.22462, -124.13550, 493.039
38, W-03-02, 28.51666, -104.05255, 497.707
39, W-03-03, 47.26857, -73.90165, 504.359
40, W-03-04, 52.68501, -27.33096, 506.350
41, W-03-05, 40.11187, 12.82304, 501.699
42, W-03-06, 18.67247, 37.27823, 495.039
43, W-03-07, -5.22462, 55.86450, 493.039
44, W-03-08, -28.51666, 75.94745, 497.707
45, W-03-09, -47.26857, 106.09835, 504.359
46, W-03-10, -52.68501, 152.66904, 506.350
47, W-03-11, -40.11187, -167.17696, 501.699
48, W-04-00, -9.81057, -90.50242, 493.479
49, W-04-01, 14.18151, -72.15378, 494.137
50, W-04-02, 36.41436, -49.52960, 500.360
51, W-04-03, 51.47756, -12.89018, 505.912
52, W-04-04, 49.69215, 34.95568, 505.258
53, W-04-05, 32.63526, 68.28031, 499.048
54, W-04-06, 9.81057, 89.49758, 493.479
55, W-04-07, -14.18151, 107.84622, 494.137
56, W-04-08, -36.41436, 130.47040, 500.360
57, W-04-09, -51.47756, 167.10982, 505.912
58, W-04-10, -49.69215, -145.04432, 505.258
59, W-04-11, -32.63526, -111.71969, 499.048
60, W-05-00, -0.79832, -38.65991, 492.867
61, W-05-01, 22.91226, -19.60910, 496.083
62, W-05-02, 43.38308, 6.99091, 502.910
63, W-05-03, 53.15979, 50.28757, 506.521
64, W-05-04, 44.48170, 94.59272, 503.320
65, W-05-05, 24.41742, 122.06241, 496.493
66, W-05-06, 0.79832, 141.34009, 492.867
67, W-05-07, -22.91226, 160.39090, 496.083
68, W-05-08, -43.38308, -173.00909, 502.910
69, W-05-09, -53.15979, -129.71243, 506.521
70, W-05-10, -44.48170, -85.40728, 503.320
71, W-05-11, -24.41742, -57.93759, 496.493
72, W-06-00, 8.22573, 13.15285, 493.297
73, W-06-01, 31.22817, 33.94104, 498.578
74, W-06-02, 48.91348, 66.12722, 504.970
75, W-06-03, 51.97467, 113.67247, 506.093
76, W-06-04, 37.72482, 151.53554, 500.830
77, W-06-05, 15.74454, 174.74959, 494.426
78, W-06-06, -8.22573, -166.84715, 493.297
79, W-06-07, -31.22817, -146.05896, 498.578
80, W-06-08, -48.91348, -113.87278, 504.970
81, W-06-09, -51.97467, -66.32753, 506.093
82, W-06-10, -37.72482, -28.46446, 500.830
83, W-06-11, -15.74454, -5.25041, 494.426
84, W-07-00, 17.12506, 65.27873, 494.704
85, W-07-01, 38.86193, 89.05509, 501.242
86, W-07-02, 52.34656, 128.00216, 506.228
87, W-07-03, 48.16751, 175.15308, 504.693
88, W-07-04, 29.96188, -153.63744, 498.165
89, W-07-05, 6.81606, -133.19746, 493.162
90, W-07-06, -17.12506, -114.72127, 494.704
91, W-07-07, -38.86193, -90.94491, 501.242
92, W-07-08, -52.34656, -51.99784, 506.228
93, W-07-09, -48.16751, -4.84692, 504.693
94, W-07-10, -29.96188, 26.36256, 498.165
95, W-07-11, -6.81606, 46.80254, 493.162

[LINKS]
Type, SourceID, TargetID
ISL, 0, 1
ISL, 0, 23
ISL, 1, 2
ISL, 1, 12
ISL, 2, 3
ISL, 2, 13
ISL, 3, 4
ISL, 3, 14
ISL, 4, 5
ISL, 4, 15
ISL, 5, 6
ISL, 5, 15
ISL, 6, 7
ISL, 6, 17
ISL, 7, 8
ISL, 7, 18
ISL, 8, 9
ISL, 8, 19
ISL, 9, 10
ISL, 9, 20
ISL, 10, 11
ISL, 10, 21
ISL, 11, 0
ISL, 11, 21
ISL, 12, 13
ISL, 12, 35
ISL, 13, 14
ISL, 13, 24
ISL, 14, 15
ISL, 14, 25
ISL, 15, 16
ISL, 15, 26
ISL, 16, 17
ISL, 16, 27
ISL, 17, 18
ISL, 17, 28
ISL, 18, 19
ISL, 18, 29
ISL, 19, 20
ISL, 19, 30
ISL, 20, 21
ISL, 20, 31
ISL, 21, 22
ISL, 21, 32
ISL, 22, 23
ISL, 22, 33
ISL, 23, 12
ISL, 23, 34
ISL, 24, 25
ISL, 24, 47
ISL, 25, 26
ISL, 25, 36
ISL, 26, 27
ISL, 26, 37
ISL, 27, 28
ISL, 27, 38
ISL, 28, 29
ISL, 28, 39
ISL, 29, 30
ISL, 29, 40
ISL, 30, 31
ISL, 30, 41
ISL, 31, 32
ISL, 31, 42
ISL, 32, 33
ISL, 32, 43
ISL, 33, 34
ISL, 33, 44
ISL, 34, 35
ISL, 34, 45
ISL, 35, 24
ISL, 35, 46
ISL, 36, 37
ISL, 36, 59
ISL, 37, 38
ISL, 37, 48
ISL, 38, 39
ISL, 38, 49
ISL, 39, 40
ISL, 39, 50
ISL, 40, 41
ISL, 40, 50
ISL, 41, 42
ISL, 41, 52
ISL, 42, 43
ISL, 42, 53
ISL, 43, 44
ISL, 43, 54
ISL, 44, 45
ISL, 44, 55
ISL, 45, 46
ISL, 45, 56
ISL, 46, 47
ISL, 46, 56
ISL, 47, 36
ISL, 47, 58
ISL, 48, 49
ISL, 48, 71
ISL, 49, 50
ISL, 49, 60
ISL, 50, 51
ISL, 50, 61
ISL, 51, 52
ISL, 51, 62
ISL, 52, 53
ISL, 52, 63
ISL, 53, 54
ISL, 53, 64
ISL, 54, 55
ISL, 54, 65
ISL, 55, 56
ISL, 55, 66
ISL, 56, 57
ISL, 56, 67
ISL, 57, 58
ISL, 57, 68
ISL, 58, 59
ISL, 58, 69
ISL, 59, 48
ISL, 59, 70
ISL, 60, 61
ISL, 60, 83
ISL, 61, 62
ISL, 61, 72
ISL, 62, 63
ISL, 62, 73
ISL, 63, 64
ISL, 63, 73
ISL, 64, 65
ISL, 64, 75
ISL, 65, 66
ISL, 65, 76
ISL, 66, 67
ISL, 66, 77
ISL, 67, 68
ISL, 67, 78
ISL, 68, 69
ISL, 68, 79
ISL, 69, 70
ISL, 69, 79
ISL, 70, 71
ISL, 70, 81
ISL, 71, 60
ISL, 71, 82
ISL, 72, 73
ISL, 72, 95
ISL, 73, 74
ISL, 73, 84
ISL, 74, 75
ISL, 74, 85
ISL, 75, 76
ISL, 75, 85
ISL, 76, 77
ISL, 76, 87
ISL, 77, 78
ISL, 77, 88
ISL, 78, 79
ISL, 78, 89
ISL, 79, 80
ISL, 79, 90
ISL, 80, 81
ISL, 80, 91
ISL, 81, 82
ISL, 81, 91
ISL, 82, 83
ISL, 82, 93
ISL, 83, 72
ISL, 83, 94
ISL, 84, 85
ISL, 84, 2
ISL, 85, 86
ISL, 85, 3
ISL, 86, 87
ISL, 86, 4
ISL, 87, 88
ISL, 87, 5
ISL, 88, 89
ISL, 88, 6
ISL, 89, 90
ISL, 89, 7
ISL, 90, 91
ISL, 90, 8
ISL, 91, 92
ISL, 91, 9
ISL, 92, 93
ISL, 92, 10
ISL, 93, 94
ISL, 93, 11
ISL, 94, 95
ISL, 94, 0
ISL, 95, 84
ISL, 95, 1
