[METADATA]
Time: 2026-04-12 03:14:43
Step: 61
Total_Sats: 96

[NODES]
ID, Name, Lat(deg), Lon(deg), Alt(km)
0, W-00-00, 53.16637, -160.09801, 506.523
1, W-00-01, 44.29327, -115.96271, 503.249
2, W-00-02, 24.15564, -88.64856, 496.421
3, W-00-03, 0.51961, -69.41283, 492.865
4, W-00-04, -23.17596, -50.32474, 496.153
5, W-00-05, -43.57815, -23.57665, 502.983
6, W-00-06, -53.16637, 19.90199, 506.523
7, W-00-07, -44.29327, 64.03729, 503.249
8, W-00-08, -24.15564, 91.35144, 496.421
9, W-00-09, -0.51961, 110.58717, 492.865
10, W-00-10, 23.17596, 129.67526, 496.153
11, W-00-11, 43.57815, 156.42335, 502.983
12, W-01-00, 51.89378, -96.74435, 506.064
13, W-01-01, 37.49822, -59.09504, 500.748
14, W-01-02, 15.47223, -35.98727, 494.374
15, W-01-03, -8.50268, -17.59564, 493.327
16, W-01-04, -31.47535, 3.26461, 498.659
17, W-01-05, -49.05423, 35.64677, 505.022
18, W-01-06, -51.89378, 83.25565, 506.064
19, W-01-07, -37.49822, 120.90496, 500.748
20, W-01-08, -15.47223, 144.01273, 494.374
21, W-01-09, 8.50268, 162.40436, 493.327
22, W-01-10, 31.47535, -176.73539, 498.659
23, W-01-11, 49.05423, -144.35323, 505.022
24, W-02-00, 48.01494, -35.34396, 504.637
25, W-02-01, 29.71095, -4.32257, 498.085
26, W-02-02, 6.53846, 16.05242, 493.138
27, W-02-03, -17.39583, 34.54569, 494.761
28, W-02-04, -39.08259, 58.43706, 501.322
29, W-02-05, -52.41186, 97.59629, 506.251
30, W-02-06, -48.01494, 144.65604, 504.637
31, W-02-07, -29.71095, 175.67743, 498.085
32, W-02-08, -6.53846, -163.94758, 493.138
33, W-02-09, 17.39583, -145.45431, 494.761
34, W-02-10, 39.08259, -121.56294, 501.322
35, W-02-11, 52.41186, -82.40371, 506.251
36, W-03-00, 42.16781, 23.26737, 502.458
37, W-03-01, 21.29987, 49.00029, 495.665
38, W-03-02, -2.49353, 67.84516, 492.903
39, W-03-03, -26.00054, 87.39983, 496.946
40, W-03-04, -45.59597, 115.84965, 503.736
41, W-03-05, -53.06003, 161.12421, 506.485
42, W-03-06, -42.16781, -156.73263, 502.458
43, W-03-07, -21.29987, -130.99971, 495.665
44, W-03-08, 2.49353, -112.15484, 492.903
45, W-03-09, 26.00054, -92.60017, 496.946
46, W-03-10, 45.59597, -64.15035, 503.736
47, W-03-11, 53.06003, -18.87579, 506.485
48, W-04-00, 34.99145, 79.36178, 499.858
49, W-04-01, 12.51399, 101.40862, 493.859
50, W-04-02, -11.48857, 119.73099, 493.705
51, W-04-03, -34.10461, 141.44814, 499.550
52, W-04-04, -50.44301, 176.01927, 505.534
53, W-04-05, -50.86254, -135.98865, 505.688
54, W-04-06, -34.99145, -100.63822, 499.858
55, W-04-07, -12.51399, -78.59138, 493.859
56, W-04-08, 11.48857, -60.26901, 493.705
57, W-04-09, 34.10461, -38.55186, 499.550
58, W-04-10, 50.44301, -3.98073, 505.534
59, W-04-11, 50.86254, 44.01135, 505.688
60, W-05-00, 26.96234, 133.58373, 497.232
61, W-05-01, 3.53192, 153.32706, 492.944
62, W-05-02, -20.30516, 172.06310, 495.420
63, W-05-03, -41.39991, -162.70690, 502.174
64, W-05-04, -52.94841, -121.30417, 506.445
65, W-05-05, -46.25039, -75.49527, 503.980
66, W-05-06, -26.96234, -46.41627, 497.232
67, W-05-07, -3.53192, -26.67294, 492.944
68, W-05-08, 20.30516, -7.93690, 495.420
69, W-05-09, 41.39991, 17.29310, 502.174
70, W-05-10, 52.94841, 58.69583, 506.445
71, W-05-11, 46.25039, 104.50473, 503.980
72, W-06-00, 18.40302, -173.45153, 494.979
73, W-06-01, -5.50262, -154.88662, 493.058
74, W-06-02, -28.77027, -134.74399, 497.787
75, W-06-03, -47.42978, -104.41166, 504.419
76, W-06-04, -52.63219, -57.72975, 506.331
77, W-06-05, -39.89619, -17.78471, 501.620
78, W-06-06, -18.40302, 6.54847, 494.979
79, W-06-07, 5.50262, 25.11338, 493.058
80, W-06-08, 28.77027, 45.25601, 497.787
81, W-06-09, 47.42978, 75.58834, 504.419
82, W-06-10, 52.63219, 122.27025, 506.331
83, W-06-11, 39.89619, 162.21529, 501.620
84, W-07-00, 9.53422, -121.24938, 493.445
85, W-07-01, -14.45488, -102.89330, 494.186
86, W-07-02, -36.64524, -80.16942, 500.442
87, W-07-03, -51.57017, -43.31676, 505.946
88, W-07-04, -49.56111, 4.48788, 505.209
89, W-07-05, -32.39122, 37.61112, 498.965
90, W-07-06, -9.53422, 58.75062, 493.445
91, W-07-07, 14.45488, 77.10670, 494.186
92, W-07-08, 36.64524, 99.83058, 500.442
93, W-07-09, 51.57017, 136.68324, 505.946
94, W-07-10, 49.56111, -175.51212, 505.209
95, W-07-11, 32.39122, -142.38888, 498.965

[LINKS]
Type, SourceID, TargetID
ISL, 0, 1
ISL, 0, 23
ISL, 1, 2
ISL, 1, 12
ISL, 2, 3
ISL, 2, 13
ISL, 3, 4
ISL, 3, 14
ISL, 4, 5
ISL, 4, 15
ISL, 5, 6
ISL, 5, 15
ISL, 6, 7
ISL, 6, 17
ISL, 7, 8
ISL, 7, 18
ISL, 8, 9
ISL, 8, 19
ISL, 9, 10
ISL, 9, 20
ISL, 10, 11
ISL, 10, 21
ISL, 11, 0
ISL, 11, 21
ISL, 12, 13
ISL, 12, 35
ISL, 13, 14
ISL, 13, 24
ISL, 14, 15
ISL, 14, 25
ISL, 15, 16
ISL, 15, 26
ISL, 16, 17
ISL, 16, 27
ISL, 17, 18
ISL, 17, 28
ISL, 18, 19
ISL, 18, 29
ISL, 19, 20
ISL, 19, 30
ISL, 20, 21
ISL, 20, 31
ISL, 21, 22
ISL, 21, 32
ISL, 22, 23
ISL, 22, 33
ISL, 23, 12
ISL, 23, 34
ISL, 24, 25
ISL, 24, 47
ISL, 25, 26
ISL, 25, 36
ISL, 26, 27
ISL, 26, 37
ISL, 27, 28
ISL, 27, 38
ISL, 28, 29
ISL, 28, 39
ISL, 29, 30
ISL, 29, 40
ISL, 30, 31
ISL, 30, 41
ISL, 31, 32
ISL, 31, 42
ISL, 32, 33
ISL, 32, 43
ISL, 33, 34
ISL, 33, 44
ISL, 34, 35
ISL, 34, 45
ISL, 35, 24
ISL, 35, 46
ISL, 36, 37
ISL, 36, 59
ISL, 37, 38
ISL, 37, 48
ISL, 38, 39
ISL, 38, 49
ISL, 39, 40
ISL, 39, 50
ISL, 40, 41
ISL, 40, 50
ISL, 41, 42
ISL, 41, 52
ISL, 42, 43
ISL, 42, 53
ISL, 43, 44
ISL, 43, 54
ISL, 44, 45
ISL, 44, 55
ISL, 45, 46
ISL, 45, 56
ISL, 46, 47
ISL, 46, 56
ISL, 47, 36
ISL, 47, 58
ISL, 48, 49
ISL, 48, 71
ISL, 49, 50
ISL, 49, 60
ISL, 50, 51
ISL, 50, 61
ISL, 51, 52
ISL, 51, 62
ISL, 52, 53
ISL, 52, 63
ISL, 53, 54
ISL, 53, 64
ISL, 54, 55
ISL, 54, 65
ISL, 55, 56
ISL, 55, 66
ISL, 56, 57
ISL, 56, 67
ISL, 57, 58
ISL, 57, 68
ISL, 58, 59
ISL, 58, 69
ISL, 59, 48
ISL, 59, 70
ISL, 60, 61
ISL, 60, 83
ISL, 61, 62
ISL, 61, 72
ISL, 62, 63
ISL, 62, 73
ISL, 63, 64
ISL, 63, 73
ISL, 64, 65
ISL, 64, 75
ISL, 65, 66
ISL, 65, 76
ISL, 66, 67
ISL, 66, 77
ISL, 67, 68
ISL, 67, 78
ISL, 68, 69
ISL, 68, 79
ISL, 69, 70
ISL, 69, 79
ISL, 70, 71
ISL, 70, 81
ISL, 71, 60
ISL, 71, 82
ISL, 72, 73
ISL, 72, 95
ISL, 73, 74
ISL, 73, 84
ISL, 74, 75
ISL, 74, 85
ISL, 75, 76
ISL, 75, 85
ISL, 76, 77
ISL, 76, 87
ISL, 77, 78
ISL, 77, 88
ISL, 78, 79
ISL, 78, 89
ISL, 79, 80
ISL, 79, 90
ISL, 80, 81
ISL, 80, 91
ISL, 81, 82
ISL, 81, 91
ISL, 82, 83
ISL, 82, 93
ISL, 83, 72
ISL, 83, 94
ISL, 84, 85
ISL, 84, 2
ISL, 85, 86
ISL, 85, 3
ISL, 86, 87
ISL, 86, 4
ISL, 87, 88
ISL, 87, 5
ISL, 88, 89
ISL, 88, 6
ISL, 89, 90
ISL, 89, 7
ISL, 90, 91
ISL, 90, 8
ISL, 91, 92
ISL, 91, 9
ISL, 92, 93
ISL, 92, 10
ISL, 93, 94
ISL, 93, 11
ISL, 94, 95
ISL, 94, 0
ISL, 95, 84
ISL, 95, 1
