[METADATA]
Time: 2026-04-12 03:26:13
Step: 84
Total_Sats: 96

[NODES]
ID, Name, Lat(deg), Lon(deg), Alt(km)
0, W-00-00, 35.78841, -104.58176, 500.138
1, W-00-01, 13.44439, -82.21922, 494.010
2, W-00-02, -10.55393, -63.88623, 493.575
3, W-00-03, -33.28888, -42.45345, 499.270
4, W-00-04, -50.03440, -8.58142, 505.384
5, W-00-05, -51.21619, 39.35141, 505.817
6, W-00-06, -35.78841, 75.41824, 500.138
7, W-00-07, -13.44439, 97.78078, 494.010
8, W-00-08, 10.55393, 116.11377, 493.575
9, W-00-09, 33.28888, 137.54655, 499.270
10, W-00-10, 50.03440, 171.41858, 505.384
11, W-00-11, 51.21619, -140.64859, 505.817
12, W-01-00, 27.83111, -50.19477, 497.495
13, W-01-01, 4.47573, -30.26707, 492.992
14, W-01-02, -19.39650, -11.61872, 495.205
15, W-01-03, -40.68714, 13.17245, 501.910
16, W-01-04, -52.81393, 53.88440, 506.397
17, W-01-05, -46.82574, 100.13556, 504.194
18, W-01-06, -27.83111, 129.80523, 497.495
19, W-01-07, -4.47573, 149.73293, 492.992
20, W-01-08, 19.39650, 168.38128, 495.205
21, W-01-09, 40.68714, -166.82755, 501.910
22, W-01-10, 52.81393, -126.11560, 506.397
23, W-01-11, 46.82574, -79.86444, 504.194
24, W-02-00, 19.31555, 2.87619, 495.186
25, W-02-01, -4.55960, 21.51725, 492.997
26, W-02-02, -27.90806, 41.46194, 497.519
27, W-02-03, -46.87594, 71.18496, 504.213
28, W-02-04, -52.80047, 117.47332, 506.392
29, W-02-05, -40.62314, 158.12318, 501.887
30, W-02-06, -19.31555, -177.12381, 495.186
31, W-02-07, 4.55960, -158.48275, 492.997
32, W-02-08, 27.90806, -138.53806, 497.519
33, W-02-09, 46.87594, -108.81504, 504.213
34, W-02-10, 52.80047, -62.52668, 506.392
35, W-02-11, 40.62314, -21.87682, 501.887
36, W-03-00, 10.47076, 55.13817, 493.564
37, W-03-01, -13.52699, 73.47260, 494.024
38, W-03-02, -35.85879, 95.86394, 500.163
39, W-03-03, -51.24632, 131.99473, 505.828
40, W-03-04, -49.99686, 179.91958, 505.370
41, W-03-05, -33.21596, -146.27003, 499.245
42, W-03-06, -10.47076, -124.86183, 493.564
43, W-03-07, 13.52699, -106.52740, 494.024
44, W-03-08, 35.85879, -84.13606, 500.163
45, W-03-09, 51.24632, -48.00527, 505.828
46, W-03-10, 49.99686, -0.08042, 505.370
47, W-03-11, 33.21596, 33.72997, 499.245
48, W-04-00, 1.46470, 106.99626, 492.877
49, W-04-01, -22.28017, 125.96189, 495.916
50, W-04-02, -42.91119, 152.21417, 502.734
51, W-04-03, -53.13281, -164.93347, 506.511
52, W-04-04, -44.92631, -120.23379, 503.486
53, W-04-05, -25.04161, -92.38579, 496.670
54, W-04-06, -1.46470, -73.00374, 492.877
55, W-04-07, 22.28017, -54.03811, 495.916
56, W-04-08, 42.91119, -27.78583, 502.734
57, W-04-09, 53.13281, 15.06653, 506.511
58, W-04-10, 44.92631, 59.76621, 503.486
59, W-04-11, 25.04161, 87.61421, 496.670
60, W-05-00, -7.56303, 158.79973, 493.231
61, W-05-01, -30.63455, 179.42040, 498.383
62, W-05-02, -48.56886, -148.85698, 504.842
63, W-05-03, -52.15784, -101.48262, 506.159
64, W-05-04, -38.26280, -63.10886, 501.024
65, W-05-05, -16.39468, -39.63495, 494.554
66, W-05-06, 7.56303, -21.20027, 493.231
67, W-05-07, 30.63455, -0.57960, 498.383
68, W-05-08, 48.56886, 31.14302, 504.842
69, W-05-09, 52.15784, 78.51738, 506.159
70, W-05-10, 38.26280, 116.89114, 501.024
71, W-05-11, 16.39468, 140.36505, 494.554
72, W-06-00, -16.47654, -149.10984, 494.571
73, W-06-01, -38.33024, -125.60259, 501.048
74, W-06-02, -52.17990, -87.16453, 506.167
75, W-06-03, -48.52462, -39.81356, 504.826
76, W-06-04, -30.55946, -8.14887, 498.359
77, W-06-05, -7.47944, 12.45115, 493.223
78, W-06-06, 16.47654, 30.89016, 494.571
79, W-06-07, 38.33024, 54.39741, 501.048
80, W-06-08, 52.17990, 92.83547, 506.167
81, W-06-09, 48.52462, 140.18644, 504.826
82, W-06-10, 30.55946, 171.85113, 498.359
83, W-06-11, 7.47944, -167.54885, 493.223
84, W-07-00, -25.12013, -96.35079, 496.692
85, W-07-01, -44.98176, -68.45447, 503.506
86, W-07-02, -53.12828, -23.70625, 506.510
87, W-07-03, -42.85116, 19.08922, 502.712
88, W-07-04, -22.20032, 45.29830, 495.895
89, W-07-05, 1.54871, 64.25358, 492.878
90, W-07-06, 25.12013, 83.64921, 496.692
91, W-07-07, 44.98176, 111.54553, 503.506
92, W-07-08, 53.12828, 156.29375, 506.510
93, W-07-09, 42.85116, -160.91078, 502.712
94, W-07-10, 22.20032, -134.70170, 495.895
95, W-07-11, -1.54871, -115.74642, 492.878

[LINKS]
Type, SourceID, TargetID
ISL, 0, 1
ISL, 0, 23
ISL, 1, 2
ISL, 1, 12
ISL, 2, 3
ISL, 2, 13
ISL, 3, 4
ISL, 3, 14
ISL, 4, 5
ISL, 4, 15
ISL, 5, 6
ISL, 5, 15
ISL, 6, 7
ISL, 6, 17
ISL, 7, 8
ISL, 7, 18
ISL, 8, 9
ISL, 8, 19
ISL, 9, 10
ISL, 9, 20
ISL, 10, 11
ISL, 10, 21
ISL, 11, 0
ISL, 11, 21
ISL, 12, 13
ISL, 12, 35
ISL, 13, 14
ISL, 13, 24
ISL, 14, 15
ISL, 14, 25
ISL, 15, 16
ISL, 15, 26
ISL, 16, 17
ISL, 16, 27
ISL, 17, 18
ISL, 17, 28
ISL, 18, 19
ISL, 18, 29
ISL, 19, 20
ISL, 19, 30
ISL, 20, 21
ISL, 20, 31
ISL, 21, 22
ISL, 21, 32
ISL, 22, 23
ISL, 22, 33
ISL, 23, 12
ISL, 23, 34
ISL, 24, 25
ISL, 24, 47
ISL, 25, 26
ISL, 25, 36
ISL, 26, 27
ISL, 26, 37
ISL, 27, 28
ISL, 27, 38
ISL, 28, 29
ISL, 28, 39
ISL, 29, 30
ISL, 29, 40
ISL, 30, 31
ISL, 30, 41
ISL, 31, 32
ISL, 31, 42
ISL, 32, 33
ISL, 32, 43
ISL, 33, 34
ISL, 33, 44
ISL, 34, 35
ISL, 34, 45
ISL, 35, 24
ISL, 35, 46
ISL, 36, 37
ISL, 36, 59
ISL, 37, 38
ISL, 37, 48
ISL, 38, 39
ISL, 38, 49
ISL, 39, 40
ISL, 39, 50
ISL, 40, 41
ISL, 40, 50
ISL, 41, 42
ISL, 41, 52
ISL, 42, 43
ISL, 42, 53
ISL, 43, 44
ISL, 43, 54
ISL, 44, 45
ISL, 44, 55
ISL, 45, 46
ISL, 45, 56
ISL, 46, 47
ISL, 46, 56
ISL, 47, 36
ISL, 47, 58
ISL, 48, 49
ISL, 48, 71
ISL, 49, 50
ISL, 49, 60
ISL, 50, 51
ISL, 50, 61
ISL, 51, 52
ISL, 51, 62
ISL, 52, 53
ISL, 52, 63
ISL, 53, 54
ISL, 53, 64
ISL, 54, 55
ISL, 54, 65
ISL, 55, 56
ISL, 55, 66
ISL, 56, 57
ISL, 56, 67
ISL, 57, 58
ISL, 57, 68
ISL, 58, 59
ISL, 58, 69
ISL, 59, 48
ISL, 59, 70
ISL, 60, 61
ISL, 60, 83
ISL, 61, 62
ISL, 61, 72
ISL, 62, 63
ISL, 62, 73
ISL, 63, 64
ISL, 63, 73
ISL, 64, 65
ISL, 64, 75
ISL, 65, 66
ISL, 65, 76
ISL, 66, 67
ISL, 66, 77
ISL, 67, 68
ISL, 67, 78
ISL, 68, 69
ISL, 68, 79
ISL, 69, 70
ISL, 69, 79
ISL, 70, 71
ISL, 70, 81
ISL, 71, 60
ISL, 71, 82
ISL, 72, 73
ISL, 72, 95
ISL, 73, 74
ISL, 73, 84
ISL, 74, 75
ISL, 74, 85
ISL, 75, 76
ISL, 75, 85
ISL, 76, 77
ISL, 76, 87
ISL, 77, 78
ISL, 77, 88
ISL, 78, 79
ISL, 78, 89
ISL, 79, 80
ISL, 79, 90
ISL, 80, 81
ISL, 80, 91
ISL, 81, 82
ISL, 81, 91
ISL, 82, 83
ISL, 82, 93
ISL, 83, 72
ISL, 83, 94
ISL, 84, 85
ISL, 84, 2
ISL, 85, 86
ISL, 85, 3
ISL, 86, 87
ISL, 86, 4
ISL, 87, 88
ISL, 87, 5
ISL, 88, 89
ISL, 88, 6
ISL, 89, 90
ISL, 89, 7
ISL, 90, 91
ISL, 90, 8
ISL, 91, 92
ISL, 91, 9
ISL, 92, 93
ISL, 92, 10
ISL, 93, 94
ISL, 93, 11
ISL, 94, 95
ISL, 94, 0
ISL, 95, 84
ISL, 95, 1
