[METADATA]
Time: 2026-04-12 02:51:43
Step: 15
Total_Sats: 96

[NODES]
ID, Name, Lat(deg), Lon(deg), Alt(km)
0, W-00-00, 1.37066, 117.76875, 492.875
1, W-00-01, 24.95366, 137.13572, 496.645
2, W-00-02, 44.86408, 164.92978, 503.462
3, W-00-03, 53.13758, -150.42520, 506.513
4, W-00-04, 42.97825, -107.50938, 502.759
5, W-00-05, 22.36951, -81.20856, 495.939
6, W-00-06, -1.37066, -62.23125, 492.875
7, W-00-07, -24.95366, -42.86428, 496.645
8, W-00-08, -44.86408, -15.07022, 503.462
9, W-00-09, -53.13758, 29.57480, 506.513
10, W-00-10, -42.97825, 72.49062, 502.759
11, W-00-11, -22.36951, 98.79144, 495.939
12, W-01-00, 10.37763, 169.62453, 493.552
13, W-01-01, 33.13425, -168.99465, 499.217
14, W-01-02, 49.95460, -135.25316, 505.354
15, W-01-03, 51.27979, -87.33778, 505.840
16, W-01-04, 35.93750, -51.13533, 500.191
17, W-01-05, 13.61943, -28.71160, 494.040
18, W-01-06, -10.37763, -10.37547, 493.552
19, W-01-07, -33.13425, 11.00535, 499.217
20, W-01-08, -49.95460, 44.74684, 505.354
21, W-01-09, -51.27979, 92.66222, 505.840
22, W-01-10, -35.93750, 128.86467, 500.191
23, W-01-11, -13.61943, 151.28840, 494.040
24, W-02-00, 19.22489, -138.11964, 495.165
25, W-02-01, 40.55136, -113.40918, 501.860
26, W-02-02, 52.78511, -72.82895, 506.386
27, W-02-03, 46.93196, -26.49937, 504.234
28, W-02-04, 27.99414, 3.28352, 497.545
29, W-02-05, 4.65348, 23.24735, 493.003
30, W-02-06, -19.22489, 41.88036, 495.165
31, W-02-07, -40.55136, 66.59082, 501.860
32, W-02-08, -52.78511, 107.17105, 506.386
33, W-02-09, -46.93196, 153.50063, 504.234
34, W-02-10, -27.99414, -176.71648, 497.545
35, W-02-11, -4.65348, -156.75265, 493.003
36, W-03-00, 27.74492, -85.05950, 497.469
37, W-03-01, 46.76935, -55.44939, 504.173
38, W-03-02, 52.82871, -9.24028, 506.402
39, W-03-03, 40.75867, 31.54105, 501.937
40, W-03-04, 19.48709, 56.37511, 495.226
41, W-03-05, -4.38183, 75.03170, 492.987
42, W-03-06, -27.74492, 94.94050, 497.469
43, W-03-07, -46.76935, 124.55061, 504.173
44, W-03-08, -52.82871, 170.75972, 506.402
45, W-03-09, -40.75867, -148.45895, 501.937
46, W-03-10, -19.48709, -123.62489, 495.226
47, W-03-11, 4.38183, -104.96830, 492.987
48, W-04-00, 35.70952, -30.68924, 500.110
49, W-04-01, 51.18221, 5.30603, 505.805
50, W-04-02, 50.07620, 53.24728, 505.399
51, W-04-03, 33.37044, 87.18842, 499.297
52, W-04-04, 10.64703, 108.64885, 493.587
53, W-04-05, -13.35190, 126.98033, 493.995
54, W-04-06, -35.70952, 149.31076, 500.110
55, W-04-07, -51.18221, -174.69397, 505.805
56, W-04-08, -50.07620, -126.75272, 505.399
57, W-04-09, -33.37044, -92.81158, 499.297
58, W-04-10, -10.64703, -71.35115, 493.587
59, W-04-11, 13.35190, -53.01967, 493.995
60, W-05-00, 42.78382, 25.61610, 502.687
61, W-05-01, 53.12292, 68.34766, 506.508
62, W-05-02, 45.04368, 113.14989, 503.529
63, W-05-03, 25.20798, 141.10049, 496.717
64, W-05-04, 1.64275, 160.51142, 492.880
65, W-05-05, -22.11090, 179.45521, 495.872
66, W-05-06, -42.78382, -154.38390, 502.687
67, W-05-07, -53.12292, -111.65234, 506.508
68, W-05-08, -45.04368, -66.85011, 503.529
69, W-05-09, -25.20798, -38.89951, 496.717
70, W-05-10, -1.64275, -19.48858, 492.880
71, W-05-11, 22.11090, -0.54479, 495.872
72, W-06-00, 48.47489, 84.48974, 504.807
73, W-06-01, 52.20431, 131.81402, 506.176
74, W-06-02, 38.40562, 170.32405, 501.076
75, W-06-03, 16.56816, -166.13123, 494.589
76, W-06-04, -7.38585, -147.68728, 493.214
77, W-06-05, -30.47532, -127.11025, 498.331
78, W-06-06, -48.47489, -95.51026, 504.807
79, W-06-07, -52.20431, -48.18598, 506.176
80, W-06-08, -38.40562, -9.67595, 501.076
81, W-06-09, -16.56816, 13.86877, 494.589
82, W-06-10, 7.38585, 32.31272, 493.214
83, W-06-11, 30.47532, 52.88975, 498.331
84, W-07-00, 52.13287, 146.13250, 506.150
85, W-07-01, 48.61818, -166.46743, 504.861
86, W-07-02, 30.71855, -134.67983, 498.411
87, W-07-03, 7.65660, -114.03592, 493.240
88, W-07-04, -16.30301, -95.60598, 494.536
89, W-07-05, -38.18721, -72.16925, 500.997
90, W-07-06, -52.13287, -33.86750, 506.150
91, W-07-07, -48.61818, 13.53257, 504.861
92, W-07-08, -30.71855, 45.32017, 498.411
93, W-07-09, -7.65660, 65.96408, 493.240
94, W-07-10, 16.30301, 84.39402, 494.536
95, W-07-11, 38.18721, 107.83075, 500.997

[LINKS]
Type, SourceID, TargetID
ISL, 0, 1
ISL, 0, 23
ISL, 1, 2
ISL, 1, 12
ISL, 2, 3
ISL, 2, 13
ISL, 3, 4
ISL, 3, 14
ISL, 4, 5
ISL, 4, 15
ISL, 5, 6
ISL, 5, 15
ISL, 6, 7
ISL, 6, 17
ISL, 7, 8
ISL, 7, 18
ISL, 8, 9
ISL, 8, 19
ISL, 9, 10
ISL, 9, 20
ISL, 10, 11
ISL, 10, 21
ISL, 11, 0
ISL, 11, 21
ISL, 12, 13
ISL, 12, 35
ISL, 13, 14
ISL, 13, 24
ISL, 14, 15
ISL, 14, 25
ISL, 15, 16
ISL, 15, 26
ISL, 16, 17
ISL, 16, 27
ISL, 17, 18
ISL, 17, 28
ISL, 18, 19
ISL, 18, 29
ISL, 19, 20
ISL, 19, 30
ISL, 20, 21
ISL, 20, 31
ISL, 21, 22
ISL, 21, 32
ISL, 22, 23
ISL, 22, 33
ISL, 23, 12
ISL, 23, 34
ISL, 24, 25
ISL, 24, 47
ISL, 25, 26
ISL, 25, 36
ISL, 26, 27
ISL, 26, 37
ISL, 27, 28
ISL, 27, 38
ISL, 28, 29
ISL, 28, 39
ISL, 29, 30
ISL, 29, 40
ISL, 30, 31
ISL, 30, 41
ISL, 31, 32
ISL, 31, 42
ISL, 32, 33
ISL, 32, 43
ISL, 33, 34
ISL, 33, 44
ISL, 34, 35
ISL, 34, 45
ISL, 35, 24
ISL, 35, 46
ISL, 36, 37
ISL, 36, 59
ISL, 37, 38
ISL, 37, 48
ISL, 38, 39
ISL, 38, 49
ISL, 39, 40
ISL, 39, 50
ISL, 40, 41
ISL, 40, 50
ISL, 41, 42
ISL, 41, 52
ISL, 42, 43
ISL, 42, 53
ISL, 43, 44
ISL, 43, 54
ISL, 44, 45
ISL, 44, 55
ISL, 45, 46
ISL, 45, 56
ISL, 46, 47
ISL, 46, 56
ISL, 47, 36
ISL, 47, 58
ISL, 48, 49
ISL, 48, 71
ISL, 49, 50
ISL, 49, 60
ISL, 50, 51
ISL, 50, 61
ISL, 51, 52
ISL, 51, 62
ISL, 52, 53
ISL, 52, 63
ISL, 53, 54
ISL, 53, 64
ISL, 54, 55
ISL, 54, 65
ISL, 55, 56
ISL, 55, 66
ISL, 56, 57
ISL, 56, 67
ISL, 57, 58
ISL, 57, 68
ISL, 58, 59
ISL, 58, 69
ISL, 59, 48
ISL, 59, 70
ISL, 60, 61
ISL, 60, 83
ISL, 61, 62
ISL, 61, 72
ISL, 62, 63
ISL, 62, 73
ISL, 63, 64
ISL, 63, 73
ISL, 64, 65
ISL, 64, 75
ISL, 65, 66
ISL, 65, 76
ISL, 66, 67
ISL, 66, 77
ISL, 67, 68
ISL, 67, 78
ISL, 68, 69
ISL, 68, 79
ISL, 69, 70
ISL, 69, 79
ISL, 70, 71
ISL, 70, 81
ISL, 71, 60
ISL, 71, 82
ISL, 72, 73
ISL, 72, 95
ISL, 73, 74
ISL, 73, 84
ISL, 74, 75
ISL, 74, 85
ISL, 75, 76
ISL, 75, 85
ISL, 76, 77
ISL, 76, 87
ISL, 77, 78
ISL, 77, 88
ISL, 78, 79
ISL, 78, 89
ISL, 79, 80
ISL, 79, 90
ISL, 80, 81
ISL, 80, 91
ISL, 81, 82
ISL, 81, 91
ISL, 82, 83
ISL, 82, 93
ISL, 83, 72
ISL, 83, 94
ISL, 84, 85
ISL, 84, 2
ISL, 85, 86
ISL, 85, 3
ISL, 86, 87
ISL, 86, 4
ISL, 87, 88
ISL, 87, 5
ISL, 88, 89
ISL, 88, 6
ISL, 89, 90
ISL, 89, 7
ISL, 90, 91
ISL, 90, 8
ISL, 91, 92
ISL, 91, 9
ISL, 92, 93
ISL, 92, 10
ISL, 93, 94
ISL, 93, 11
ISL, 94, 95
ISL, 94, 0
ISL, 95, 84
ISL, 95, 1
