[METADATA]
Time: 2026-04-12 03:37:13
Step: 106
Total_Sats: 96

[NODES]
ID, Name, Lat(deg), Lon(deg), Alt(km)
0, W-00-00, 3.93937, -77.62014, 492.963
1, W-00-01, -19.91341, -58.92326, 495.327
2, W-00-02, -41.09389, -33.88483, 502.061
3, W-00-03, -52.89420, 7.22155, 506.425
4, W-00-04, -46.50110, 53.22664, 504.073
5, W-00-05, -27.33805, 82.55846, 497.345
6, W-00-06, -3.93937, 102.37986, 492.963
7, W-00-07, 19.91341, 121.07674, 495.327
8, W-00-08, 41.09389, 146.11517, 502.061
9, W-00-09, 52.89420, -172.77845, 506.425
10, W-00-10, 46.50110, -126.77336, 504.073
11, W-00-11, 27.33805, -97.44154, 497.345
12, W-01-00, -5.09568, -25.83514, 493.030
13, W-01-01, -28.39887, -5.77949, 497.671
14, W-01-02, -47.19321, 24.28778, 504.331
15, W-01-03, -52.70860, 70.80550, 506.359
16, W-01-04, -40.21152, 111.05611, 501.735
17, W-01-05, -18.79731, 135.56838, 495.068
18, W-01-06, 5.09568, 154.16486, 493.030
19, W-01-07, 28.39887, 174.22051, 497.671
20, W-01-08, 47.19321, -155.71222, 504.331
21, W-01-09, 52.70860, -109.19450, 506.359
22, W-01-10, 40.21152, -68.94389, 501.735
23, W-01-11, 18.79731, -44.43162, 495.068
24, W-02-00, -14.05467, 26.14131, 494.115
25, W-02-01, -36.30700, 48.71974, 500.322
26, W-02-02, -51.43379, 85.26036, 505.896
27, W-02-03, -49.75219, 133.12370, 505.280
28, W-02-04, -32.74819, 166.54208, 499.086
29, W-02-05, -9.93866, -172.20418, 493.495
30, W-02-06, 14.05467, -153.85869, 494.115
31, W-02-07, 36.30700, -131.28026, 500.322
32, W-02-08, 51.43379, -94.73964, 505.896
33, W-02-09, 49.75219, -46.87630, 505.280
34, W-02-10, 32.74819, -13.45792, 499.086
35, W-02-11, 9.93866, 7.79582, 493.495
36, W-03-00, -22.78985, 78.67507, 496.050
37, W-03-01, -43.29217, 105.20694, 502.876
38, W-03-02, -53.15580, 148.41843, 506.519
39, W-03-03, -44.56858, -167.19862, 503.352
40, W-03-04, -24.53866, -139.65626, 496.527
41, W-03-05, -0.92756, -120.35879, 492.869
42, W-03-06, 22.78985, -101.32493, 496.050
43, W-03-07, 43.29217, -74.79306, 502.876
44, W-03-08, 53.15580, -31.58157, 506.519
45, W-03-09, 44.56858, 12.80138, 503.352
46, W-03-10, 24.53866, 40.34374, 496.527
47, W-03-11, 0.92756, 59.64121, 492.869
48, W-04-00, -31.11333, 132.20720, 498.540
49, W-04-01, -48.84753, 164.30292, 504.946
50, W-04-02, -52.01133, -148.18291, 506.106
51, W-04-03, -37.82958, -110.22073, 500.867
52, W-04-04, -15.87073, -86.95693, 494.451
53, W-04-05, 8.09726, -68.54798, 493.284
54, W-04-06, 31.11333, -47.79280, 498.540
55, W-04-07, 48.84753, -15.69708, 504.946
56, W-04-08, 52.01133, 31.81709, 506.106
57, W-04-09, 37.82958, 69.77927, 500.867
58, W-04-10, 15.87073, 93.04307, 494.451
59, W-04-11, -8.09726, 111.45202, 493.284
60, W-05-00, -38.75927, -172.70561, 501.204
61, W-05-01, -52.31539, -133.85708, 506.217
62, W-05-02, -48.23762, -86.66538, 504.719
63, W-05-03, -30.07803, -55.36821, 498.203
64, W-05-04, -6.94475, -34.89771, 493.173
65, W-05-05, 16.99941, -16.42913, 494.678
66, W-05-06, 38.75927, 7.29439, 501.204
67, W-05-07, 52.31539, 46.14292, 506.217
68, W-05-08, 48.23762, 93.33462, 504.719
69, W-05-09, 30.07803, 124.63179, 498.203
70, W-05-10, 6.94475, 145.10229, 493.173
71, W-05-11, -16.99941, 163.57087, 494.678
72, W-06-00, -45.33304, -115.40795, 503.637
73, W-06-01, -53.09339, -70.35606, 506.497
74, W-06-02, -42.46457, -27.92866, 502.568
75, W-06-03, -21.68904, -1.99242, 495.764
76, W-06-04, 2.08576, 16.89876, 492.891
77, W-06-05, 25.62117, 36.38333, 496.836
78, W-06-06, 45.33304, 64.59205, 503.637
79, W-06-07, 53.09339, 109.64394, 506.497
80, W-06-08, 42.46457, 152.07134, 502.568
81, W-06-09, 21.68904, 178.00758, 495.764
82, W-06-10, -2.08576, -163.10124, 492.891
83, W-06-11, -25.62117, -143.61667, 496.836
84, W-07-00, -50.26976, -55.36618, 505.470
85, W-07-01, -51.01849, -7.39277, 505.745
86, W-07-02, -35.33659, 28.26611, 499.979
87, W-07-03, -12.91585, 50.44734, 493.923
88, W-07-04, 11.08538, 68.77306, 493.648
89, W-07-05, 33.75356, 90.36568, 499.429
90, W-07-06, 50.26976, 124.63382, 505.470
91, W-07-07, 51.01849, 172.60723, 505.745
92, W-07-08, 35.33659, -151.73389, 499.979
93, W-07-09, 12.91585, -129.55266, 493.923
94, W-07-10, -11.08538, -111.22694, 493.648
95, W-07-11, -33.75356, -89.63432, 499.429

[LINKS]
Type, SourceID, TargetID
ISL, 0, 1
ISL, 0, 23
ISL, 1, 2
ISL, 1, 12
ISL, 2, 3
ISL, 2, 13
ISL, 3, 4
ISL, 3, 14
ISL, 4, 5
ISL, 4, 15
ISL, 5, 6
ISL, 5, 15
ISL, 6, 7
ISL, 6, 17
ISL, 7, 8
ISL, 7, 18
ISL, 8, 9
ISL, 8, 19
ISL, 9, 10
ISL, 9, 20
ISL, 10, 11
ISL, 10, 21
ISL, 11, 0
ISL, 11, 21
ISL, 12, 13
ISL, 12, 35
ISL, 13, 14
ISL, 13, 24
ISL, 14, 15
ISL, 14, 25
ISL, 15, 16
ISL, 15, 26
ISL, 16, 17
ISL, 16, 27
ISL, 17, 18
ISL, 17, 28
ISL, 18, 19
ISL, 18, 29
ISL, 19, 20
ISL, 19, 30
ISL, 20, 21
ISL, 20, 31
ISL, 21, 22
ISL, 21, 32
ISL, 22, 23
ISL, 22, 33
ISL, 23, 12
ISL, 23, 34
ISL, 24, 25
ISL, 24, 47
ISL, 25, 26
ISL, 25, 36
ISL, 26, 27
ISL, 26, 37
ISL, 27, 28
ISL, 27, 38
ISL, 28, 29
ISL, 28, 39
ISL, 29, 30
ISL, 29, 40
ISL, 30, 31
ISL, 30, 41
ISL, 31, 32
ISL, 31, 42
ISL, 32, 33
ISL, 32, 43
ISL, 33, 34
ISL, 33, 44
ISL, 34, 35
ISL, 34, 45
ISL, 35, 24
ISL, 35, 46
ISL, 36, 37
ISL, 36, 59
ISL, 37, 38
ISL, 37, 48
ISL, 38, 39
ISL, 38, 49
ISL, 39, 40
ISL, 39, 50
ISL, 40, 41
ISL, 40, 50
ISL, 41, 42
ISL, 41, 52
ISL, 42, 43
ISL, 42, 53
ISL, 43, 44
ISL, 43, 54
ISL, 44, 45
ISL, 44, 55
ISL, 45, 46
ISL, 45, 56
ISL, 46, 47
ISL, 46, 56
ISL, 47, 36
ISL, 47, 58
ISL, 48, 49
ISL, 48, 71
ISL, 49, 50
ISL, 49, 60
ISL, 50, 51
ISL, 50, 61
ISL, 51, 52
ISL, 51, 62
ISL, 52, 53
ISL, 52, 63
ISL, 53, 54
ISL, 53, 64
ISL, 54, 55
ISL, 54, 65
ISL, 55, 56
ISL, 55, 66
ISL, 56, 57
ISL, 56, 67
ISL, 57, 58
ISL, 57, 68
ISL, 58, 59
ISL, 58, 69
ISL, 59, 48
ISL, 59, 70
ISL, 60, 61
ISL, 60, 83
ISL, 61, 62
ISL, 61, 72
ISL, 62, 63
ISL, 62, 73
ISL, 63, 64
ISL, 63, 73
ISL, 64, 65
ISL, 64, 75
ISL, 65, 66
ISL, 65, 76
ISL, 66, 67
ISL, 66, 77
ISL, 67, 68
ISL, 67, 78
ISL, 68, 69
ISL, 68, 79
ISL, 69, 70
ISL, 69, 79
ISL, 70, 71
ISL, 70, 81
ISL, 71, 60
ISL, 71, 82
ISL, 72, 73
ISL, 72, 95
ISL, 73, 74
ISL, 73, 84
ISL, 74, 75
ISL, 74, 85
ISL, 75, 76
ISL, 75, 85
ISL, 76, 77
ISL, 76, 87
ISL, 77, 78
ISL, 77, 88
ISL, 78, 79
ISL, 78, 89
ISL, 79, 80
ISL, 79, 90
ISL, 80, 81
ISL, 80, 91
ISL, 81, 82
ISL, 81, 91
ISL, 82, 83
ISL, 82, 93
ISL, 83, 72
ISL, 83, 94
ISL, 84, 85
ISL, 84, 2
ISL, 85, 86
ISL, 85, 3
ISL, 86, 87
ISL, 86, 4
ISL, 87, 88
ISL, 87, 5
ISL, 88, 89
ISL, 88, 6
ISL, 89, 90
ISL, 89, 7
ISL, 90, 91
ISL, 90, 8
ISL, 91, 92
ISL, 91, 9
ISL, 92, 93
ISL, 92, 10
ISL, 93, 94
ISL, 93, 11
ISL, 94, 95
ISL, 94, 0
ISL, 95, 84
ISL, 95, 1
