[METADATA]
Time: 2026-04-12 03:13:43
Step: 59
Total_Sats: 96

[NODES]
ID, Name, Lat(deg), Lon(deg), Alt(km)
0, W-00-00, 52.94223, -166.15342, 506.443
1, W-00-01, 46.28059, -120.32061, 503.991
2, W-00-02, 27.00737, -91.21152, 497.245
3, W-00-03, 3.58070, -71.45897, 492.946
4, W-00-04, -20.25830, -52.72772, 495.409
5, W-00-05, -41.36341, -27.52082, 502.160
6, W-00-06, -52.94223, 13.84658, 506.443
7, W-00-07, -46.28059, 59.67939, 503.991
8, W-00-08, -27.00737, 88.78848, 497.245
9, W-00-09, -3.58070, 108.54103, 492.946
10, W-00-10, 20.25830, 127.27228, 495.409
11, W-00-11, 41.36341, 152.47918, 502.160
12, W-01-00, 52.64164, -102.57759, 506.334
13, W-01-01, 39.93406, -62.59588, 501.633
14, W-01-02, 18.45025, -38.24143, 494.990
15, W-01-03, -5.45391, -19.67285, 493.055
16, W-01-04, -28.72587, 0.45925, 497.773
17, W-01-05, -47.40166, 30.75969, 504.409
18, W-01-06, -52.64164, 77.42241, 506.334
19, W-01-07, -39.93406, 117.40412, 501.633
20, W-01-08, -18.45025, 141.75857, 494.990
21, W-01-09, 5.45391, 160.32715, 493.055
22, W-01-10, 28.72587, -179.54075, 497.773
23, W-01-11, 47.40166, -149.24031, 504.409
24, W-02-00, 49.58422, -40.34778, 505.218
25, W-02-01, 32.43403, -7.18933, 498.980
26, W-02-02, 9.58266, 13.96371, 493.451
27, W-02-03, -14.40699, 32.31842, 494.177
28, W-02-04, -36.60485, 55.02473, 500.428
29, W-02-05, -51.55412, 91.84001, 505.940
30, W-02-06, -49.58422, 139.65222, 505.218
31, W-02-07, -32.43403, 172.81067, 498.980
32, W-02-08, -9.58266, -166.03629, 493.451
33, W-02-09, 14.40699, -147.68158, 494.177
34, W-02-10, 36.60485, -124.97527, 500.428
35, W-02-11, 51.55412, -88.15999, 505.940
36, W-03-00, 44.32639, 19.21698, 503.262
37, W-03-01, 24.20154, 46.55827, 496.433
38, W-03-02, 0.56845, 65.80128, 492.865
39, W-03-03, -23.12978, 84.88277, 496.141
40, W-03-04, -43.54407, 111.60480, 502.970
41, W-03-05, -53.16541, 155.05172, 506.523
42, W-03-06, -44.32639, -160.78302, 503.262
43, W-03-07, -24.20154, -133.44173, 496.433
44, W-03-08, -0.56845, -114.19872, 492.865
45, W-03-09, 23.12978, -95.11723, 496.141
46, W-03-10, 43.54407, -68.39520, 502.970
47, W-03-11, 53.16541, -24.94828, 506.523
48, W-04-00, 37.53800, 76.09778, 500.762
49, W-04-01, 15.51996, 99.22407, 494.383
50, W-04-02, -8.45416, 117.61767, 493.322
51, W-04-03, -31.43209, 138.46521, 498.645
52, W-04-04, -49.02971, 170.81294, 505.013
53, W-04-05, -51.90813, -141.58899, 506.069
54, W-04-06, -37.53800, -103.90222, 500.762
55, W-04-07, -15.51996, -80.77593, 494.383
56, W-04-08, 8.45416, -62.38233, 493.322
57, W-04-09, 31.43209, -41.53479, 498.645
58, W-04-10, 49.02971, -9.18706, 505.013
59, W-04-11, 51.90813, 38.41101, 506.069
60, W-05-00, 29.75496, 130.87976, 498.099
61, W-05-01, 6.58711, 151.26605, 493.142
62, W-05-02, -17.34841, 169.75627, 494.751
63, W-05-03, -39.04400, -166.37262, 501.308
64, W-05-04, -52.40061, -127.25053, 506.247
65, W-05-05, -48.04181, -80.17449, 504.647
66, W-05-06, -29.75496, -49.12024, 498.099
67, W-05-07, -6.58711, -28.73395, 493.142
68, W-05-08, 17.34841, -10.24373, 494.751
69, W-05-09, 39.04400, 13.62738, 501.308
70, W-05-10, 52.40061, 52.74947, 506.247
71, W-05-11, 48.04181, 99.82551, 504.647
72, W-06-00, 21.34650, -175.79110, 495.677
73, W-06-01, -2.44472, -156.94080, 492.902
74, W-06-02, -25.95518, -137.39463, 496.933
75, W-06-03, -45.56467, -108.97385, 503.724
76, W-06-04, -53.06433, -63.72557, 506.487
77, W-06-05, -42.20348, -21.54818, 502.471
78, W-06-06, -21.34650, 4.20890, 495.677
79, W-06-07, 2.44472, 23.05920, 492.902
80, W-06-08, 25.95518, 42.60537, 496.933
81, W-06-09, 45.56467, 71.02615, 503.724
82, W-06-10, 53.06433, 116.27443, 506.487
83, W-06-11, 42.20348, 158.45182, 502.471
84, W-07-00, 12.56212, -123.37906, 493.867
85, W-07-01, -11.44032, -105.05638, 493.698
86, W-07-02, -34.06267, -83.35429, 499.535
87, W-07-03, -50.42252, -48.81952, 505.526
88, W-07-04, -50.88147, -0.82912, 505.695
89, W-07-05, -35.03286, 34.55817, 499.873
90, W-07-06, -12.56212, 56.62094, 493.867
91, W-07-07, 11.44032, 74.94362, 493.698
92, W-07-08, 34.06267, 96.64571, 499.535
93, W-07-09, 50.42252, 131.18048, 505.526
94, W-07-10, 50.88147, 179.17088, 505.695
95, W-07-11, 35.03286, -145.44183, 499.873

[LINKS]
Type, SourceID, TargetID
ISL, 0, 1
ISL, 0, 23
ISL, 1, 2
ISL, 1, 12
ISL, 2, 3
ISL, 2, 13
ISL, 3, 4
ISL, 3, 14
ISL, 4, 5
ISL, 4, 15
ISL, 5, 6
ISL, 5, 15
ISL, 6, 7
ISL, 6, 17
ISL, 7, 8
ISL, 7, 18
ISL, 8, 9
ISL, 8, 19
ISL, 9, 10
ISL, 9, 20
ISL, 10, 11
ISL, 10, 21
ISL, 11, 0
ISL, 11, 21
ISL, 12, 13
ISL, 12, 35
ISL, 13, 14
ISL, 13, 24
ISL, 14, 15
ISL, 14, 25
ISL, 15, 16
ISL, 15, 26
ISL, 16, 17
ISL, 16, 27
ISL, 17, 18
ISL, 17, 28
ISL, 18, 19
ISL, 18, 29
ISL, 19, 20
ISL, 19, 30
ISL, 20, 21
ISL, 20, 31
ISL, 21, 22
ISL, 21, 32
ISL, 22, 23
ISL, 22, 33
ISL, 23, 12
ISL, 23, 34
ISL, 24, 25
ISL, 24, 47
ISL, 25, 26
ISL, 25, 36
ISL, 26, 27
ISL, 26, 37
ISL, 27, 28
ISL, 27, 38
ISL, 28, 29
ISL, 28, 39
ISL, 29, 30
ISL, 29, 40
ISL, 30, 31
ISL, 30, 41
ISL, 31, 32
ISL, 31, 42
ISL, 32, 33
ISL, 32, 43
ISL, 33, 34
ISL, 33, 44
ISL, 34, 35
ISL, 34, 45
ISL, 35, 24
ISL, 35, 46
ISL, 36, 37
ISL, 36, 59
ISL, 37, 38
ISL, 37, 48
ISL, 38, 39
ISL, 38, 49
ISL, 39, 40
ISL, 39, 50
ISL, 40, 41
ISL, 40, 50
ISL, 41, 42
ISL, 41, 52
ISL, 42, 43
ISL, 42, 53
ISL, 43, 44
ISL, 43, 54
ISL, 44, 45
ISL, 44, 55
ISL, 45, 46
ISL, 45, 56
ISL, 46, 47
ISL, 46, 56
ISL, 47, 36
ISL, 47, 58
ISL, 48, 49
ISL, 48, 71
ISL, 49, 50
ISL, 49, 60
ISL, 50, 51
ISL, 50, 61
ISL, 51, 52
ISL, 51, 62
ISL, 52, 53
ISL, 52, 63
ISL, 53, 54
ISL, 53, 64
ISL, 54, 55
ISL, 54, 65
ISL, 55, 56
ISL, 55, 66
ISL, 56, 57
ISL, 56, 67
ISL, 57, 58
ISL, 57, 68
ISL, 58, 59
ISL, 58, 69
ISL, 59, 48
ISL, 59, 70
ISL, 60, 61
ISL, 60, 83
ISL, 61, 62
ISL, 61, 72
ISL, 62, 63
ISL, 62, 73
ISL, 63, 64
ISL, 63, 73
ISL, 64, 65
ISL, 64, 75
ISL, 65, 66
ISL, 65, 76
ISL, 66, 67
ISL, 66, 77
ISL, 67, 68
ISL, 67, 78
ISL, 68, 69
ISL, 68, 79
ISL, 69, 70
ISL, 69, 79
ISL, 70, 71
ISL, 70, 81
ISL, 71, 60
ISL, 71, 82
ISL, 72, 73
ISL, 72, 95
ISL, 73, 74
ISL, 73, 84
ISL, 74, 75
ISL, 74, 85
ISL, 75, 76
ISL, 75, 85
ISL, 76, 77
ISL, 76, 87
ISL, 77, 78
ISL, 77, 88
ISL, 78, 79
ISL, 78, 89
ISL, 79, 80
ISL, 79, 90
ISL, 80, 81
ISL, 80, 91
ISL, 81, 82
ISL, 81, 91
ISL, 82, 83
ISL, 82, 93
ISL, 83, 72
ISL, 83, 94
ISL, 84, 85
ISL, 84, 2
ISL, 85, 86
ISL, 85, 3
ISL, 86, 87
ISL, 86, 4
ISL, 87, 88
ISL, 87, 5
ISL, 88, 89
ISL, 88, 6
ISL, 89, 90
ISL, 89, 7
ISL, 90, 91
ISL, 90, 8
ISL, 91, 92
ISL, 91, 9
ISL, 92, 93
ISL, 92, 10
ISL, 93, 94
ISL, 93, 11
ISL, 94, 95
ISL, 94, 0
ISL, 95, 84
ISL, 95, 1
