[METADATA]
Time: 2026-04-12 02:52:13
Step: 16
Total_Sats: 96

[NODES]
ID, Name, Lat(deg), Lon(deg), Alt(km)
0, W-00-00, 2.90123, 118.79174, 492.917
1, W-00-01, 26.37890, 138.41874, 497.058
2, W-00-02, 45.85554, 167.11299, 503.832
3, W-00-03, 53.02076, -147.39692, 506.471
4, W-00-04, 41.86838, -105.54177, 502.347
5, W-00-05, 20.90995, -80.00885, 495.568
6, W-00-06, -2.90123, -61.20826, 492.917
7, W-00-07, -26.37890, -41.58126, 497.058
8, W-00-08, -45.85554, -12.88701, 503.832
9, W-00-09, -53.02076, 32.60308, 506.471
10, W-00-10, -41.86838, 74.45823, 502.347
11, W-00-11, -20.90995, 99.99115, 495.568
12, W-01-00, 11.89140, 170.68982, 493.764
13, W-01-01, 34.45403, -167.46575, 499.671
14, W-01-02, 50.61147, -132.58990, 505.596
15, W-01-03, 50.70162, -84.58968, 505.629
16, W-01-04, 34.64460, -49.54635, 499.737
17, W-01-05, 12.11174, -27.63109, 493.797
18, W-01-06, -11.89140, -9.31018, 493.764
19, W-01-07, -34.45403, 12.53425, 499.671
20, W-01-08, -50.61147, 47.41010, 505.596
21, W-01-09, -50.70162, 95.41032, 505.629
22, W-01-10, -34.64460, 130.45365, 499.737
23, W-01-11, -12.11174, 152.36891, 493.797
24, W-02-00, 20.69621, -136.94880, 495.516
25, W-02-01, 41.70337, -111.52394, 502.286
26, W-02-02, 52.99678, -69.82793, 506.462
27, W-02-03, 45.99616, -24.22299, 503.885
28, W-02-04, 26.58558, 4.60647, 497.119
29, W-02-05, 3.12436, 24.27400, 492.926
30, W-02-06, -20.69621, 43.05120, 495.516
31, W-02-07, -41.70337, 68.47606, 502.286
32, W-02-08, -52.99678, 110.17207, 506.462
33, W-02-09, -45.99616, 155.77701, 503.885
34, W-02-10, -26.58558, -175.39353, 497.119
35, W-02-11, -3.12436, -155.72600, 492.926
36, W-03-00, 29.14048, -83.70571, 497.903
37, W-03-01, 47.66252, -53.10522, 504.506
38, W-03-02, 52.55007, -6.26796, 506.301
39, W-03-03, 39.57855, 33.36973, 501.503
40, W-03-04, 18.00810, 57.52702, 494.892
41, W-03-05, -5.90939, 76.06230, 493.088
42, W-03-06, -29.14048, 96.29429, 497.903
43, W-03-07, -47.66252, 126.89478, 504.506
44, W-03-08, -52.55007, 173.73204, 506.301
45, W-03-09, -39.57855, -146.63027, 501.503
46, W-03-10, -18.00810, -122.47298, 494.892
47, W-03-11, 5.90939, -103.93770, 493.088
48, W-04-00, 36.98159, -29.05447, 500.563
49, W-04-01, 51.70131, 8.11072, 505.994
50, W-04-02, 49.36554, 55.84638, 505.137
51, W-04-03, 32.03279, 88.67681, 498.845
52, W-04-04, 9.12949, 109.70469, 493.397
53, W-04-05, -14.85463, 128.07325, 494.258
54, W-04-06, -36.98159, 150.94553, 500.563
55, W-04-07, -51.70131, -171.88928, 505.994
56, W-04-08, -49.36554, -124.15362, 505.137
57, W-04-09, -32.03279, -91.32319, 498.845
58, W-04-10, -9.12949, -70.29531, 493.397
59, W-04-11, 14.85463, -51.92675, 494.258
60, W-05-00, 43.86120, 27.64520, 503.088
61, W-05-01, 53.17098, 71.38585, 506.525
62, W-05-02, 44.01487, 115.26764, 503.146
63, W-05-03, 23.77173, 142.35696, 496.315
64, W-05-04, 0.11165, 161.53310, 492.863
65, W-05-05, -23.56122, -179.32249, 496.257
66, W-05-06, -43.86120, -152.35480, 503.088
67, W-05-07, -53.17098, -108.61415, 506.525
68, W-05-08, -44.01487, -64.73236, 503.146
69, W-05-09, -23.77173, -37.64304, 496.315
70, W-05-10, -0.11165, -18.46690, 492.863
71, W-05-11, 23.56122, 0.67751, 496.257
72, W-06-00, 49.25661, 86.99640, 505.097
73, W-06-01, 51.77085, 134.68998, 506.019
74, W-06-02, 37.16488, 172.02638, 500.628
75, W-06-03, 15.07323, -165.01886, 494.299
76, W-06-04, -8.90784, -146.64265, 493.372
77, W-06-05, -31.83599, -125.67477, 498.779
78, W-06-06, -49.25661, -93.00360, 505.097
79, W-06-07, -51.77085, -45.31002, 506.019
80, W-06-08, -37.16488, -7.97362, 500.628
81, W-06-09, -15.07323, 14.98114, 494.299
82, W-06-10, 8.90784, 33.35735, 493.372
83, W-06-11, 31.83599, 54.32523, 498.779
84, W-07-00, 52.50272, 149.05311, 506.284
85, W-07-01, 47.78827, -164.02842, 504.553
86, W-07-02, 29.34262, -133.27986, 497.967
87, W-07-03, 6.13197, -112.99795, 493.105
88, W-07-04, -17.79168, -94.47805, 494.845
89, W-07-05, -39.40372, -70.41570, 501.439
90, W-07-06, -52.50272, -30.94689, 506.284
91, W-07-07, -47.78827, 15.97158, 504.553
92, W-07-08, -29.34262, 46.72014, 497.967
93, W-07-09, -6.13197, 67.00205, 493.105
94, W-07-10, 17.79168, 85.52195, 494.845
95, W-07-11, 39.40372, 109.58430, 501.439

[LINKS]
Type, SourceID, TargetID
ISL, 0, 1
ISL, 0, 23
ISL, 1, 2
ISL, 1, 12
ISL, 2, 3
ISL, 2, 13
ISL, 3, 4
ISL, 3, 14
ISL, 4, 5
ISL, 4, 15
ISL, 5, 6
ISL, 5, 15
ISL, 6, 7
ISL, 6, 17
ISL, 7, 8
ISL, 7, 18
ISL, 8, 9
ISL, 8, 19
ISL, 9, 10
ISL, 9, 20
ISL, 10, 11
ISL, 10, 21
ISL, 11, 0
ISL, 11, 21
ISL, 12, 13
ISL, 12, 35
ISL, 13, 14
ISL, 13, 24
ISL, 14, 15
ISL, 14, 25
ISL, 15, 16
ISL, 15, 26
ISL, 16, 17
ISL, 16, 27
ISL, 17, 18
ISL, 17, 28
ISL, 18, 19
ISL, 18, 29
ISL, 19, 20
ISL, 19, 30
ISL, 20, 21
ISL, 20, 31
ISL, 21, 22
ISL, 21, 32
ISL, 22, 23
ISL, 22, 33
ISL, 23, 12
ISL, 23, 34
ISL, 24, 25
ISL, 24, 47
ISL, 25, 26
ISL, 25, 36
ISL, 26, 27
ISL, 26, 37
ISL, 27, 28
ISL, 27, 38
ISL, 28, 29
ISL, 28, 39
ISL, 29, 30
ISL, 29, 40
ISL, 30, 31
ISL, 30, 41
ISL, 31, 32
ISL, 31, 42
ISL, 32, 33
ISL, 32, 43
ISL, 33, 34
ISL, 33, 44
ISL, 34, 35
ISL, 34, 45
ISL, 35, 24
ISL, 35, 46
ISL, 36, 37
ISL, 36, 59
ISL, 37, 38
ISL, 37, 48
ISL, 38, 39
ISL, 38, 49
ISL, 39, 40
ISL, 39, 50
ISL, 40, 41
ISL, 40, 50
ISL, 41, 42
ISL, 41, 52
ISL, 42, 43
ISL, 42, 53
ISL, 43, 44
ISL, 43, 54
ISL, 44, 45
ISL, 44, 55
ISL, 45, 46
ISL, 45, 56
ISL, 46, 47
ISL, 46, 56
ISL, 47, 36
ISL, 47, 58
ISL, 48, 49
ISL, 48, 71
ISL, 49, 50
ISL, 49, 60
ISL, 50, 51
ISL, 50, 61
ISL, 51, 52
ISL, 51, 62
ISL, 52, 53
ISL, 52, 63
ISL, 53, 54
ISL, 53, 64
ISL, 54, 55
ISL, 54, 65
ISL, 55, 56
ISL, 55, 66
ISL, 56, 57
ISL, 56, 67
ISL, 57, 58
ISL, 57, 68
ISL, 58, 59
ISL, 58, 69
ISL, 59, 48
ISL, 59, 70
ISL, 60, 61
ISL, 60, 83
ISL, 61, 62
ISL, 61, 72
ISL, 62, 63
ISL, 62, 73
ISL, 63, 64
ISL, 63, 73
ISL, 64, 65
ISL, 64, 75
ISL, 65, 66
ISL, 65, 76
ISL, 66, 67
ISL, 66, 77
ISL, 67, 68
ISL, 67, 78
ISL, 68, 69
ISL, 68, 79
ISL, 69, 70
ISL, 69, 79
ISL, 70, 71
ISL, 70, 81
ISL, 71, 60
ISL, 71, 82
ISL, 72, 73
ISL, 72, 95
ISL, 73, 74
ISL, 73, 84
ISL, 74, 75
ISL, 74, 85
ISL, 75, 76
ISL, 75, 85
ISL, 76, 77
ISL, 76, 87
ISL, 77, 78
ISL, 77, 88
ISL, 78, 79
ISL, 78, 89
ISL, 79, 80
ISL, 79, 90
ISL, 80, 81
ISL, 80, 91
ISL, 81, 82
ISL, 81, 91
ISL, 82, 83
ISL, 82, 93
ISL, 83, 72
ISL, 83, 94
ISL, 84, 85
ISL, 84, 2
ISL, 85, 86
ISL, 85, 3
ISL, 86, 87
ISL, 86, 4
ISL, 87, 88
ISL, 87, 5
ISL, 88, 89
ISL, 88, 6
ISL, 89, 90
ISL, 89, 7
ISL, 90, 91
ISL, 90, 8
ISL, 91, 92
ISL, 91, 9
ISL, 92, 93
ISL, 92, 10
ISL, 93, 94
ISL, 93, 11
ISL, 94, 95
ISL, 94, 0
ISL, 95, 84
ISL, 95, 1
