[METADATA]
Time: 2026-04-12 03:36:43
Step: 105
Total_Sats: 96

[NODES]
ID, Name, Lat(deg), Lon(deg), Alt(km)
0, W-00-00, 5.46753, -78.64922, 493.056
1, W-00-01, -18.43705, -60.08167, 494.987
2, W-00-02, -39.92347, -35.73317, 501.630
3, W-00-03, -52.63900, 4.23829, 506.333
4, W-00-04, -47.40953, 50.90639, 504.412
5, W-00-05, -28.73829, 81.21574, 497.777
6, W-00-06, -5.46753, 101.35078, 493.056
7, W-00-07, 18.43705, 119.91833, 494.987
8, W-00-08, 39.92347, 144.26683, 501.630
9, W-00-09, 52.63900, -175.76171, 506.333
10, W-00-10, 47.40953, -129.09361, 504.412
11, W-00-11, 28.73829, -98.78426, 497.777
12, W-01-00, -3.56706, -26.86305, 492.945
13, W-01-01, -26.99479, -7.11308, 497.241
14, W-01-02, -46.27216, 21.98760, 503.988
15, W-01-03, -52.94397, 67.81373, 506.443
16, W-01-04, -41.37361, 109.19101, 502.164
17, W-01-05, -20.27140, 134.40436, 495.412
18, W-01-06, 3.56706, 153.13695, 492.945
19, W-01-07, 26.99479, 172.88692, 497.241
20, W-01-08, 46.27216, -158.01240, 503.988
21, W-01-09, 52.94397, -112.18627, 506.443
22, W-01-10, 41.37361, -70.80899, 502.164
23, W-01-11, 20.27140, -45.59564, 495.412
24, W-02-00, -12.54866, 25.05658, 493.865
25, W-02-01, -35.02128, 47.11490, 499.869
26, W-02-02, -50.87618, 82.49188, 505.693
27, W-02-03, -50.42826, 130.48276, 505.528
28, W-02-04, -34.07439, 165.02769, 499.539
29, W-02-05, -11.45381, -173.26601, 493.700
30, W-02-06, 12.54866, -154.94342, 493.865
31, W-02-07, 35.02128, -132.88510, 499.869
32, W-02-08, 50.87618, -97.50812, 505.693
33, W-02-09, 50.42826, -49.51724, 505.528
34, W-02-10, 34.07439, -14.97231, 499.539
35, W-02-11, 11.45381, 6.73399, 493.700
36, W-03-00, -21.33347, 77.46759, 495.674
37, W-03-01, -42.19351, 103.21790, 502.468
38, W-03-02, -53.06314, 145.38573, 506.486
39, W-03-03, -45.57343, -169.35863, 503.727
40, W-03-04, -25.96786, -140.92974, 496.937
41, W-03-05, -2.45837, -121.38119, 492.902
42, W-03-06, 21.33347, -102.53241, 495.674
43, W-03-07, 42.19351, -76.78210, 502.468
44, W-03-08, 53.06314, -34.61427, 506.486
45, W-03-09, 45.57343, 10.64137, 503.727
46, W-03-10, 25.96786, 39.07026, 496.937
47, W-03-11, 2.45837, 58.61881, 492.902
48, W-04-00, -29.74266, 130.79497, 498.095
49, W-04-01, -48.03430, 161.84002, 504.644
50, W-04-02, -52.40376, -151.08848, 506.248
51, W-04-03, -39.05479, -111.95600, 501.312
52, W-04-04, -17.36167, -88.07923, 494.754
53, W-04-05, 6.57351, -69.58816, 493.141
54, W-04-06, 29.74266, -49.20503, 498.095
55, W-04-07, 48.03430, -18.15998, 504.644
56, W-04-08, 52.40376, 28.91152, 506.248
57, W-04-09, 39.05479, 68.04400, 501.312
58, W-04-10, 17.36167, 91.92077, 494.754
59, W-04-11, -6.57351, 110.41184, 493.141
60, W-05-00, -37.52688, -174.42571, 500.758
61, W-05-01, -51.90413, -136.74942, 506.067
62, W-05-02, -49.03657, -89.14831, 505.016
63, W-05-03, -31.44418, -56.79096, 498.649
64, W-05-04, -8.46772, -35.93987, 493.323
65, W-05-05, 15.50662, -17.54682, 494.380
66, W-05-06, 37.52688, 5.57429, 500.758
67, W-05-07, 51.90413, 43.25058, 506.067
68, W-05-08, 49.03657, 90.85169, 505.016
69, W-05-09, 31.44418, 123.20904, 498.649
70, W-05-10, 8.46772, 144.06013, 493.323
71, W-05-11, -15.50662, 162.45318, 494.380
72, W-06-00, -44.31713, -117.54859, 503.258
73, W-06-01, -53.16569, -73.39170, 506.523
74, W-06-02, -43.55360, -29.93590, 502.974
75, W-06-03, -23.14269, -3.20659, 496.144
76, W-06-04, 0.55480, 15.87674, 492.865
77, W-06-05, 24.18871, 35.11772, 496.430
78, W-06-06, 44.31713, 62.45141, 503.258
79, W-06-07, 53.16569, 106.60830, 506.523
80, W-06-08, 43.55360, 150.06410, 502.974
81, W-06-09, 23.14269, 176.79341, 496.144
82, W-06-10, -0.55480, -164.12326, 492.865
83, W-06-11, -24.18871, -144.88228, 496.430
84, W-07-00, -49.57777, -57.98812, 505.215
85, W-07-01, -51.55861, -10.17801, 505.942
86, W-07-02, -36.61614, 26.64772, 500.432
87, W-07-03, -14.42038, 49.35893, 494.179
88, W-07-04, 9.56912, 67.71403, 493.449
89, W-07-05, 32.42207, 88.86328, 498.976
90, W-07-06, 49.57777, 122.01188, 505.215
91, W-07-07, 51.55861, 169.82199, 505.942
92, W-07-08, 36.61614, -153.35228, 500.432
93, W-07-09, 14.42038, -130.64107, 494.179
94, W-07-10, -9.56912, -112.28597, 493.449
95, W-07-11, -32.42207, -91.13672, 498.976

[LINKS]
Type, SourceID, TargetID
ISL, 0, 1
ISL, 0, 23
ISL, 1, 2
ISL, 1, 12
ISL, 2, 3
ISL, 2, 13
ISL, 3, 4
ISL, 3, 14
ISL, 4, 5
ISL, 4, 15
ISL, 5, 6
ISL, 5, 15
ISL, 6, 7
ISL, 6, 17
ISL, 7, 8
ISL, 7, 18
ISL, 8, 9
ISL, 8, 19
ISL, 9, 10
ISL, 9, 20
ISL, 10, 11
ISL, 10, 21
ISL, 11, 0
ISL, 11, 21
ISL, 12, 13
ISL, 12, 35
ISL, 13, 14
ISL, 13, 24
ISL, 14, 15
ISL, 14, 25
ISL, 15, 16
ISL, 15, 26
ISL, 16, 17
ISL, 16, 27
ISL, 17, 18
ISL, 17, 28
ISL, 18, 19
ISL, 18, 29
ISL, 19, 20
ISL, 19, 30
ISL, 20, 21
ISL, 20, 31
ISL, 21, 22
ISL, 21, 32
ISL, 22, 23
ISL, 22, 33
ISL, 23, 12
ISL, 23, 34
ISL, 24, 25
ISL, 24, 47
ISL, 25, 26
ISL, 25, 36
ISL, 26, 27
ISL, 26, 37
ISL, 27, 28
ISL, 27, 38
ISL, 28, 29
ISL, 28, 39
ISL, 29, 30
ISL, 29, 40
ISL, 30, 31
ISL, 30, 41
ISL, 31, 32
ISL, 31, 42
ISL, 32, 33
ISL, 32, 43
ISL, 33, 34
ISL, 33, 44
ISL, 34, 35
ISL, 34, 45
ISL, 35, 24
ISL, 35, 46
ISL, 36, 37
ISL, 36, 59
ISL, 37, 38
ISL, 37, 48
ISL, 38, 39
ISL, 38, 49
ISL, 39, 40
ISL, 39, 50
ISL, 40, 41
ISL, 40, 50
ISL, 41, 42
ISL, 41, 52
ISL, 42, 43
ISL, 42, 53
ISL, 43, 44
ISL, 43, 54
ISL, 44, 45
ISL, 44, 55
ISL, 45, 46
ISL, 45, 56
ISL, 46, 47
ISL, 46, 56
ISL, 47, 36
ISL, 47, 58
ISL, 48, 49
ISL, 48, 71
ISL, 49, 50
ISL, 49, 60
ISL, 50, 51
ISL, 50, 61
ISL, 51, 52
ISL, 51, 62
ISL, 52, 53
ISL, 52, 63
ISL, 53, 54
ISL, 53, 64
ISL, 54, 55
ISL, 54, 65
ISL, 55, 56
ISL, 55, 66
ISL, 56, 57
ISL, 56, 67
ISL, 57, 58
ISL, 57, 68
ISL, 58, 59
ISL, 58, 69
ISL, 59, 48
ISL, 59, 70
ISL, 60, 61
ISL, 60, 83
ISL, 61, 62
ISL, 61, 72
ISL, 62, 63
ISL, 62, 73
ISL, 63, 64
ISL, 63, 73
ISL, 64, 65
ISL, 64, 75
ISL, 65, 66
ISL, 65, 76
ISL, 66, 67
ISL, 66, 77
ISL, 67, 68
ISL, 67, 78
ISL, 68, 69
ISL, 68, 79
ISL, 69, 70
ISL, 69, 79
ISL, 70, 71
ISL, 70, 81
ISL, 71, 60
ISL, 71, 82
ISL, 72, 73
ISL, 72, 95
ISL, 73, 74
ISL, 73, 84
ISL, 74, 75
ISL, 74, 85
ISL, 75, 76
ISL, 75, 85
ISL, 76, 77
ISL, 76, 87
ISL, 77, 78
ISL, 77, 88
ISL, 78, 79
ISL, 78, 89
ISL, 79, 80
ISL, 79, 90
ISL, 80, 81
ISL, 80, 91
ISL, 81, 82
ISL, 81, 91
ISL, 82, 83
ISL, 82, 93
ISL, 83, 72
ISL, 83, 94
ISL, 84, 85
ISL, 84, 2
ISL, 85, 86
ISL, 85, 3
ISL, 86, 87
ISL, 86, 4
ISL, 87, 88
ISL, 87, 5
ISL, 88, 89
ISL, 88, 6
ISL, 89, 90
ISL, 89, 7
ISL, 90, 91
ISL, 90, 8
ISL, 91, 92
ISL, 91, 9
ISL, 92, 93
ISL, 92, 10
ISL, 93, 94
ISL, 93, 11
ISL, 94, 95
ISL, 94, 0
ISL, 95, 84
ISL, 95, 1
