[METADATA]
Time: 2026-04-12 03:54:43
Step: 141
Total_Sats: 96

[NODES]
ID, Name, Lat(deg), Lon(deg), Alt(km)
0, W-00-00, -44.90587, -30.76973, 503.478
1, W-00-01, -53.13441, 13.91203, 506.512
2, W-00-02, -42.93325, 56.78527, 502.743
3, W-00-03, -22.30954, 83.05349, 495.924
4, W-00-04, 1.43379, 102.02294, 492.876
5, W-00-05, 25.01271, 121.40003, 496.661
6, W-00-06, 44.90587, 149.23027, 503.478
7, W-00-07, 53.13441, -166.08797, 506.512
8, W-00-08, 42.93325, -123.21473, 502.743
9, W-00-09, 22.30954, -96.94651, 495.924
10, W-00-10, -1.43379, -77.97706, 492.876
11, W-00-11, -25.01271, -58.59997, 496.661
12, W-01-00, -49.98299, 29.06718, 505.365
13, W-01-01, -51.25735, 76.98898, 505.832
14, W-01-02, -35.88467, 113.14332, 500.172
15, W-01-03, -13.55738, 135.54529, 494.029
16, W-01-04, 10.44015, 153.88027, 493.560
17, W-01-05, 33.18911, 175.27945, 499.236
18, W-01-06, 49.98299, -150.93282, 505.365
19, W-01-07, 51.25735, -103.01102, 505.832
20, W-01-08, 35.88467, -66.85668, 500.172
21, W-01-09, 13.55738, -44.45471, 494.029
22, W-01-10, -10.44015, -26.11973, 493.560
23, W-01-11, -33.18911, -4.72055, 499.236
24, W-02-00, -52.79545, 91.50621, 506.390
25, W-02-01, -46.89438, 137.80817, 504.220
26, W-02-02, -27.93636, 167.55085, 497.528
27, W-02-03, -4.59046, -172.49818, 492.999
28, W-02-04, 19.28575, -153.85978, 495.179
29, W-02-05, 40.59956, -129.12077, 501.878
30, W-02-06, 52.79545, -88.49379, 506.390
31, W-02-07, 46.89438, -42.19183, 504.220
32, W-02-08, 27.93636, -12.44915, 497.528
33, W-02-09, 4.59046, 7.50182, 492.999
34, W-02-10, -19.28575, 26.14022, 495.179
35, W-02-11, -40.59956, 50.87923, 501.878
36, W-03-00, -52.81882, 155.09508, 506.398
37, W-03-01, -40.71066, -164.17015, 501.919
38, W-03-02, -19.42628, -139.36490, 495.212
39, W-03-03, 4.44486, -120.71386, 492.990
40, W-03-04, 27.80279, -100.79238, 497.487
41, W-03-05, 46.80723, -71.14231, 504.187
42, W-03-06, 52.81882, -24.90492, 506.398
43, W-03-07, 40.71066, 15.82985, 501.919
44, W-03-08, 19.42628, 40.63510, 495.212
45, W-03-09, -4.44486, 59.28614, 492.990
46, W-03-10, -27.80279, 79.20762, 497.487
47, W-03-11, -46.80723, 108.85769, 504.187
48, W-04-00, -50.04817, -142.43194, 505.389
49, W-04-01, -33.31570, -108.53720, 499.279
50, W-04-02, -10.58454, -87.09535, 493.579
51, W-04-03, 13.41399, -68.76286, 494.005
52, W-04-04, 35.76248, -46.41090, 500.129
53, W-04-05, 51.20505, -10.36760, 505.813
54, W-04-06, 50.04817, 37.56806, 505.389
55, W-04-07, 33.31570, 71.46280, 499.279
56, W-04-08, 10.58454, 92.90465, 493.579
57, W-04-09, -13.41399, 111.23714, 494.005
58, W-04-10, -35.76248, 133.58910, 500.129
59, W-04-11, -51.20505, 169.63240, 505.813
60, W-05-00, -45.00214, -82.54917, 503.514
61, W-05-01, -25.14901, -54.63502, 496.700
62, W-05-02, -1.57962, -35.23438, 492.879
63, W-05-03, 22.17093, -16.28289, 495.888
64, W-05-04, 42.82904, 9.91033, 502.704
65, W-05-05, 53.12655, 52.68481, 506.509
66, W-05-06, 45.00214, 97.45083, 503.514
67, W-05-07, 25.14901, 125.36498, 496.700
68, W-05-08, 1.57962, 144.76562, 492.879
69, W-05-09, -22.17093, 163.71711, 495.888
70, W-05-10, -42.82904, -170.08967, 502.704
71, W-05-11, -53.12655, -127.31519, 506.509
72, W-06-00, -38.35503, -25.39250, 501.057
73, W-06-01, -16.50666, -1.87295, 494.577
74, W-06-02, 7.44868, 16.56767, 493.220
75, W-06-03, 30.53181, 37.16012, 498.350
76, W-06-04, 48.50830, 68.80353, 504.820
77, W-06-05, 52.18796, 116.14578, 506.170
78, W-06-06, 38.35503, 154.60750, 501.057
79, W-06-07, 16.50666, 178.12705, 494.577
80, W-06-08, -7.44868, -163.43233, 493.220
81, W-06-09, -30.53181, -142.83988, 498.350
82, W-06-10, -48.50830, -111.19647, 504.820
83, W-06-11, -52.18796, -63.85422, 506.170
84, W-07-00, -30.66217, 29.59079, 498.392
85, W-07-01, -7.59379, 50.21908, 493.234
86, W-07-02, 16.36455, 68.65219, 494.548
87, W-07-03, 38.23797, 92.11386, 501.015
88, W-07-04, 52.14967, 130.46395, 506.157
89, W-07-05, 48.58510, 177.84682, 504.848
90, W-07-06, 30.66217, -150.40921, 498.392
91, W-07-07, 7.59379, -129.78092, 493.234
92, W-07-08, -16.36455, -111.34781, 494.548
93, W-07-09, -38.23797, -87.88614, 501.015
94, W-07-10, -52.14967, -49.53605, 506.157
95, W-07-11, -48.58510, -2.15318, 504.848

[LINKS]
Type, SourceID, TargetID
ISL, 0, 1
ISL, 0, 23
ISL, 1, 2
ISL, 1, 12
ISL, 2, 3
ISL, 2, 13
ISL, 3, 4
ISL, 3, 14
ISL, 4, 5
ISL, 4, 15
ISL, 5, 6
ISL, 5, 15
ISL, 6, 7
ISL, 6, 17
ISL, 7, 8
ISL, 7, 18
ISL, 8, 9
ISL, 8, 19
ISL, 9, 10
ISL, 9, 20
ISL, 10, 11
ISL, 10, 21
ISL, 11, 0
ISL, 11, 21
ISL, 12, 13
ISL, 12, 35
ISL, 13, 14
ISL, 13, 24
ISL, 14, 15
ISL, 14, 25
ISL, 15, 16
ISL, 15, 26
ISL, 16, 17
ISL, 16, 27
ISL, 17, 18
ISL, 17, 28
ISL, 18, 19
ISL, 18, 29
ISL, 19, 20
ISL, 19, 30
ISL, 20, 21
ISL, 20, 31
ISL, 21, 22
ISL, 21, 32
ISL, 22, 23
ISL, 22, 33
ISL, 23, 12
ISL, 23, 34
ISL, 24, 25
ISL, 24, 47
ISL, 25, 26
ISL, 25, 36
ISL, 26, 27
ISL, 26, 37
ISL, 27, 28
ISL, 27, 38
ISL, 28, 29
ISL, 28, 39
ISL, 29, 30
ISL, 29, 40
ISL, 30, 31
ISL, 30, 41
ISL, 31, 32
ISL, 31, 42
ISL, 32, 33
ISL, 32, 43
ISL, 33, 34
ISL, 33, 44
ISL, 34, 35
ISL, 34, 45
ISL, 35, 24
ISL, 35, 46
ISL, 36, 37
ISL, 36, 59
ISL, 37, 38
ISL, 37, 48
ISL, 38, 39
ISL, 38, 49
ISL, 39, 40
ISL, 39, 50
ISL, 40, 41
ISL, 40, 50
ISL, 41, 42
ISL, 41, 52
ISL, 42, 43
ISL, 42, 53
ISL, 43, 44
ISL, 43, 54
ISL, 44, 45
ISL, 44, 55
ISL, 45, 46
ISL, 45, 56
ISL, 46, 47
ISL, 46, 56
ISL, 47, 36
ISL, 47, 58
ISL, 48, 49
ISL, 48, 71
ISL, 49, 50
ISL, 49, 60
ISL, 50, 51
ISL, 50, 61
ISL, 51, 52
ISL, 51, 62
ISL, 52, 53
ISL, 52, 63
ISL, 53, 54
ISL, 53, 64
ISL, 54, 55
ISL, 54, 65
ISL, 55, 56
ISL, 55, 66
ISL, 56, 57
ISL, 56, 67
ISL, 57, 58
ISL, 57, 68
ISL, 58, 59
ISL, 58, 69
ISL, 59, 48
ISL, 59, 70
ISL, 60, 61
ISL, 60, 83
ISL, 61, 62
ISL, 61, 72
ISL, 62, 63
ISL, 62, 73
ISL, 63, 64
ISL, 63, 73
ISL, 64, 65
ISL, 64, 75
ISL, 65, 66
ISL, 65, 76
ISL, 66, 67
ISL, 66, 77
ISL, 67, 68
ISL, 67, 78
ISL, 68, 69
ISL, 68, 79
ISL, 69, 70
ISL, 69, 79
ISL, 70, 71
ISL, 70, 81
ISL, 71, 60
ISL, 71, 82
ISL, 72, 73
ISL, 72, 95
ISL, 73, 74
ISL, 73, 84
ISL, 74, 75
ISL, 74, 85
ISL, 75, 76
ISL, 75, 85
ISL, 76, 77
ISL, 76, 87
ISL, 77, 78
ISL, 77, 88
ISL, 78, 79
ISL, 78, 89
ISL, 79, 80
ISL, 79, 90
ISL, 80, 81
ISL, 80, 91
ISL, 81, 82
ISL, 81, 91
ISL, 82, 83
ISL, 82, 93
ISL, 83, 72
ISL, 83, 94
ISL, 84, 85
ISL, 84, 2
ISL, 85, 86
ISL, 85, 3
ISL, 86, 87
ISL, 86, 4
ISL, 87, 88
ISL, 87, 5
ISL, 88, 89
ISL, 88, 6
ISL, 89, 90
ISL, 89, 7
ISL, 90, 91
ISL, 90, 8
ISL, 91, 92
ISL, 91, 9
ISL, 92, 93
ISL, 92, 10
ISL, 93, 94
ISL, 93, 11
ISL, 94, 95
ISL, 94, 0
ISL, 95, 84
ISL, 95, 1
