[METADATA]
Time: 2026-04-12 03:12:13
Step: 56
Total_Sats: 96

[NODES]
ID, Name, Lat(deg), Lon(deg), Alt(km)
0, W-00-00, 51.99367, -175.00069, 506.100
1, W-00-01, 48.87947, -127.47136, 504.957
2, W-00-02, 31.16887, -95.33194, 498.558
3, W-00-03, 8.15938, -74.56083, 493.290
4, W-00-04, -15.80972, -56.15465, 494.439
5, W-00-05, -37.77895, -32.91495, 500.849
6, W-00-06, -51.99367, 4.99931, 506.100
7, W-00-07, -48.87947, 52.52864, 504.957
8, W-00-08, -31.16887, 84.66806, 498.558
9, W-00-09, -8.15938, 105.43917, 493.290
10, W-00-10, 15.80972, 123.84535, 494.439
11, W-00-11, 37.77895, 147.08505, 500.849
12, W-01-00, 53.15780, -111.60862, 506.520
13, W-01-01, 43.33616, -68.35589, 502.893
14, W-01-02, 22.84905, -41.79112, 496.066
15, W-01-03, -0.86507, -22.74909, 492.868
16, W-01-04, -24.48005, -3.46121, 496.511
17, W-01-05, -44.52661, 24.04597, 503.336
18, W-01-06, -53.15780, 68.39138, 506.520
19, W-01-07, -43.33616, 111.64411, 502.893
20, W-01-08, -22.84905, 138.20888, 496.066
21, W-01-09, 0.86507, 157.25091, 492.868
22, W-01-10, 24.48005, 176.53879, 496.511
23, W-01-11, 44.52661, -155.95403, 503.336
24, W-02-00, 51.45502, -48.44098, 505.904
25, W-02-01, 36.35893, -11.85260, 500.340
26, W-02-02, 14.11600, 10.74791, 494.126
27, W-02-03, -9.87673, 29.09490, 493.487
28, W-02-04, -32.69361, 50.33097, 499.067
29, W-02-05, -49.72322, 83.70400, 505.269
30, W-02-06, -51.45502, 131.55902, 505.904
31, W-02-07, -36.35893, 168.14740, 500.340
32, W-02-08, -14.11600, -169.25209, 494.126
33, W-02-09, 9.87673, -150.90510, 493.487
34, W-02-10, 32.69361, -129.66903, 499.067
35, W-02-11, 49.72322, -96.29600, 505.269
36, W-03-00, 47.22969, 12.55042, 504.345
37, W-03-01, 28.45584, 42.65808, 497.688
38, W-03-02, 5.15803, 62.72690, 493.034
39, W-03-03, -18.73696, 81.31842, 495.054
40, W-03-04, -40.16337, 105.80305, 501.718
41, W-03-05, -52.69727, 146.00698, 506.354
42, W-03-06, -47.22969, -167.44958, 504.345
43, W-03-07, -28.45584, -137.34192, 497.688
44, W-03-08, -5.15803, -117.27310, 493.034
45, W-03-09, 18.73696, -98.68158, 495.054
46, W-03-10, 40.16337, -74.19695, 501.718
47, W-03-11, 52.69727, -33.99302, 506.354
48, W-04-00, 41.14093, 70.74175, 502.078
49, W-04-01, 19.97346, 95.80931, 495.341
50, W-04-02, -3.87697, 114.51206, 492.960
51, W-04-03, -27.28057, 134.32135, 497.328
52, W-04-04, -46.46293, 163.61423, 504.059
53, W-04-05, -52.90288, -150.41021, 506.429
54, W-04-06, -41.14093, -109.25825, 502.078
55, W-04-07, -19.97346, -84.19069, 495.341
56, W-04-08, 3.87697, -65.48794, 492.960
57, W-04-09, 27.28057, -45.67865, 497.328
58, W-04-10, 46.46293, -16.38577, 504.059
59, W-04-11, 52.90288, 29.58979, 506.429
60, W-05-00, 33.80743, 126.50578, 499.447
61, W-05-01, 11.14716, 148.11730, 493.656
62, W-05-02, -12.85432, 166.44238, 493.913
63, W-05-03, -35.28384, -171.39717, 499.961
64, W-05-04, -50.99493, -135.78561, 505.736
65, W-05-05, -50.29660, -87.80866, 505.480
66, W-05-06, -33.80743, -53.49422, 499.447
67, W-05-07, -11.14716, -31.88270, 493.656
68, W-05-08, 12.85432, -13.55762, 493.913
69, W-05-09, 35.28384, 8.60283, 499.961
70, W-05-10, 50.99493, 44.21439, 505.736
71, W-05-11, 50.29660, 92.19134, 505.480
72, W-06-00, 25.67935, -179.50185, 496.853
73, W-06-01, 2.14822, -160.00669, 492.893
74, W-06-02, -21.62948, -141.12273, 495.749
75, W-06-03, -42.41929, -115.21786, 502.552
76, W-06-04, -53.08866, -72.83374, 506.495
77, W-06-05, -45.37353, -27.74728, 503.653
78, W-06-06, -25.67935, 0.49815, 496.853
79, W-06-07, -2.14822, 19.99331, 492.893
80, W-06-08, 21.62948, 38.87727, 495.749
81, W-06-09, 42.41929, 64.78214, 502.552
82, W-06-10, 53.08866, 107.16626, 506.495
83, W-06-11, 45.37353, 152.25272, 503.653
84, W-07-00, 17.06017, -126.68307, 494.690
85, W-07-01, -6.88253, -108.21083, 493.168
86, W-07-02, -30.02189, -87.75512, 498.185
87, W-07-03, -48.20377, -56.50039, 504.707
88, W-07-04, -52.33053, -9.32828, 506.222
89, W-07-05, -38.80893, 29.56790, 501.222
90, W-07-06, -17.06017, 53.31693, 494.690
91, W-07-07, 6.88253, 71.78917, 493.168
92, W-07-08, 30.02189, 92.24488, 498.185
93, W-07-09, 48.20377, 123.49961, 504.707
94, W-07-10, 52.33053, 170.67172, 506.222
95, W-07-11, 38.80893, -150.43210, 501.222

[LINKS]
Type, SourceID, TargetID
ISL, 0, 1
ISL, 0, 23
ISL, 1, 2
ISL, 1, 12
ISL, 2, 3
ISL, 2, 13
ISL, 3, 4
ISL, 3, 14
ISL, 4, 5
ISL, 4, 15
ISL, 5, 6
ISL, 5, 15
ISL, 6, 7
ISL, 6, 17
ISL, 7, 8
ISL, 7, 18
ISL, 8, 9
ISL, 8, 19
ISL, 9, 10
ISL, 9, 20
ISL, 10, 11
ISL, 10, 21
ISL, 11, 0
ISL, 11, 21
ISL, 12, 13
ISL, 12, 35
ISL, 13, 14
ISL, 13, 24
ISL, 14, 15
ISL, 14, 25
ISL, 15, 16
ISL, 15, 26
ISL, 16, 17
ISL, 16, 27
ISL, 17, 18
ISL, 17, 28
ISL, 18, 19
ISL, 18, 29
ISL, 19, 20
ISL, 19, 30
ISL, 20, 21
ISL, 20, 31
ISL, 21, 22
ISL, 21, 32
ISL, 22, 23
ISL, 22, 33
ISL, 23, 12
ISL, 23, 34
ISL, 24, 25
ISL, 24, 47
ISL, 25, 26
ISL, 25, 36
ISL, 26, 27
ISL, 26, 37
ISL, 27, 28
ISL, 27, 38
ISL, 28, 29
ISL, 28, 39
ISL, 29, 30
ISL, 29, 40
ISL, 30, 31
ISL, 30, 41
ISL, 31, 32
ISL, 31, 42
ISL, 32, 33
ISL, 32, 43
ISL, 33, 34
ISL, 33, 44
ISL, 34, 35
ISL, 34, 45
ISL, 35, 24
ISL, 35, 46
ISL, 36, 37
ISL, 36, 59
ISL, 37, 38
ISL, 37, 48
ISL, 38, 39
ISL, 38, 49
ISL, 39, 40
ISL, 39, 50
ISL, 40, 41
ISL, 40, 50
ISL, 41, 42
ISL, 41, 52
ISL, 42, 43
ISL, 42, 53
ISL, 43, 44
ISL, 43, 54
ISL, 44, 45
ISL, 44, 55
ISL, 45, 46
ISL, 45, 56
ISL, 46, 47
ISL, 46, 56
ISL, 47, 36
ISL, 47, 58
ISL, 48, 49
ISL, 48, 71
ISL, 49, 50
ISL, 49, 60
ISL, 50, 51
ISL, 50, 61
ISL, 51, 52
ISL, 51, 62
ISL, 52, 53
ISL, 52, 63
ISL, 53, 54
ISL, 53, 64
ISL, 54, 55
ISL, 54, 65
ISL, 55, 56
ISL, 55, 66
ISL, 56, 57
ISL, 56, 67
ISL, 57, 58
ISL, 57, 68
ISL, 58, 59
ISL, 58, 69
ISL, 59, 48
ISL, 59, 70
ISL, 60, 61
ISL, 60, 83
ISL, 61, 62
ISL, 61, 72
ISL, 62, 63
ISL, 62, 73
ISL, 63, 64
ISL, 63, 73
ISL, 64, 65
ISL, 64, 75
ISL, 65, 66
ISL, 65, 76
ISL, 66, 67
ISL, 66, 77
ISL, 67, 68
ISL, 67, 78
ISL, 68, 69
ISL, 68, 79
ISL, 69, 70
ISL, 69, 79
ISL, 70, 71
ISL, 70, 81
ISL, 71, 60
ISL, 71, 82
ISL, 72, 73
ISL, 72, 95
ISL, 73, 74
ISL, 73, 84
ISL, 74, 75
ISL, 74, 85
ISL, 75, 76
ISL, 75, 85
ISL, 76, 77
ISL, 76, 87
ISL, 77, 78
ISL, 77, 88
ISL, 78, 79
ISL, 78, 89
ISL, 79, 80
ISL, 79, 90
ISL, 80, 81
ISL, 80, 91
ISL, 81, 82
ISL, 81, 91
ISL, 82, 83
ISL, 82, 93
ISL, 83, 72
ISL, 83, 94
ISL, 84, 85
ISL, 84, 2
ISL, 85, 86
ISL, 85, 3
ISL, 86, 87
ISL, 86, 4
ISL, 87, 88
ISL, 87, 5
ISL, 88, 89
ISL, 88, 6
ISL, 89, 90
ISL, 89, 7
ISL, 90, 91
ISL, 90, 8
ISL, 91, 92
ISL, 91, 9
ISL, 92, 93
ISL, 92, 10
ISL, 93, 94
ISL, 93, 11
ISL, 94, 95
ISL, 94, 0
ISL, 95, 84
ISL, 95, 1
