[METADATA]
Time: 2026-04-12 03:40:13
Step: 112
Total_Sats: 96

[NODES]
ID, Name, Lat(deg), Lon(deg), Alt(km)
0, W-00-00, -5.24184, -71.47658, 493.040
1, W-00-01, -28.53239, -51.38997, 497.712
2, W-00-02, -47.27860, -21.22787, 504.363
3, W-00-03, -52.68182, 25.34982, 506.349
4, W-00-04, -40.09854, 65.49091, 501.694
5, W-00-05, -18.65578, 89.93849, 495.036
6, W-00-06, 5.24184, 108.52342, 493.040
7, W-00-07, 28.53239, 128.61003, 497.712
8, W-00-08, 47.27860, 158.77213, 504.363
9, W-00-09, 52.68182, -154.65018, 506.349
10, W-00-10, 40.09854, -114.50909, 501.694
11, W-00-11, 18.65578, -90.06151, 495.036
12, W-01-00, -14.19845, -19.49416, 494.140
13, W-01-01, -36.42869, 3.13616, 500.365
14, W-01-02, -51.48337, 39.78878, 505.914
15, W-01-03, -49.68409, 87.63223, 505.255
16, W-01-04, -32.62016, 120.94435, 499.042
17, W-01-05, -9.79345, 142.15677, 493.477
18, W-01-06, 14.19845, 160.50584, 494.140
19, W-01-07, 36.42869, -176.86384, 500.365
20, W-01-08, 51.48337, -140.21122, 505.914
21, W-01-09, 49.68409, -92.36777, 505.255
22, W-01-10, 32.62016, -59.05565, 499.042
23, W-01-11, 9.79345, -37.84323, 493.477
24, W-02-00, -22.92861, 33.05199, 496.087
25, W-02-01, -43.39521, 59.66112, 502.915
26, W-02-02, -53.16028, 102.96913, 506.521
27, W-02-03, -44.47007, 147.26383, 503.315
28, W-02-04, -24.40121, 174.72384, 496.489
29, W-02-05, -0.78106, -166.00110, 492.867
30, W-02-06, 22.92861, -146.94801, 496.087
31, W-02-07, 43.39521, -120.33888, 502.915
32, W-02-08, 53.16028, -77.03087, 506.521
33, W-02-09, 44.47007, -32.73617, 503.315
34, W-02-10, 24.40121, -5.27616, 496.489
35, W-02-11, 0.78106, 13.99890, 492.867
36, W-03-00, -31.24350, 86.60455, 498.583
37, W-03-01, -48.92225, 118.80283, 504.973
38, W-03-02, -51.96973, 166.35216, 506.091
39, W-03-03, -37.71081, -155.79801, 500.824
40, W-03-04, -15.72768, -132.59059, 494.423
41, W-03-05, 8.24289, -114.18808, 493.299
42, W-03-06, 31.24350, -93.39545, 498.583
43, W-03-07, 48.92225, -61.19717, 504.973
44, W-03-08, 51.96973, -13.64784, 506.091
45, W-03-09, 37.71081, 24.20199, 500.824
46, W-03-10, 15.72768, 47.40941, 494.423
47, W-03-11, -8.24289, 65.81192, 493.299
48, W-04-00, -38.87563, 141.72220, 501.247
49, W-04-01, -52.35068, -179.31758, 506.229
50, W-04-02, -48.15811, -132.17218, 504.690
51, W-04-03, -29.94635, -100.97439, 498.160
52, W-04-04, -6.79886, -80.53847, 493.160
53, W-04-05, 17.14184, -62.06125, 494.707
54, W-04-06, 38.87563, -38.27780, 501.247
55, W-04-07, 52.35068, 0.68242, 506.229
56, W-04-08, 48.15811, 47.82782, 504.690
57, W-04-09, 29.94635, 79.02561, 498.160
58, W-04-10, 6.79886, 99.46153, 493.160
59, W-04-11, -17.14184, 117.93875, 494.707
60, W-05-00, -45.42785, -160.93901, 503.673
61, W-05-01, -53.08209, -115.80634, 506.493
62, W-05-02, -42.35830, -73.48057, 502.529
63, W-05-03, -21.54937, -47.61774, 495.728
64, W-05-04, 2.23221, -28.74342, 492.895
65, W-05-05, 25.75753, -9.23393, 496.876
66, W-05-06, 45.42785, 19.06099, 503.673
67, W-05-07, 53.08209, 64.19366, 506.493
68, W-05-08, 42.35830, 106.51943, 502.529
69, W-05-09, 21.54937, 132.38226, 495.728
70, W-05-10, -2.23221, 151.25658, 492.895
71, W-05-11, -25.75753, 170.76607, 496.876
72, W-06-00, -50.33253, -100.85129, 505.493
73, W-06-01, -50.96306, -52.86996, 505.724
74, W-06-02, -35.21284, -17.32200, 499.936
75, W-06-03, -12.77157, 4.81064, 493.900
76, W-06-04, 11.23022, 23.13494, 493.668
77, W-06-05, 33.87981, 44.77196, 499.472
78, W-06-06, 50.33253, 79.14871, 505.493
79, W-06-07, 50.96306, 127.13004, 505.724
80, W-06-08, 35.21284, 162.67800, 499.936
81, W-06-09, 12.77157, -175.18936, 493.900
82, W-06-10, -11.23022, -156.86506, 493.668
83, W-06-11, -33.87981, -135.22804, 499.472
84, W-07-00, -52.91434, -38.23127, 506.433
85, W-07-01, -46.41147, 7.70427, 504.040
86, W-07-02, -27.20324, 36.94492, 497.304
87, W-07-03, -3.79306, 56.73802, 492.956
88, W-07-04, 20.05418, 75.44874, 495.360
89, W-07-05, 41.20408, 100.55559, 502.101
90, W-07-06, 52.91434, 141.76873, 506.433
91, W-07-07, 46.41147, -172.29573, 504.040
92, W-07-08, 27.20324, -143.05508, 497.304
93, W-07-09, 3.79306, -123.26198, 492.956
94, W-07-10, -20.05418, -104.55126, 495.360
95, W-07-11, -41.20408, -79.44441, 502.101

[LINKS]
Type, SourceID, TargetID
ISL, 0, 1
ISL, 0, 23
ISL, 1, 2
ISL, 1, 12
ISL, 2, 3
ISL, 2, 13
ISL, 3, 4
ISL, 3, 14
ISL, 4, 5
ISL, 4, 15
ISL, 5, 6
ISL, 5, 15
ISL, 6, 7
ISL, 6, 17
ISL, 7, 8
ISL, 7, 18
ISL, 8, 9
ISL, 8, 19
ISL, 9, 10
ISL, 9, 20
ISL, 10, 11
ISL, 10, 21
ISL, 11, 0
ISL, 11, 21
ISL, 12, 13
ISL, 12, 35
ISL, 13, 14
ISL, 13, 24
ISL, 14, 15
ISL, 14, 25
ISL, 15, 16
ISL, 15, 26
ISL, 16, 17
ISL, 16, 27
ISL, 17, 18
ISL, 17, 28
ISL, 18, 19
ISL, 18, 29
ISL, 19, 20
ISL, 19, 30
ISL, 20, 21
ISL, 20, 31
ISL, 21, 22
ISL, 21, 32
ISL, 22, 23
ISL, 22, 33
ISL, 23, 12
ISL, 23, 34
ISL, 24, 25
ISL, 24, 47
ISL, 25, 26
ISL, 25, 36
ISL, 26, 27
ISL, 26, 37
ISL, 27, 28
ISL, 27, 38
ISL, 28, 29
ISL, 28, 39
ISL, 29, 30
ISL, 29, 40
ISL, 30, 31
ISL, 30, 41
ISL, 31, 32
ISL, 31, 42
ISL, 32, 33
ISL, 32, 43
ISL, 33, 34
ISL, 33, 44
ISL, 34, 35
ISL, 34, 45
ISL, 35, 24
ISL, 35, 46
ISL, 36, 37
ISL, 36, 59
ISL, 37, 38
ISL, 37, 48
ISL, 38, 39
ISL, 38, 49
ISL, 39, 40
ISL, 39, 50
ISL, 40, 41
ISL, 40, 50
ISL, 41, 42
ISL, 41, 52
ISL, 42, 43
ISL, 42, 53
ISL, 43, 44
ISL, 43, 54
ISL, 44, 45
ISL, 44, 55
ISL, 45, 46
ISL, 45, 56
ISL, 46, 47
ISL, 46, 56
ISL, 47, 36
ISL, 47, 58
ISL, 48, 49
ISL, 48, 71
ISL, 49, 50
ISL, 49, 60
ISL, 50, 51
ISL, 50, 61
ISL, 51, 52
ISL, 51, 62
ISL, 52, 53
ISL, 52, 63
ISL, 53, 54
ISL, 53, 64
ISL, 54, 55
ISL, 54, 65
ISL, 55, 56
ISL, 55, 66
ISL, 56, 57
ISL, 56, 67
ISL, 57, 58
ISL, 57, 68
ISL, 58, 59
ISL, 58, 69
ISL, 59, 48
ISL, 59, 70
ISL, 60, 61
ISL, 60, 83
ISL, 61, 62
ISL, 61, 72
ISL, 62, 63
ISL, 62, 73
ISL, 63, 64
ISL, 63, 73
ISL, 64, 65
ISL, 64, 75
ISL, 65, 66
ISL, 65, 76
ISL, 66, 67
ISL, 66, 77
ISL, 67, 68
ISL, 67, 78
ISL, 68, 69
ISL, 68, 79
ISL, 69, 70
ISL, 69, 79
ISL, 70, 71
ISL, 70, 81
ISL, 71, 60
ISL, 71, 82
ISL, 72, 73
ISL, 72, 95
ISL, 73, 74
ISL, 73, 84
ISL, 74, 75
ISL, 74, 85
ISL, 75, 76
ISL, 75, 85
ISL, 76, 77
ISL, 76, 87
ISL, 77, 78
ISL, 77, 88
ISL, 78, 79
ISL, 78, 89
ISL, 79, 80
ISL, 79, 90
ISL, 80, 81
ISL, 80, 91
ISL, 81, 82
ISL, 81, 91
ISL, 82, 83
ISL, 82, 93
ISL, 83, 72
ISL, 83, 94
ISL, 84, 85
ISL, 84, 2
ISL, 85, 86
ISL, 85, 3
ISL, 86, 87
ISL, 86, 4
ISL, 87, 88
ISL, 87, 5
ISL, 88, 89
ISL, 88, 6
ISL, 89, 90
ISL, 89, 7
ISL, 90, 91
ISL, 90, 8
ISL, 91, 92
ISL, 91, 9
ISL, 92, 93
ISL, 92, 10
ISL, 93, 94
ISL, 93, 11
ISL, 94, 95
ISL, 94, 0
ISL, 95, 84
ISL, 95, 1
