[METADATA]
Time: 2026-04-12 04:05:43
Step: 163
Total_Sats: 96

[NODES]
ID, Name, Lat(deg), Lon(deg), Alt(km)
0, W-00-00, -51.06153, 30.24664, 505.760
1, W-00-01, -35.43352, 65.99264, 500.013
2, W-00-02, -13.02899, 88.21225, 493.942
3, W-00-03, 10.97172, 106.53924, 493.632
4, W-00-04, 33.65436, 128.09727, 499.395
5, W-00-05, 50.22009, 162.28038, 505.452
6, W-00-06, 51.06153, -149.75336, 505.760
7, W-00-07, 35.43352, -114.00736, 500.013
8, W-00-08, 13.02899, -91.78775, 493.942
9, W-00-09, -10.97172, -73.46076, 493.632
10, W-00-10, -33.65436, -51.90273, 499.395
11, W-00-11, -50.22009, -17.71962, 505.452
12, W-01-00, -46.57109, 90.90142, 504.099
13, W-01-01, -27.44370, 120.30505, 497.377
14, W-01-02, -4.05415, 140.14886, 492.969
15, W-01-03, 19.80291, 158.83507, 495.300
16, W-01-04, 41.00722, -176.17988, 502.029
17, W-01-05, 52.87787, -135.15751, 506.420
18, W-01-06, 46.57109, -89.09858, 504.099
19, W-01-07, 27.44370, -59.69495, 497.377
20, W-01-08, 4.05415, -39.85114, 492.969
21, W-01-09, -19.80291, -21.16493, 495.300
22, W-01-10, -41.00722, 3.82012, 502.029
23, W-01-11, -52.87787, 44.84249, 506.420
24, W-02-00, -40.29993, 148.76457, 501.768
25, W-02-01, -18.90829, 173.32788, 495.093
26, W-02-02, 4.98100, -168.06638, 493.023
27, W-02-03, 28.29403, -148.03482, 497.638
28, W-02-04, 47.12587, -118.04167, 504.306
29, W-02-05, 52.72910, -71.57177, 506.366
30, W-02-06, 40.29993, -31.23543, 501.768
31, W-02-07, 18.90829, -6.67212, 495.093
32, W-02-08, -4.98100, 11.93362, 493.023
33, W-02-09, -28.29403, 31.96518, 497.638
34, W-02-10, -47.12587, 61.95833, 504.306
35, W-02-11, -52.72910, 108.42823, 506.366
36, W-03-00, -32.84849, -155.72380, 499.120
37, W-03-01, -10.05256, -134.43740, 493.510
38, W-03-02, 13.94183, -116.09455, 494.095
39, W-03-03, 36.21137, -93.55658, 500.288
40, W-03-04, 51.39443, -57.10376, 505.882
41, W-03-05, 49.80521, -9.22575, 505.299
42, W-03-06, 32.84849, 24.27620, 499.120
43, W-03-07, 10.05256, 45.56260, 493.510
44, W-03-08, -13.94183, 63.90545, 494.095
45, W-03-09, -36.21137, 86.44342, 500.288
46, W-03-10, -51.39443, 122.89624, 505.882
47, W-03-11, -49.80521, 170.77425, 505.299
48, W-04-00, -24.64641, -101.90465, 496.558
49, W-04-01, -1.04249, -82.58940, 492.870
50, W-04-02, 22.68092, -63.57044, 496.021
51, W-04-03, 43.21107, -37.09888, 502.846
52, W-04-04, 53.15175, 6.03645, 506.518
53, W-04-05, 44.64558, 50.48809, 503.381
54, W-04-06, 24.64641, 78.09535, 496.558
55, W-04-07, 1.04249, 97.41060, 492.870
56, W-04-08, -22.68092, 116.42956, 496.021
57, W-04-09, -43.21107, 142.90112, 502.846
58, W-04-10, -53.15175, -173.96355, 506.518
59, W-04-11, -44.64558, -129.51191, 503.381
60, W-05-00, -15.98291, -49.19444, 494.473
61, W-05-01, 7.98299, -30.78026, 493.272
62, W-05-02, 31.01108, -10.05422, 498.506
63, W-05-03, 48.78852, 21.96127, 504.924
64, W-05-04, 52.04347, 69.44696, 506.118
65, W-05-05, 37.92257, 107.49725, 500.901
66, W-05-06, 15.98291, 130.80556, 494.473
67, W-05-07, -7.98299, 149.21974, 493.272
68, W-05-08, -31.01108, 169.94578, 498.506
69, W-05-09, -48.78852, -158.03873, 504.924
70, W-05-10, -52.04347, -110.55304, 506.118
71, W-05-11, -37.92257, -72.50275, 500.901
72, W-06-00, -7.05919, 2.87042, 493.183
73, W-06-01, 16.88762, 21.33240, 494.655
74, W-06-02, 38.66778, 45.00919, 501.171
75, W-06-03, 52.28721, 83.77001, 506.206
76, W-06-04, 48.29962, 130.99718, 504.742
77, W-06-05, 30.18123, 162.37257, 498.236
78, W-06-06, 7.05919, -177.12958, 493.183
79, W-06-07, -16.88762, -158.66760, 494.655
80, W-06-08, -38.66778, -134.99081, 501.171
81, W-06-09, -52.28721, -96.22999, 506.206
82, W-06-10, -48.29962, -49.00282, 504.742
83, W-06-11, -30.18123, -17.62743, 498.236
84, W-07-00, 1.97086, 54.66807, 492.888
85, W-07-01, 25.51411, 74.13329, 496.805
86, W-07-02, 45.25836, 102.27468, 503.610
87, W-07-03, 53.10172, 147.26258, 506.500
88, W-07-04, 42.54768, -170.23065, 502.599
89, W-07-05, 21.79855, -144.23653, 495.792
90, W-07-06, -1.97086, -125.33193, 492.888
91, W-07-07, -25.51411, -105.86671, 496.805
92, W-07-08, -45.25836, -77.72532, 503.610
93, W-07-09, -53.10172, -32.73742, 506.500
94, W-07-10, -42.54768, 9.76935, 502.599
95, W-07-11, -21.79855, 35.76347, 495.792

[LINKS]
Type, SourceID, TargetID
ISL, 0, 1
ISL, 0, 23
ISL, 1, 2
ISL, 1, 12
ISL, 2, 3
ISL, 2, 13
ISL, 3, 4
ISL, 3, 14
ISL, 4, 5
ISL, 4, 15
ISL, 5, 6
ISL, 5, 15
ISL, 6, 7
ISL, 6, 17
ISL, 7, 8
ISL, 7, 18
ISL, 8, 9
ISL, 8, 19
ISL, 9, 10
ISL, 9, 20
ISL, 10, 11
ISL, 10, 21
ISL, 11, 0
ISL, 11, 21
ISL, 12, 13
ISL, 12, 35
ISL, 13, 14
ISL, 13, 24
ISL, 14, 15
ISL, 14, 25
ISL, 15, 16
ISL, 15, 26
ISL, 16, 17
ISL, 16, 27
ISL, 17, 18
ISL, 17, 28
ISL, 18, 19
ISL, 18, 29
ISL, 19, 20
ISL, 19, 30
ISL, 20, 21
ISL, 20, 31
ISL, 21, 22
ISL, 21, 32
ISL, 22, 23
ISL, 22, 33
ISL, 23, 12
ISL, 23, 34
ISL, 24, 25
ISL, 24, 47
ISL, 25, 26
ISL, 25, 36
ISL, 26, 27
ISL, 26, 37
ISL, 27, 28
ISL, 27, 38
ISL, 28, 29
ISL, 28, 39
ISL, 29, 30
ISL, 29, 40
ISL, 30, 31
ISL, 30, 41
ISL, 31, 32
ISL, 31, 42
ISL, 32, 33
ISL, 32, 43
ISL, 33, 34
ISL, 33, 44
ISL, 34, 35
ISL, 34, 45
ISL, 35, 24
ISL, 35, 46
ISL, 36, 37
ISL, 36, 59
ISL, 37, 38
ISL, 37, 48
ISL, 38, 39
ISL, 38, 49
ISL, 39, 40
ISL, 39, 50
ISL, 40, 41
ISL, 40, 50
ISL, 41, 42
ISL, 41, 52
ISL, 42, 43
ISL, 42, 53
ISL, 43, 44
ISL, 43, 54
ISL, 44, 45
ISL, 44, 55
ISL, 45, 46
ISL, 45, 56
ISL, 46, 47
ISL, 46, 56
ISL, 47, 36
ISL, 47, 58
ISL, 48, 49
ISL, 48, 71
ISL, 49, 50
ISL, 49, 60
ISL, 50, 51
ISL, 50, 61
ISL, 51, 52
ISL, 51, 62
ISL, 52, 53
ISL, 52, 63
ISL, 53, 54
ISL, 53, 64
ISL, 54, 55
ISL, 54, 65
ISL, 55, 56
ISL, 55, 66
ISL, 56, 57
ISL, 56, 67
ISL, 57, 58
ISL, 57, 68
ISL, 58, 59
ISL, 58, 69
ISL, 59, 48
ISL, 59, 70
ISL, 60, 61
ISL, 60, 83
ISL, 61, 62
ISL, 61, 72
ISL, 62, 63
ISL, 62, 73
ISL, 63, 64
ISL, 63, 73
ISL, 64, 65
ISL, 64, 75
ISL, 65, 66
ISL, 65, 76
ISL, 66, 67
ISL, 66, 77
ISL, 67, 68
ISL, 67, 78
ISL, 68, 69
ISL, 68, 79
ISL, 69, 70
ISL, 69, 79
ISL, 70, 71
ISL, 70, 81
ISL, 71, 60
ISL, 71, 82
ISL, 72, 73
ISL, 72, 95
ISL, 73, 74
ISL, 73, 84
ISL, 74, 75
ISL, 74, 85
ISL, 75, 76
ISL, 75, 85
ISL, 76, 77
ISL, 76, 87
ISL, 77, 78
ISL, 77, 88
ISL, 78, 79
ISL, 78, 89
ISL, 79, 80
ISL, 79, 90
ISL, 80, 81
ISL, 80, 91
ISL, 81, 82
ISL, 81, 91
ISL, 82, 83
ISL, 82, 93
ISL, 83, 72
ISL, 83, 94
ISL, 84, 85
ISL, 84, 2
ISL, 85, 86
ISL, 85, 3
ISL, 86, 87
ISL, 86, 4
ISL, 87, 88
ISL, 87, 5
ISL, 88, 89
ISL, 88, 6
ISL, 89, 90
ISL, 89, 7
ISL, 90, 91
ISL, 90, 8
ISL, 91, 92
ISL, 91, 9
ISL, 92, 93
ISL, 92, 10
ISL, 93, 94
ISL, 93, 11
ISL, 94, 95
ISL, 94, 0
ISL, 95, 84
ISL, 95, 1
