[METADATA]
Time: 2026-04-12 03:13:13
Step: 58
Total_Sats: 96

[NODES]
ID, Name, Lat(deg), Lon(deg), Alt(km)
0, W-00-00, 52.70614, -169.14488, 506.358
1, W-00-01, 47.20119, -122.62153, 504.334
2, W-00-02, 28.41132, -92.54544, 497.675
3, W-00-03, 5.10930, -72.48692, 493.031
4, W-00-04, -18.78413, -53.89152, 495.065
5, W-00-05, -40.20100, -29.38530, 501.732
6, W-00-06, -52.70614, 10.85512, 506.358
7, W-00-07, -47.20119, 57.37847, 504.334
8, W-00-08, -28.41132, 87.45456, 497.675
9, W-00-09, -5.10930, 107.51308, 493.031
10, W-00-10, 18.78413, 126.10848, 495.065
11, W-00-11, 40.20100, 150.61470, 501.732
12, W-01-00, 52.89611, -105.56118, 506.426
13, W-01-01, 41.10418, -64.44483, 502.064
14, W-01-02, 19.92653, -39.40004, 495.330
15, W-01-03, -3.92574, -20.70188, 492.962
16, W-01-04, -27.32549, -0.88314, 497.341
17, W-01-05, -46.49277, 28.44017, 504.070
18, W-01-06, -52.89611, 74.43882, 506.426
19, W-01-07, -41.10418, 115.55517, 502.064
20, W-01-08, -19.92653, 140.59996, 495.330
21, W-01-09, 3.92574, 159.29812, 492.962
22, W-01-10, 27.32549, 179.11686, 497.341
23, W-01-11, 46.49277, -151.55983, 504.070
24, W-02-00, 50.27563, -42.97042, 505.472
25, W-02-01, 33.76533, -8.69216, 499.433
26, W-02-02, 11.09888, 12.90458, 493.649
27, W-02-03, -12.90240, 31.23015, 493.921
28, W-02-04, -35.32507, 53.40684, 499.975
29, W-02-05, -51.01335, 89.05537, 505.743
30, W-02-06, -50.27563, 137.02958, 505.472
31, W-02-07, -33.76533, 171.30784, 499.433
32, W-02-08, -11.09888, -167.09542, 493.649
33, W-02-09, 12.90240, -148.76985, 493.921
34, W-02-10, 35.32507, -126.59316, 499.975
35, W-02-11, 51.01335, -90.94463, 505.743
36, W-03-00, 45.34189, 17.07564, 503.641
37, W-03-01, 25.63388, 45.29237, 496.840
38, W-03-02, 2.09940, 64.77925, 492.891
39, W-03-03, -21.67603, 83.66885, 495.761
40, W-03-04, -42.45468, 109.59823, 502.565
41, W-03-05, -53.09237, 152.01618, 506.497
42, W-03-06, -45.34189, -162.92436, 503.641
43, W-03-07, -25.63388, -134.70763, 496.840
44, W-03-08, -2.09940, -115.22075, 492.891
45, W-03-09, 21.67603, -96.33115, 495.761
46, W-03-10, 42.45468, -70.40177, 502.565
47, W-03-11, 53.09237, -27.98382, 506.497
48, W-04-00, 38.77012, 74.37712, 501.208
49, W-04-01, 17.01269, 98.10621, 494.680
50, W-04-02, -6.93116, 116.57559, 493.172
51, W-04-03, -30.06577, 137.04285, 498.199
52, W-04-04, -48.23023, 168.33074, 504.717
53, W-04-05, -52.31871, -144.48182, 506.218
54, W-04-06, -38.77012, -105.62288, 501.208
55, W-04-07, -17.01269, -81.89379, 494.680
56, W-04-08, 6.93116, -63.42441, 493.172
57, W-04-09, 30.06577, -42.95715, 498.199
58, W-04-10, 48.23023, -11.66926, 504.717
59, W-04-11, 52.31871, 35.51818, 506.218
60, W-05-00, 31.12547, 129.46714, 498.544
61, W-05-01, 8.11083, 150.22580, 493.285
62, W-05-02, -15.85740, 168.63414, 494.448
63, W-05-03, -37.81852, -168.10733, 500.863
64, W-05-04, -52.00748, -130.15562, 506.105
65, W-05-05, -48.85452, -82.63812, 504.948
66, W-05-06, -31.12547, -50.53286, 498.544
67, W-05-07, -8.11083, -29.77420, 493.285
68, W-05-08, 15.85740, -11.36586, 494.448
69, W-05-09, 37.81852, 11.89267, 500.863
70, W-05-10, 52.00748, 49.84438, 506.105
71, W-05-11, 48.85452, 97.36188, 504.948
72, W-06-00, 22.80279, -176.99883, 496.054
73, W-06-01, -0.91391, -157.96319, 492.868
74, W-06-02, -24.52586, -138.66782, 496.524
75, W-06-03, -44.55942, -111.13316, 503.349
76, W-06-04, -53.15625, -66.75839, 506.520
77, W-06-05, -43.30179, -23.53788, 502.880
78, W-06-06, -22.80279, 3.00117, 496.054
79, W-06-07, 0.91391, 22.03681, 492.868
80, W-06-08, 24.52586, 41.33218, 496.524
81, W-06-09, 44.55942, 68.86684, 503.349
82, W-06-10, 53.15625, 113.24161, 506.520
83, W-06-11, 43.30179, 156.46212, 502.880
84, W-07-00, 14.06807, -124.46392, 494.117
85, W-07-01, -9.92513, -106.11811, 493.493
86, W-07-02, -32.73627, -84.86823, 499.082
87, W-07-03, -49.74587, -51.45977, 505.277
88, W-07-04, -51.43844, -3.59822, 505.898
89, W-07-05, -36.31835, 32.95283, 500.326
90, W-07-06, -14.06807, 55.53608, 494.117
91, W-07-07, 9.92513, 73.88189, 493.493
92, W-07-08, 32.73627, 95.13177, 499.082
93, W-07-09, 49.74587, 128.54023, 505.277
94, W-07-10, 51.43844, 176.40178, 505.898
95, W-07-11, 36.31835, -147.04717, 500.326

[LINKS]
Type, SourceID, TargetID
ISL, 0, 1
ISL, 0, 23
ISL, 1, 2
ISL, 1, 12
ISL, 2, 3
ISL, 2, 13
ISL, 3, 4
ISL, 3, 14
ISL, 4, 5
ISL, 4, 15
ISL, 5, 6
ISL, 5, 15
ISL, 6, 7
ISL, 6, 17
ISL, 7, 8
ISL, 7, 18
ISL, 8, 9
ISL, 8, 19
ISL, 9, 10
ISL, 9, 20
ISL, 10, 11
ISL, 10, 21
ISL, 11, 0
ISL, 11, 21
ISL, 12, 13
ISL, 12, 35
ISL, 13, 14
ISL, 13, 24
ISL, 14, 15
ISL, 14, 25
ISL, 15, 16
ISL, 15, 26
ISL, 16, 17
ISL, 16, 27
ISL, 17, 18
ISL, 17, 28
ISL, 18, 19
ISL, 18, 29
ISL, 19, 20
ISL, 19, 30
ISL, 20, 21
ISL, 20, 31
ISL, 21, 22
ISL, 21, 32
ISL, 22, 23
ISL, 22, 33
ISL, 23, 12
ISL, 23, 34
ISL, 24, 25
ISL, 24, 47
ISL, 25, 26
ISL, 25, 36
ISL, 26, 27
ISL, 26, 37
ISL, 27, 28
ISL, 27, 38
ISL, 28, 29
ISL, 28, 39
ISL, 29, 30
ISL, 29, 40
ISL, 30, 31
ISL, 30, 41
ISL, 31, 32
ISL, 31, 42
ISL, 32, 33
ISL, 32, 43
ISL, 33, 34
ISL, 33, 44
ISL, 34, 35
ISL, 34, 45
ISL, 35, 24
ISL, 35, 46
ISL, 36, 37
ISL, 36, 59
ISL, 37, 38
ISL, 37, 48
ISL, 38, 39
ISL, 38, 49
ISL, 39, 40
ISL, 39, 50
ISL, 40, 41
ISL, 40, 50
ISL, 41, 42
ISL, 41, 52
ISL, 42, 43
ISL, 42, 53
ISL, 43, 44
ISL, 43, 54
ISL, 44, 45
ISL, 44, 55
ISL, 45, 46
ISL, 45, 56
ISL, 46, 47
ISL, 46, 56
ISL, 47, 36
ISL, 47, 58
ISL, 48, 49
ISL, 48, 71
ISL, 49, 50
ISL, 49, 60
ISL, 50, 51
ISL, 50, 61
ISL, 51, 52
ISL, 51, 62
ISL, 52, 53
ISL, 52, 63
ISL, 53, 54
ISL, 53, 64
ISL, 54, 55
ISL, 54, 65
ISL, 55, 56
ISL, 55, 66
ISL, 56, 57
ISL, 56, 67
ISL, 57, 58
ISL, 57, 68
ISL, 58, 59
ISL, 58, 69
ISL, 59, 48
ISL, 59, 70
ISL, 60, 61
ISL, 60, 83
ISL, 61, 62
ISL, 61, 72
ISL, 62, 63
ISL, 62, 73
ISL, 63, 64
ISL, 63, 73
ISL, 64, 65
ISL, 64, 75
ISL, 65, 66
ISL, 65, 76
ISL, 66, 67
ISL, 66, 77
ISL, 67, 68
ISL, 67, 78
ISL, 68, 69
ISL, 68, 79
ISL, 69, 70
ISL, 69, 79
ISL, 70, 71
ISL, 70, 81
ISL, 71, 60
ISL, 71, 82
ISL, 72, 73
ISL, 72, 95
ISL, 73, 74
ISL, 73, 84
ISL, 74, 75
ISL, 74, 85
ISL, 75, 76
ISL, 75, 85
ISL, 76, 77
ISL, 76, 87
ISL, 77, 78
ISL, 77, 88
ISL, 78, 79
ISL, 78, 89
ISL, 79, 80
ISL, 79, 90
ISL, 80, 81
ISL, 80, 91
ISL, 81, 82
ISL, 81, 91
ISL, 82, 83
ISL, 82, 93
ISL, 83, 72
ISL, 83, 94
ISL, 84, 85
ISL, 84, 2
ISL, 85, 86
ISL, 85, 3
ISL, 86, 87
ISL, 86, 4
ISL, 87, 88
ISL, 87, 5
ISL, 88, 89
ISL, 88, 6
ISL, 89, 90
ISL, 89, 7
ISL, 90, 91
ISL, 90, 8
ISL, 91, 92
ISL, 91, 9
ISL, 92, 93
ISL, 92, 10
ISL, 93, 94
ISL, 93, 11
ISL, 94, 95
ISL, 94, 0
ISL, 95, 84
ISL, 95, 1
