[METADATA]
Time: 2026-04-12 03:41:13
Step: 114
Total_Sats: 96

[NODES]
ID, Name, Lat(deg), Lon(deg), Alt(km)
0, W-00-00, -8.29142, -69.40143, 493.304
1, W-00-01, -31.28685, -48.59625, 498.597
2, W-00-02, -48.94704, -16.36370, 504.982
3, W-00-03, -51.95571, 31.19706, 506.086
4, W-00-04, -37.67117, 69.00944, 500.810
5, W-00-05, -15.67998, 92.19815, 494.414
6, W-00-06, 8.29142, 110.59857, 493.304
7, W-00-07, 31.28685, 131.40375, 498.597
8, W-00-08, 48.94704, 163.63630, 504.982
9, W-00-09, 51.95571, -148.80294, 506.086
10, W-00-10, 37.67117, -110.99056, 500.810
11, W-00-11, 15.67998, -87.80185, 494.414
12, W-01-00, -17.18931, -17.27191, 494.717
13, W-01-01, -38.91436, 6.53159, 501.261
14, W-01-02, -52.36228, 45.52902, 506.233
15, W-01-03, -48.13150, 92.65871, 504.680
16, W-01-04, -29.90242, 123.82346, 498.146
17, W-01-05, -6.75023, 144.24793, 493.156
18, W-01-06, 17.18931, 162.72809, 494.717
19, W-01-07, 38.91436, -173.46841, 501.261
20, W-01-08, 52.36228, -134.47098, 506.233
21, W-01-09, 48.13150, -87.34129, 504.680
22, W-01-10, 29.90242, -56.17654, 498.146
23, W-01-11, 6.75023, -35.75207, 493.156
24, W-02-00, -25.80295, 35.56039, 496.889
25, W-02-01, -45.45936, 63.88413, 503.685
26, W-02-02, -53.07815, 109.04353, 506.492
27, W-02-03, -42.32281, 151.33531, 502.516
28, W-02-04, -21.50279, 177.17377, 495.717
29, W-02-05, 2.28102, -163.95748, 492.897
30, W-02-06, 25.80295, -144.43961, 496.889
31, W-02-07, 45.45936, -116.11587, 503.685
32, W-02-08, 53.07815, -70.95647, 506.492
33, W-02-09, 42.32281, -28.66469, 502.516
34, W-02-10, 21.50279, -2.82623, 495.717
35, W-02-11, -2.28102, 16.04252, 492.897
36, W-03-00, -33.92185, 89.57416, 499.487
37, W-03-01, -50.35331, 123.98717, 505.501
38, W-03-02, -50.94444, 171.97083, 505.718
39, W-03-03, -35.17154, -152.51815, 499.921
40, W-03-04, -12.72347, -130.40162, 493.893
41, W-03-05, 11.27848, -112.07775, 493.675
42, W-03-06, 33.92185, -90.42584, 499.487
43, W-03-07, 50.35331, -56.01283, 505.501
44, W-03-08, 50.94444, -8.02917, 505.718
45, W-03-09, 35.17154, 27.48185, 499.921
46, W-03-10, 12.72347, 49.59838, 493.893
47, W-03-11, -11.27848, 67.92225, 493.675
48, W-04-00, -41.24074, 145.36920, 502.115
49, W-04-01, -52.92089, -173.38215, 506.435
50, W-04-02, -46.38150, -127.47002, 504.029
51, W-04-03, -27.15828, -98.25967, 497.291
52, W-04-04, -3.74428, -78.47594, 492.953
53, W-04-05, 20.10108, -59.76055, 495.371
54, W-04-06, 41.24074, -34.63080, 502.115
55, W-04-07, 52.92089, 6.61785, 506.435
56, W-04-08, 46.38150, 52.52998, 504.029
57, W-04-09, 27.15828, 81.74033, 497.291
58, W-04-10, 3.74428, 101.52406, 492.953
59, W-04-11, -20.10108, 120.23945, 495.371
60, W-05-00, -47.30696, -156.39958, 504.373
61, W-05-01, -52.67273, -109.80215, 506.346
62, W-05-02, -40.06082, -69.69763, 501.680
63, W-05-03, -18.60859, -45.27151, 495.025
64, W-05-04, 5.29056, -26.69039, 493.043
65, W-05-05, 28.57686, -6.59339, 497.726
66, W-05-06, 47.30696, 23.60042, 504.373
67, W-05-07, 52.67273, 70.19785, 506.346
68, W-05-08, 40.06082, 110.30237, 501.680
69, W-05-09, 18.60859, 134.72849, 495.025
70, W-05-10, -5.29056, 153.30961, 493.043
71, W-05-11, -28.57686, 173.40661, 497.726
72, W-06-00, -51.49975, -95.36828, 505.920
73, W-06-01, -49.66126, -47.53176, 505.246
74, W-06-02, -32.57744, -14.25499, 499.028
75, W-06-03, -9.74504, 6.94373, 493.471
76, W-06-04, 14.24636, 25.29405, 494.148
77, W-06-05, 36.46920, 47.94175, 500.380
78, W-06-06, 51.49975, 84.63172, 505.920
79, W-06-07, 49.66126, 132.46824, 505.246
80, W-06-08, 32.57744, 165.74501, 499.028
81, W-06-09, 9.74504, -173.05627, 493.471
82, W-06-10, -14.24636, -154.70595, 494.148
83, W-06-11, -36.46920, -132.05825, 500.380
84, W-07-00, -53.16160, -32.18062, 506.522
85, W-07-01, -44.43714, 12.08449, 503.303
86, W-07-02, -24.35537, 39.51715, 496.476
87, W-07-03, -0.73222, 58.78479, 492.866
88, W-07-04, 22.97484, 77.84436, 496.099
89, W-07-05, 43.42947, 104.47934, 502.927
90, W-07-06, 53.16160, 147.81938, 506.522
91, W-07-07, 44.43714, -167.91551, 503.303
92, W-07-08, 24.35537, -140.48285, 496.476
93, W-07-09, 0.73222, -121.21521, 492.866
94, W-07-10, -22.97484, -102.15564, 496.099
95, W-07-11, -43.42947, -75.52066, 502.927

[LINKS]
Type, SourceID, TargetID
ISL, 0, 1
ISL, 0, 23
ISL, 1, 2
ISL, 1, 12
ISL, 2, 3
ISL, 2, 13
ISL, 3, 4
ISL, 3, 14
ISL, 4, 5
ISL, 4, 15
ISL, 5, 6
ISL, 5, 15
ISL, 6, 7
ISL, 6, 17
ISL, 7, 8
ISL, 7, 18
ISL, 8, 9
ISL, 8, 19
ISL, 9, 10
ISL, 9, 20
ISL, 10, 11
ISL, 10, 21
ISL, 11, 0
ISL, 11, 21
ISL, 12, 13
ISL, 12, 35
ISL, 13, 14
ISL, 13, 24
ISL, 14, 15
ISL, 14, 25
ISL, 15, 16
ISL, 15, 26
ISL, 16, 17
ISL, 16, 27
ISL, 17, 18
ISL, 17, 28
ISL, 18, 19
ISL, 18, 29
ISL, 19, 20
ISL, 19, 30
ISL, 20, 21
ISL, 20, 31
ISL, 21, 22
ISL, 21, 32
ISL, 22, 23
ISL, 22, 33
ISL, 23, 12
ISL, 23, 34
ISL, 24, 25
ISL, 24, 47
ISL, 25, 26
ISL, 25, 36
ISL, 26, 27
ISL, 26, 37
ISL, 27, 28
ISL, 27, 38
ISL, 28, 29
ISL, 28, 39
ISL, 29, 30
ISL, 29, 40
ISL, 30, 31
ISL, 30, 41
ISL, 31, 32
ISL, 31, 42
ISL, 32, 33
ISL, 32, 43
ISL, 33, 34
ISL, 33, 44
ISL, 34, 35
ISL, 34, 45
ISL, 35, 24
ISL, 35, 46
ISL, 36, 37
ISL, 36, 59
ISL, 37, 38
ISL, 37, 48
ISL, 38, 39
ISL, 38, 49
ISL, 39, 40
ISL, 39, 50
ISL, 40, 41
ISL, 40, 50
ISL, 41, 42
ISL, 41, 52
ISL, 42, 43
ISL, 42, 53
ISL, 43, 44
ISL, 43, 54
ISL, 44, 45
ISL, 44, 55
ISL, 45, 46
ISL, 45, 56
ISL, 46, 47
ISL, 46, 56
ISL, 47, 36
ISL, 47, 58
ISL, 48, 49
ISL, 48, 71
ISL, 49, 50
ISL, 49, 60
ISL, 50, 51
ISL, 50, 61
ISL, 51, 52
ISL, 51, 62
ISL, 52, 53
ISL, 52, 63
ISL, 53, 54
ISL, 53, 64
ISL, 54, 55
ISL, 54, 65
ISL, 55, 56
ISL, 55, 66
ISL, 56, 57
ISL, 56, 67
ISL, 57, 58
ISL, 57, 68
ISL, 58, 59
ISL, 58, 69
ISL, 59, 48
ISL, 59, 70
ISL, 60, 61
ISL, 60, 83
ISL, 61, 62
ISL, 61, 72
ISL, 62, 63
ISL, 62, 73
ISL, 63, 64
ISL, 63, 73
ISL, 64, 65
ISL, 64, 75
ISL, 65, 66
ISL, 65, 76
ISL, 66, 67
ISL, 66, 77
ISL, 67, 68
ISL, 67, 78
ISL, 68, 69
ISL, 68, 79
ISL, 69, 70
ISL, 69, 79
ISL, 70, 71
ISL, 70, 81
ISL, 71, 60
ISL, 71, 82
ISL, 72, 73
ISL, 72, 95
ISL, 73, 74
ISL, 73, 84
ISL, 74, 75
ISL, 74, 85
ISL, 75, 76
ISL, 75, 85
ISL, 76, 77
ISL, 76, 87
ISL, 77, 78
ISL, 77, 88
ISL, 78, 79
ISL, 78, 89
ISL, 79, 80
ISL, 79, 90
ISL, 80, 81
ISL, 80, 91
ISL, 81, 82
ISL, 81, 91
ISL, 82, 83
ISL, 82, 93
ISL, 83, 72
ISL, 83, 94
ISL, 84, 85
ISL, 84, 2
ISL, 85, 86
ISL, 85, 3
ISL, 86, 87
ISL, 86, 4
ISL, 87, 88
ISL, 87, 5
ISL, 88, 89
ISL, 88, 6
ISL, 89, 90
ISL, 89, 7
ISL, 90, 91
ISL, 90, 8
ISL, 91, 92
ISL, 91, 9
ISL, 92, 93
ISL, 92, 10
ISL, 93, 94
ISL, 93, 11
ISL, 94, 95
ISL, 94, 0
ISL, 95, 84
ISL, 95, 1
