[METADATA]
Time: 2026-04-12 03:30:13
Step: 92
Total_Sats: 96

[NODES]
ID, Name, Lat(deg), Lon(deg), Alt(km)
0, W-00-00, 24.85891, -93.21097, 496.618
1, W-00-01, 1.26938, -73.86010, 492.873
2, W-00-02, -22.46567, -54.87008, 495.965
3, W-00-03, -43.05030, -28.51681, 502.786
4, W-00-04, -53.14236, 14.46708, 506.515
5, W-00-05, -44.79687, 59.05286, 503.437
6, W-00-06, -24.85891, 86.78903, 496.618
7, W-00-07, -1.26938, 106.13990, 492.873
8, W-00-08, 22.46567, 125.12992, 495.965
9, W-00-09, 43.05030, 151.48319, 502.786
10, W-00-10, 53.14236, -165.53292, 506.515
11, W-00-11, 44.79687, -120.94714, 503.437
12, W-01-00, 16.20426, -40.47904, 494.516
13, W-01-01, -7.75734, -22.05410, 493.250
14, W-01-02, -30.80892, -1.38502, 498.440
15, W-01-03, -48.67104, 30.47272, 504.880
16, W-01-04, -52.10566, 77.89989, 506.141
17, W-01-05, -38.10568, 116.12407, 500.967
18, W-01-06, -16.20426, 139.52096, 494.516
19, W-01-07, 7.75734, 157.94590, 493.250
20, W-01-08, 30.80892, 178.61498, 498.440
21, W-01-09, 48.67104, -149.52728, 504.880
22, W-01-10, 52.10566, -102.10011, 506.141
23, W-01-11, 38.10568, -63.87593, 500.967
24, W-02-00, 7.28505, 11.59713, 493.204
25, W-02-01, -16.66679, 30.04651, 494.609
26, W-02-02, -38.48667, 53.63178, 501.105
27, W-02-03, -52.23028, 92.21924, 506.186
28, W-02-04, -48.42108, 139.51422, 504.788
29, W-02-05, -30.38465, 171.04470, 498.302
30, W-02-06, -7.28505, -168.40287, 493.204
31, W-02-07, 16.66679, -149.95349, 494.609
32, W-02-08, 38.48667, -126.36822, 501.105
33, W-02-09, 52.23028, -87.78076, 506.186
34, W-02-10, 48.42108, -40.48578, 504.788
35, W-02-11, 30.38465, -8.95530, 498.302
36, W-03-00, -1.74401, 63.39726, 492.883
37, W-03-01, -25.30252, 82.82479, 496.744
38, W-03-02, -45.11015, 110.83404, 503.554
39, W-03-03, -53.11678, 155.69403, 506.505
40, W-03-04, -42.71114, -161.64350, 502.660
41, W-03-05, -22.01456, -135.53430, 495.847
42, W-03-06, 1.74401, -116.60274, 492.883
43, W-03-07, 25.30252, -97.17521, 496.744
44, W-03-08, 45.11015, -69.16596, 503.554
45, W-03-09, 53.11678, -24.30597, 506.505
46, W-03-10, 42.71114, 18.35650, 502.660
47, W-03-11, 22.01456, 44.46570, 495.847
48, W-04-00, -10.74725, 115.26243, 493.601
49, W-04-01, -33.45817, 136.75279, 499.327
50, W-04-02, -50.12093, 170.76847, 505.416
51, W-04-03, -51.14532, -141.28184, 505.791
52, W-04-04, -35.62447, -105.36357, 500.080
53, W-04-05, -13.25227, -83.06754, 493.978
54, W-04-06, 10.74725, -64.73757, 493.601
55, W-04-07, 33.45817, -43.24721, 499.327
56, W-04-08, 50.12093, -9.23153, 505.416
57, W-04-09, 51.14532, 38.71816, 505.791
58, W-04-10, 35.62447, 74.63643, 500.080
59, W-04-11, 13.25227, 96.93246, 493.978
60, W-05-00, -19.58460, 167.54293, 495.249
61, W-05-01, -40.83554, -167.57664, 501.965
62, W-05-02, -52.84429, -126.72074, 506.407
63, W-05-03, -46.70842, -80.55742, 504.150
64, W-05-04, -27.65204, -51.01125, 497.441
65, W-05-05, -4.28071, -31.12267, 492.981
66, W-05-06, 19.58460, -12.45707, 495.249
67, W-05-07, 40.83554, 12.42336, 501.965
68, W-05-08, 52.84429, 53.27926, 506.407
69, W-05-09, 46.70842, 99.44258, 504.150
70, W-05-10, 27.65204, 128.98875, 497.441
71, W-05-11, 4.28071, 148.87733, 492.981
72, W-06-00, -28.08676, -139.35367, 497.574
73, W-06-01, -46.99206, -109.50610, 504.256
74, W-06-02, -52.76822, -63.13263, 506.380
75, W-06-03, -40.47394, -22.62751, 501.832
76, W-06-04, -19.12723, 2.03731, 495.143
77, W-06-05, 4.75457, 20.66177, 493.009
78, W-06-06, 28.08676, 40.64633, 497.574
79, W-06-07, 46.99206, 70.49390, 504.256
80, W-06-08, 52.76822, 116.86737, 506.380
81, W-06-09, 40.47394, 157.37249, 501.832
82, W-06-10, 19.12723, -177.96269, 495.143
83, W-06-11, -4.75457, -159.33823, 493.009
84, W-07-00, -36.02214, -84.91657, 500.221
85, W-07-01, -51.31552, -48.63692, 505.853
86, W-07-02, -49.90881, -0.73235, 505.337
87, W-07-03, -33.04616, 32.93507, 499.187
88, W-07-04, -10.27733, 54.28657, 493.539
89, W-07-05, 13.71896, 72.62464, 494.057
90, W-07-06, 36.02214, 95.08343, 500.221
91, W-07-07, 51.31552, 131.36308, 505.853
92, W-07-08, 49.90881, 179.26765, 505.337
93, W-07-09, 33.04616, -147.06493, 499.187
94, W-07-10, 10.27733, -125.71343, 493.539
95, W-07-11, -13.71896, -107.37536, 494.057

[LINKS]
Type, SourceID, TargetID
ISL, 0, 1
ISL, 0, 23
ISL, 1, 2
ISL, 1, 12
ISL, 2, 3
ISL, 2, 13
ISL, 3, 4
ISL, 3, 14
ISL, 4, 5
ISL, 4, 15
ISL, 5, 6
ISL, 5, 15
ISL, 6, 7
ISL, 6, 17
ISL, 7, 8
ISL, 7, 18
ISL, 8, 9
ISL, 8, 19
ISL, 9, 10
ISL, 9, 20
ISL, 10, 11
ISL, 10, 21
ISL, 11, 0
ISL, 11, 21
ISL, 12, 13
ISL, 12, 35
ISL, 13, 14
ISL, 13, 24
ISL, 14, 15
ISL, 14, 25
ISL, 15, 16
ISL, 15, 26
ISL, 16, 17
ISL, 16, 27
ISL, 17, 18
ISL, 17, 28
ISL, 18, 19
ISL, 18, 29
ISL, 19, 20
ISL, 19, 30
ISL, 20, 21
ISL, 20, 31
ISL, 21, 22
ISL, 21, 32
ISL, 22, 23
ISL, 22, 33
ISL, 23, 12
ISL, 23, 34
ISL, 24, 25
ISL, 24, 47
ISL, 25, 26
ISL, 25, 36
ISL, 26, 27
ISL, 26, 37
ISL, 27, 28
ISL, 27, 38
ISL, 28, 29
ISL, 28, 39
ISL, 29, 30
ISL, 29, 40
ISL, 30, 31
ISL, 30, 41
ISL, 31, 32
ISL, 31, 42
ISL, 32, 33
ISL, 32, 43
ISL, 33, 34
ISL, 33, 44
ISL, 34, 35
ISL, 34, 45
ISL, 35, 24
ISL, 35, 46
ISL, 36, 37
ISL, 36, 59
ISL, 37, 38
ISL, 37, 48
ISL, 38, 39
ISL, 38, 49
ISL, 39, 40
ISL, 39, 50
ISL, 40, 41
ISL, 40, 50
ISL, 41, 42
ISL, 41, 52
ISL, 42, 43
ISL, 42, 53
ISL, 43, 44
ISL, 43, 54
ISL, 44, 45
ISL, 44, 55
ISL, 45, 46
ISL, 45, 56
ISL, 46, 47
ISL, 46, 56
ISL, 47, 36
ISL, 47, 58
ISL, 48, 49
ISL, 48, 71
ISL, 49, 50
ISL, 49, 60
ISL, 50, 51
ISL, 50, 61
ISL, 51, 52
ISL, 51, 62
ISL, 52, 53
ISL, 52, 63
ISL, 53, 54
ISL, 53, 64
ISL, 54, 55
ISL, 54, 65
ISL, 55, 56
ISL, 55, 66
ISL, 56, 57
ISL, 56, 67
ISL, 57, 58
ISL, 57, 68
ISL, 58, 59
ISL, 58, 69
ISL, 59, 48
ISL, 59, 70
ISL, 60, 61
ISL, 60, 83
ISL, 61, 62
ISL, 61, 72
ISL, 62, 63
ISL, 62, 73
ISL, 63, 64
ISL, 63, 73
ISL, 64, 65
ISL, 64, 75
ISL, 65, 66
ISL, 65, 76
ISL, 66, 67
ISL, 66, 77
ISL, 67, 68
ISL, 67, 78
ISL, 68, 69
ISL, 68, 79
ISL, 69, 70
ISL, 69, 79
ISL, 70, 71
ISL, 70, 81
ISL, 71, 60
ISL, 71, 82
ISL, 72, 73
ISL, 72, 95
ISL, 73, 74
ISL, 73, 84
ISL, 74, 75
ISL, 74, 85
ISL, 75, 76
ISL, 75, 85
ISL, 76, 77
ISL, 76, 87
ISL, 77, 78
ISL, 77, 88
ISL, 78, 79
ISL, 78, 89
ISL, 79, 80
ISL, 79, 90
ISL, 80, 81
ISL, 80, 91
ISL, 81, 82
ISL, 81, 91
ISL, 82, 83
ISL, 82, 93
ISL, 83, 72
ISL, 83, 94
ISL, 84, 85
ISL, 84, 2
ISL, 85, 86
ISL, 85, 3
ISL, 86, 87
ISL, 86, 4
ISL, 87, 88
ISL, 87, 5
ISL, 88, 89
ISL, 88, 6
ISL, 89, 90
ISL, 89, 7
ISL, 90, 91
ISL, 90, 8
ISL, 91, 92
ISL, 91, 9
ISL, 92, 93
ISL, 92, 10
ISL, 93, 94
ISL, 93, 11
ISL, 94, 95
ISL, 94, 0
ISL, 95, 84
ISL, 95, 1
