[METADATA]
Time: 2026-04-12 03:03:43
Step: 39
Total_Sats: 96

[NODES]
ID, Name, Lat(deg), Lon(deg), Alt(km)
0, W-00-00, 36.19946, 146.96947, 500.284
1, W-00-01, 51.38951, -176.58863, 505.880
2, W-00-02, 49.81178, -128.70884, 505.302
3, W-00-03, 32.86097, -95.19649, 499.124
4, W-00-04, 10.06673, -73.90601, 493.511
5, W-00-05, -13.92779, -55.56348, 494.093
6, W-00-06, -36.19946, -33.03053, 500.284
7, W-00-07, -51.38951, 3.41137, 505.880
8, W-00-08, -49.81178, 51.29116, 505.302
9, W-00-09, -32.86097, 84.80351, 499.124
10, W-00-10, -10.06673, 106.09399, 493.511
11, W-00-11, 13.92779, 124.43652, 494.093
12, W-01-00, 43.20096, -156.57649, 502.842
13, W-01-01, 53.15121, -113.45066, 506.518
14, W-01-02, 44.65515, -68.99051, 503.384
15, W-01-03, 24.65981, -41.37516, 496.561
16, W-01-04, 1.05679, -22.05768, 492.870
17, W-01-05, -22.66736, -3.04056, 496.018
18, W-01-06, -43.20096, 23.42351, 502.842
19, W-01-07, -53.15121, 66.54934, 506.518
20, W-01-08, -44.65515, 111.00949, 503.384
21, W-01-09, -24.65981, 138.62484, 496.561
22, W-01-10, -1.05679, 157.94232, 492.870
23, W-01-11, 22.66736, 176.95944, 496.018
24, W-02-00, 48.78115, -97.52079, 504.921
25, W-02-01, 52.04744, -50.03870, 506.119
26, W-02-02, 37.93413, -11.97745, 500.905
27, W-02-03, 15.99687, 11.33642, 494.475
28, W-02-04, -7.96877, 29.75126, 493.271
29, W-02-05, -30.99835, 50.47368, 498.502
30, W-02-06, -48.78115, 82.47921, 504.921
31, W-02-07, -52.04744, 129.96130, 506.119
32, W-02-08, -37.93413, 168.02255, 500.905
33, W-02-09, -15.99687, -168.66358, 494.475
34, W-02-10, 7.96877, -150.24874, 493.271
35, W-02-11, 30.99835, -129.52632, 498.502
36, W-03-00, 52.28367, -35.71596, 506.205
37, W-03-01, 48.30732, 11.51558, 504.745
38, W-03-02, 30.19406, 42.90071, 498.240
39, W-03-03, 7.07343, 63.40199, 493.185
40, W-03-04, -16.87370, 81.86315, 494.652
41, W-03-05, -38.65639, 105.53415, 501.167
42, W-03-06, -52.28367, 144.28404, 506.205
43, W-03-07, -48.30732, -168.48442, 504.745
44, W-03-08, -30.19406, -137.09929, 498.240
45, W-03-09, -7.07343, -116.59801, 493.185
46, W-03-10, 16.87370, -98.13685, 494.652
47, W-03-11, 38.65639, -74.46585, 501.167
48, W-04-00, 53.10272, 27.77554, 506.500
49, W-04-01, 42.55801, 70.29215, 502.603
50, W-04-02, 21.81217, 96.29351, 495.795
51, W-04-03, -1.95656, 115.19978, 492.888
52, W-04-04, -25.50078, 134.66261, 496.801
53, W-04-05, -45.24904, 162.79563, 503.606
54, W-04-06, -53.10272, -152.22446, 506.500
55, W-04-07, -42.55801, -109.70785, 502.603
56, W-04-08, -21.81217, -83.70649, 495.795
57, W-04-09, 1.95656, -64.80022, 492.888
58, W-04-10, 25.50078, -45.33739, 496.801
59, W-04-11, 45.24904, -17.20437, 503.606
60, W-05-00, 51.06686, 90.76215, 505.762
61, W-05-01, 35.44557, 126.51901, 500.017
62, W-05-02, 13.04307, 148.74340, 493.944
63, W-05-03, -10.95757, 167.07057, 493.630
64, W-05-04, -33.64201, -171.37569, 499.390
65, W-05-05, -50.21388, -137.20315, 505.450
66, W-05-06, -51.06686, -89.23785, 505.762
67, W-05-07, -35.44557, -53.48099, 500.017
68, W-05-08, -13.04307, -31.25660, 493.944
69, W-05-09, 10.95757, -12.92943, 493.630
70, W-05-10, 33.64201, 8.62431, 499.390
71, W-05-11, 50.21388, 42.79685, 505.450
72, W-06-00, 46.57978, 151.42134, 504.103
73, W-06-01, 27.45685, -179.16608, 497.381
74, W-06-02, 4.06843, -159.31947, 492.970
75, W-06-03, -19.78915, -140.63458, 495.297
76, W-06-04, -40.99642, -115.65615, 502.025
77, W-06-05, -52.87581, -74.64425, 506.419
78, W-06-06, -46.57978, -28.57866, 504.103
79, W-06-07, -27.45685, 0.83392, 497.381
80, W-06-08, -4.06843, 20.68053, 492.970
81, W-06-09, 19.78915, 39.36542, 495.297
82, W-06-10, 40.99642, 64.34385, 502.025
83, W-06-11, 52.87581, 105.35575, 506.419
84, W-07-00, 40.31092, -150.71131, 501.772
85, W-07-01, 18.92210, -126.14164, 495.096
86, W-07-02, -4.96673, -107.53474, 493.022
87, W-07-03, -28.28097, -87.50616, 497.634
88, W-07-04, -47.11747, -57.52221, 504.303
89, W-07-05, -52.73162, -11.05832, 506.367
90, W-07-06, -40.31092, 29.28869, 501.772
91, W-07-07, -18.92210, 53.85836, 495.096
92, W-07-08, 4.96673, 72.46526, 493.022
93, W-07-09, 28.28097, 92.49384, 497.634
94, W-07-10, 47.11747, 122.47779, 504.303
95, W-07-11, 52.73162, 168.94168, 506.367

[LINKS]
Type, SourceID, TargetID
ISL, 0, 1
ISL, 0, 23
ISL, 1, 2
ISL, 1, 12
ISL, 2, 3
ISL, 2, 13
ISL, 3, 4
ISL, 3, 14
ISL, 4, 5
ISL, 4, 15
ISL, 5, 6
ISL, 5, 15
ISL, 6, 7
ISL, 6, 17
ISL, 7, 8
ISL, 7, 18
ISL, 8, 9
ISL, 8, 19
ISL, 9, 10
ISL, 9, 20
ISL, 10, 11
ISL, 10, 21
ISL, 11, 0
ISL, 11, 21
ISL, 12, 13
ISL, 12, 35
ISL, 13, 14
ISL, 13, 24
ISL, 14, 15
ISL, 14, 25
ISL, 15, 16
ISL, 15, 26
ISL, 16, 17
ISL, 16, 27
ISL, 17, 18
ISL, 17, 28
ISL, 18, 19
ISL, 18, 29
ISL, 19, 20
ISL, 19, 30
ISL, 20, 21
ISL, 20, 31
ISL, 21, 22
ISL, 21, 32
ISL, 22, 23
ISL, 22, 33
ISL, 23, 12
ISL, 23, 34
ISL, 24, 25
ISL, 24, 47
ISL, 25, 26
ISL, 25, 36
ISL, 26, 27
ISL, 26, 37
ISL, 27, 28
ISL, 27, 38
ISL, 28, 29
ISL, 28, 39
ISL, 29, 30
ISL, 29, 40
ISL, 30, 31
ISL, 30, 41
ISL, 31, 32
ISL, 31, 42
ISL, 32, 33
ISL, 32, 43
ISL, 33, 34
ISL, 33, 44
ISL, 34, 35
ISL, 34, 45
ISL, 35, 24
ISL, 35, 46
ISL, 36, 37
ISL, 36, 59
ISL, 37, 38
ISL, 37, 48
ISL, 38, 39
ISL, 38, 49
ISL, 39, 40
ISL, 39, 50
ISL, 40, 41
ISL, 40, 50
ISL, 41, 42
ISL, 41, 52
ISL, 42, 43
ISL, 42, 53
ISL, 43, 44
ISL, 43, 54
ISL, 44, 45
ISL, 44, 55
ISL, 45, 46
ISL, 45, 56
ISL, 46, 47
ISL, 46, 56
ISL, 47, 36
ISL, 47, 58
ISL, 48, 49
ISL, 48, 71
ISL, 49, 50
ISL, 49, 60
ISL, 50, 51
ISL, 50, 61
ISL, 51, 52
ISL, 51, 62
ISL, 52, 53
ISL, 52, 63
ISL, 53, 54
ISL, 53, 64
ISL, 54, 55
ISL, 54, 65
ISL, 55, 56
ISL, 55, 66
ISL, 56, 57
ISL, 56, 67
ISL, 57, 58
ISL, 57, 68
ISL, 58, 59
ISL, 58, 69
ISL, 59, 48
ISL, 59, 70
ISL, 60, 61
ISL, 60, 83
ISL, 61, 62
ISL, 61, 72
ISL, 62, 63
ISL, 62, 73
ISL, 63, 64
ISL, 63, 73
ISL, 64, 65
ISL, 64, 75
ISL, 65, 66
ISL, 65, 76
ISL, 66, 67
ISL, 66, 77
ISL, 67, 68
ISL, 67, 78
ISL, 68, 69
ISL, 68, 79
ISL, 69, 70
ISL, 69, 79
ISL, 70, 71
ISL, 70, 81
ISL, 71, 60
ISL, 71, 82
ISL, 72, 73
ISL, 72, 95
ISL, 73, 74
ISL, 73, 84
ISL, 74, 75
ISL, 74, 85
ISL, 75, 76
ISL, 75, 85
ISL, 76, 77
ISL, 76, 87
ISL, 77, 78
ISL, 77, 88
ISL, 78, 79
ISL, 78, 89
ISL, 79, 80
ISL, 79, 90
ISL, 80, 81
ISL, 80, 91
ISL, 81, 82
ISL, 81, 91
ISL, 82, 83
ISL, 82, 93
ISL, 83, 72
ISL, 83, 94
ISL, 84, 85
ISL, 84, 2
ISL, 85, 86
ISL, 85, 3
ISL, 86, 87
ISL, 86, 4
ISL, 87, 88
ISL, 87, 5
ISL, 88, 89
ISL, 88, 6
ISL, 89, 90
ISL, 89, 7
ISL, 90, 91
ISL, 90, 8
ISL, 91, 92
ISL, 91, 9
ISL, 92, 93
ISL, 92, 10
ISL, 93, 94
ISL, 93, 11
ISL, 94, 95
ISL, 94, 0
ISL, 95, 84
ISL, 95, 1
