[METADATA]
Time: 2026-04-12 02:44:43
Step: 1
Total_Sats: 96

[NODES]
ID, Name, Lat(deg), Lon(deg), Alt(km)
0, W-00-00, -19.81604, 102.84165, 495.303
1, W-00-01, 4.04051, 121.52911, 492.968
2, W-00-02, 27.43116, 141.37025, 497.373
3, W-00-03, 46.56279, 170.76534, 504.096
4, W-00-04, 52.87984, -143.18210, 506.420
5, W-00-05, 41.01753, -102.14974, 502.032
6, W-00-06, 19.81604, -77.15835, 495.303
7, W-00-07, -4.04051, -58.47089, 492.968
8, W-00-08, -27.43116, -38.62975, 497.373
9, W-00-09, -46.56279, -9.23466, 504.096
10, W-00-10, -52.87984, 36.81790, 506.420
11, W-00-11, -41.01753, 77.85026, 502.032
12, W-01-00, -10.98522, 155.13840, 493.634
13, W-01-01, 13.01555, 173.46524, 493.940
14, W-01-02, 35.42201, -164.31973, 500.009
15, W-01-03, 51.05644, -128.58408, 505.759
16, W-01-04, 50.22601, -80.61693, 505.454
17, W-01-05, 33.66615, -46.42372, 499.399
18, W-01-06, 10.98522, -24.86160, 493.634
19, W-01-07, -13.01555, -6.53476, 493.940
20, W-01-08, -35.42201, 15.68027, 500.009
21, W-01-09, -51.05644, 51.41592, 505.759
22, W-01-10, -50.22601, 99.38307, 505.454
23, W-01-11, -33.66615, 133.57628, 499.399
24, W-02-00, -1.98451, -152.99006, 492.888
25, W-02-01, 21.78554, -134.08706, 495.788
26, W-02-02, 42.53782, -108.09983, 502.596
27, W-02-03, 53.10075, -65.60247, 506.500
28, W-02-04, 45.26724, -20.60694, 503.613
29, W-02-05, 25.52683, 7.54243, 496.809
30, W-02-06, 1.98451, 27.00994, 492.888
31, W-02-07, -21.78554, 45.91294, 495.788
32, W-02-08, -42.53782, 71.90017, 502.596
33, W-02-09, -53.10075, 114.39753, 506.500
34, W-02-10, -45.26724, 159.39306, 503.613
35, W-02-11, -25.52683, -172.45757, 496.809
36, W-03-00, 7.04559, -101.19255, 493.182
37, W-03-01, 30.16897, -80.69796, 498.232
38, W-03-02, 48.29227, -49.33188, 504.740
39, W-03-03, 52.29058, -2.10888, 506.208
40, W-03-04, 38.67866, 36.66236, 501.175
41, W-03-05, 16.90090, 60.34470, 494.657
42, W-03-06, -7.04559, 78.80745, 493.182
43, W-03-07, -30.16897, 99.30204, 498.232
44, W-03-08, -48.29227, 130.66812, 504.740
45, W-03-09, -52.29058, 177.89112, 506.208
46, W-03-10, -38.67866, -143.33764, 501.175
47, W-03-11, -16.90090, -119.65530, 494.657
48, W-04-00, 15.96959, -49.12837, 494.470
49, W-04-01, 37.91153, -25.82536, 500.897
50, W-04-02, 52.03968, 12.21447, 506.117
51, W-04-03, 48.79555, 59.70358, 504.926
52, W-04-04, 31.02324, 91.72860, 498.510
53, W-04-05, 7.99657, 112.45808, 493.274
54, W-04-06, -15.96959, 130.87163, 494.470
55, W-04-07, -37.91153, 154.17464, 500.897
56, W-04-08, -52.03968, -167.78553, 506.117
57, W-04-09, -48.79555, -120.29642, 504.926
58, W-04-10, -31.02324, -88.27140, 498.510
59, W-04-11, -7.99657, -67.54192, 493.274
60, W-05-00, 24.63361, 3.58055, 496.554
61, W-05-01, 44.63645, 31.18009, 503.377
62, W-05-02, 53.15225, 75.62359, 506.518
63, W-05-03, 43.22072, 118.76799, 502.850
64, W-05-04, 22.69386, 145.24670, 496.025
65, W-05-05, -1.02884, 164.26742, 492.870
66, W-05-06, -24.63361, -176.41945, 496.554
67, W-05-07, -44.63645, -148.81991, 503.377
68, W-05-08, -53.15225, -104.37641, 506.518
69, W-05-09, -43.22072, -61.23201, 502.850
70, W-05-10, -22.69386, -34.75330, 496.025
71, W-05-11, 1.02884, -15.73258, 492.870
72, W-06-00, 32.83658, 57.39762, 499.116
73, W-06-01, 49.79893, 90.88963, 505.297
74, W-06-02, 51.39913, 138.76594, 505.884
75, W-06-03, 36.22274, 175.22919, 500.292
76, W-06-04, 13.95524, -162.22804, 494.097
77, W-06-05, -10.03903, -143.88489, 493.508
78, W-06-06, -32.83658, -122.60238, 499.116
79, W-06-07, -49.79893, -89.11037, 505.297
80, W-06-08, -51.39913, -41.23406, 505.884
81, W-06-09, -36.22274, -4.77081, 500.292
82, W-06-10, -13.95524, 17.77196, 494.097
83, W-06-11, 10.03903, 36.11511, 493.508
84, W-07-00, 40.28944, 112.90619, 501.764
85, W-07-01, 52.72669, 153.23236, 506.365
86, W-07-02, 47.13388, -160.29203, 504.309
87, W-07-03, 28.30649, -130.29009, 497.642
88, W-07-04, 4.99463, -110.25567, 493.024
89, W-07-05, -18.89511, -91.65104, 495.090
90, W-07-06, -40.28944, -67.09381, 501.764
91, W-07-07, -52.72669, -26.76764, 506.365
92, W-07-08, -47.13388, 19.70797, 504.309
93, W-07-09, -28.30649, 49.70991, 497.642
94, W-07-10, -4.99463, 69.74433, 493.024
95, W-07-11, 18.89511, 88.34896, 495.090

[LINKS]
Type, SourceID, TargetID
ISL, 0, 1
ISL, 0, 23
ISL, 1, 2
ISL, 1, 12
ISL, 2, 3
ISL, 2, 13
ISL, 3, 4
ISL, 3, 14
ISL, 4, 5
ISL, 4, 15
ISL, 5, 6
ISL, 5, 15
ISL, 6, 7
ISL, 6, 17
ISL, 7, 8
ISL, 7, 18
ISL, 8, 9
ISL, 8, 19
ISL, 9, 10
ISL, 9, 20
ISL, 10, 11
ISL, 10, 21
ISL, 11, 0
ISL, 11, 21
ISL, 12, 13
ISL, 12, 35
ISL, 13, 14
ISL, 13, 24
ISL, 14, 15
ISL, 14, 25
ISL, 15, 16
ISL, 15, 26
ISL, 16, 17
ISL, 16, 27
ISL, 17, 18
ISL, 17, 28
ISL, 18, 19
ISL, 18, 29
ISL, 19, 20
ISL, 19, 30
ISL, 20, 21
ISL, 20, 31
ISL, 21, 22
ISL, 21, 32
ISL, 22, 23
ISL, 22, 33
ISL, 23, 12
ISL, 23, 34
ISL, 24, 25
ISL, 24, 47
ISL, 25, 26
ISL, 25, 36
ISL, 26, 27
ISL, 26, 37
ISL, 27, 28
ISL, 27, 38
ISL, 28, 29
ISL, 28, 39
ISL, 29, 30
ISL, 29, 40
ISL, 30, 31
ISL, 30, 41
ISL, 31, 32
ISL, 31, 42
ISL, 32, 33
ISL, 32, 43
ISL, 33, 34
ISL, 33, 44
ISL, 34, 35
ISL, 34, 45
ISL, 35, 24
ISL, 35, 46
ISL, 36, 37
ISL, 36, 59
ISL, 37, 38
ISL, 37, 48
ISL, 38, 39
ISL, 38, 49
ISL, 39, 40
ISL, 39, 50
ISL, 40, 41
ISL, 40, 50
ISL, 41, 42
ISL, 41, 52
ISL, 42, 43
ISL, 42, 53
ISL, 43, 44
ISL, 43, 54
ISL, 44, 45
ISL, 44, 55
ISL, 45, 46
ISL, 45, 56
ISL, 46, 47
ISL, 46, 56
ISL, 47, 36
ISL, 47, 58
ISL, 48, 49
ISL, 48, 71
ISL, 49, 50
ISL, 49, 60
ISL, 50, 51
ISL, 50, 61
ISL, 51, 52
ISL, 51, 62
ISL, 52, 53
ISL, 52, 63
ISL, 53, 54
ISL, 53, 64
ISL, 54, 55
ISL, 54, 65
ISL, 55, 56
ISL, 55, 66
ISL, 56, 57
ISL, 56, 67
ISL, 57, 58
ISL, 57, 68
ISL, 58, 59
ISL, 58, 69
ISL, 59, 48
ISL, 59, 70
ISL, 60, 61
ISL, 60, 83
ISL, 61, 62
ISL, 61, 72
ISL, 62, 63
ISL, 62, 73
ISL, 63, 64
ISL, 63, 73
ISL, 64, 65
ISL, 64, 75
ISL, 65, 66
ISL, 65, 76
ISL, 66, 67
ISL, 66, 77
ISL, 67, 68
ISL, 67, 78
ISL, 68, 69
ISL, 68, 79
ISL, 69, 70
ISL, 69, 79
ISL, 70, 71
ISL, 70, 81
ISL, 71, 60
ISL, 71, 82
ISL, 72, 73
ISL, 72, 95
ISL, 73, 74
ISL, 73, 84
ISL, 74, 75
ISL, 74, 85
ISL, 75, 76
ISL, 75, 85
ISL, 76, 77
ISL, 76, 87
ISL, 77, 78
ISL, 77, 88
ISL, 78, 79
ISL, 78, 89
ISL, 79, 80
ISL, 79, 90
ISL, 80, 81
ISL, 80, 91
ISL, 81, 82
ISL, 81, 91
ISL, 82, 83
ISL, 82, 93
ISL, 83, 72
ISL, 83, 94
ISL, 84, 85
ISL, 84, 2
ISL, 85, 86
ISL, 85, 3
ISL, 86, 87
ISL, 86, 4
ISL, 87, 88
ISL, 87, 5
ISL, 88, 89
ISL, 88, 6
ISL, 89, 90
ISL, 89, 7
ISL, 90, 91
ISL, 90, 8
ISL, 91, 92
ISL, 91, 9
ISL, 92, 93
ISL, 92, 10
ISL, 93, 94
ISL, 93, 11
ISL, 94, 95
ISL, 94, 0
ISL, 95, 84
ISL, 95, 1
