[METADATA]
Time: 2026-04-12 03:57:13
Step: 146
Total_Sats: 96

[NODES]
ID, Name, Lat(deg), Lon(deg), Alt(km)
0, W-00-00, -49.33519, -19.01694, 505.126
1, W-00-01, -51.72093, 28.70725, 506.001
2, W-00-02, -37.03294, 65.92035, 500.581
3, W-00-03, -14.91582, 88.81562, 494.269
4, W-00-04, 9.06747, 107.18626, 493.390
5, W-00-05, 31.97776, 128.19728, 498.827
6, W-00-06, 49.33519, 160.98306, 505.126
7, W-00-07, 51.72093, -151.29275, 506.001
8, W-00-08, 37.03294, -114.07965, 500.581
9, W-00-09, 14.91582, -91.18438, 494.269
10, W-00-10, -9.06747, -72.81374, 493.390
11, W-00-11, -31.97776, -51.80272, 498.827
12, W-01-00, -52.53699, 43.08135, 506.297
13, W-01-01, -47.69783, 89.94161, 504.519
14, W-01-02, -29.19709, 120.58344, 497.921
15, W-01-03, -5.97168, 140.82933, 493.093
16, W-01-04, 17.94756, 159.36025, 494.879
17, W-01-05, 39.52969, -176.50912, 501.485
18, W-01-06, 52.53699, -136.91865, 506.297
19, W-01-07, 47.69783, -90.05839, 504.519
20, W-01-08, 29.19709, -59.41656, 497.921
21, W-01-09, 5.97168, -39.17067, 493.093
22, W-01-10, -17.94756, -20.63975, 494.879
23, W-01-11, -39.52969, 3.49088, 501.485
24, W-02-00, -53.00367, 106.63867, 506.465
25, W-02-01, -41.74963, 148.37931, 502.303
26, W-02-02, -20.75604, 173.83431, 495.530
27, W-02-03, 3.06192, -167.38200, 492.924
28, W-02-04, 26.52777, -147.72588, 497.102
29, W-02-05, 45.95691, -118.93436, 503.870
30, W-02-06, 53.00367, -73.36133, 506.465
31, W-02-07, 41.74963, -31.62069, 502.303
32, W-02-08, 20.75604, -6.16569, 495.530
33, W-02-09, -3.06192, 12.61800, 492.924
34, W-02-10, -26.52777, 32.27412, 497.102
35, W-02-11, -45.95691, 61.06564, 503.870
36, W-03-00, -50.63685, 169.41342, 505.605
37, W-03-01, -34.50741, -155.66391, 499.689
38, W-03-02, -11.95307, -133.79975, 493.773
39, W-03-03, 12.05009, -115.47889, 493.788
40, W-03-04, 34.59132, -93.58354, 499.719
41, W-03-05, 50.67654, -58.58712, 505.620
42, W-03-06, 50.63685, -10.58658, 505.605
43, W-03-07, 34.50741, 24.33609, 499.689
44, W-03-08, 11.95307, 46.20025, 493.773
45, W-03-09, -12.05009, 64.52111, 493.788
46, W-03-10, -34.59132, 86.41646, 499.719
47, W-03-11, -50.67654, 121.41288, 505.620
48, W-04-00, -45.89499, -130.26999, 503.847
49, W-04-01, -26.43677, -101.53800, 497.075
50, W-04-02, -2.96367, -81.89973, 492.920
51, W-04-03, 20.85016, -63.10574, 495.553
52, W-04-04, 41.82229, -37.60316, 502.330
53, W-04-05, 53.01423, 4.20756, 506.469
54, W-04-06, 45.89499, 49.73001, 503.847
55, W-04-07, 26.43677, 78.46200, 497.075
56, W-04-08, 2.96367, 98.10027, 492.920
57, W-04-09, -20.85016, 116.89426, 495.553
58, W-04-10, -41.82229, 142.39684, 502.330
59, W-04-11, -53.01423, -175.79244, 506.469
60, W-05-00, -39.45271, -72.72341, 501.457
61, W-05-01, -17.85226, -48.63459, 494.858
62, W-05-02, 6.06969, -30.11045, 493.100
63, W-05-03, 29.28609, -9.84258, 497.949
64, W-05-04, 47.75319, 20.86445, 504.539
65, W-05-05, 52.51615, 67.76047, 506.289
66, W-05-06, 39.45271, 107.27659, 501.457
67, W-05-07, 17.85226, 131.36541, 494.858
68, W-05-08, -6.06969, 149.88955, 493.100
69, W-05-09, -29.28609, 170.15742, 497.949
70, W-05-10, -47.75319, -159.13555, 504.539
71, W-05-11, -52.51615, -112.23953, 506.289
72, W-06-00, -31.89110, -17.45095, 498.798
73, W-06-01, -8.96987, 3.53364, 493.379
74, W-06-02, 15.01207, 21.90765, 494.287
75, W-06-03, 37.11364, 44.83924, 500.610
76, W-06-04, 51.75155, 82.12773, 506.012
77, W-06-05, 49.28723, 129.83339, 505.108
78, W-06-06, 31.89110, 162.54905, 498.798
79, W-06-07, 8.96987, -176.46636, 493.379
80, W-06-08, -15.01207, -158.09235, 494.287
81, W-06-09, -37.11364, -135.16076, 500.610
82, W-06-10, -51.75155, -97.87227, 506.012
83, W-06-11, -49.28723, -50.16661, 505.108
84, W-07-00, -23.62015, 36.20581, 496.273
85, W-07-01, 0.04916, 55.35904, 492.863
86, W-07-02, 23.71285, 74.52623, 496.299
87, W-07-03, 43.97196, 101.58141, 503.130
88, W-07-04, 53.17116, 145.42387, 506.525
89, W-07-05, 43.90430, -170.79581, 503.104
90, W-07-06, 23.62015, -143.79419, 496.273
91, W-07-07, -0.04916, -124.64096, 492.863
92, W-07-08, -23.71285, -105.47377, 496.299
93, W-07-09, -43.97196, -78.41859, 503.130
94, W-07-10, -53.17116, -34.57613, 506.525
95, W-07-11, -43.90430, 9.20419, 503.104

[LINKS]
Type, SourceID, TargetID
ISL, 0, 1
ISL, 0, 23
ISL, 1, 2
ISL, 1, 12
ISL, 2, 3
ISL, 2, 13
ISL, 3, 4
ISL, 3, 14
ISL, 4, 5
ISL, 4, 15
ISL, 5, 6
ISL, 5, 15
ISL, 6, 7
ISL, 6, 17
ISL, 7, 8
ISL, 7, 18
ISL, 8, 9
ISL, 8, 19
ISL, 9, 10
ISL, 9, 20
ISL, 10, 11
ISL, 10, 21
ISL, 11, 0
ISL, 11, 21
ISL, 12, 13
ISL, 12, 35
ISL, 13, 14
ISL, 13, 24
ISL, 14, 15
ISL, 14, 25
ISL, 15, 16
ISL, 15, 26
ISL, 16, 17
ISL, 16, 27
ISL, 17, 18
ISL, 17, 28
ISL, 18, 19
ISL, 18, 29
ISL, 19, 20
ISL, 19, 30
ISL, 20, 21
ISL, 20, 31
ISL, 21, 22
ISL, 21, 32
ISL, 22, 23
ISL, 22, 33
ISL, 23, 12
ISL, 23, 34
ISL, 24, 25
ISL, 24, 47
ISL, 25, 26
ISL, 25, 36
ISL, 26, 27
ISL, 26, 37
ISL, 27, 28
ISL, 27, 38
ISL, 28, 29
ISL, 28, 39
ISL, 29, 30
ISL, 29, 40
ISL, 30, 31
ISL, 30, 41
ISL, 31, 32
ISL, 31, 42
ISL, 32, 33
ISL, 32, 43
ISL, 33, 34
ISL, 33, 44
ISL, 34, 35
ISL, 34, 45
ISL, 35, 24
ISL, 35, 46
ISL, 36, 37
ISL, 36, 59
ISL, 37, 38
ISL, 37, 48
ISL, 38, 39
ISL, 38, 49
ISL, 39, 40
ISL, 39, 50
ISL, 40, 41
ISL, 40, 50
ISL, 41, 42
ISL, 41, 52
ISL, 42, 43
ISL, 42, 53
ISL, 43, 44
ISL, 43, 54
ISL, 44, 45
ISL, 44, 55
ISL, 45, 46
ISL, 45, 56
ISL, 46, 47
ISL, 46, 56
ISL, 47, 36
ISL, 47, 58
ISL, 48, 49
ISL, 48, 71
ISL, 49, 50
ISL, 49, 60
ISL, 50, 51
ISL, 50, 61
ISL, 51, 52
ISL, 51, 62
ISL, 52, 53
ISL, 52, 63
ISL, 53, 54
ISL, 53, 64
ISL, 54, 55
ISL, 54, 65
ISL, 55, 56
ISL, 55, 66
ISL, 56, 57
ISL, 56, 67
ISL, 57, 58
ISL, 57, 68
ISL, 58, 59
ISL, 58, 69
ISL, 59, 48
ISL, 59, 70
ISL, 60, 61
ISL, 60, 83
ISL, 61, 62
ISL, 61, 72
ISL, 62, 63
ISL, 62, 73
ISL, 63, 64
ISL, 63, 73
ISL, 64, 65
ISL, 64, 75
ISL, 65, 66
ISL, 65, 76
ISL, 66, 67
ISL, 66, 77
ISL, 67, 68
ISL, 67, 78
ISL, 68, 69
ISL, 68, 79
ISL, 69, 70
ISL, 69, 79
ISL, 70, 71
ISL, 70, 81
ISL, 71, 60
ISL, 71, 82
ISL, 72, 73
ISL, 72, 95
ISL, 73, 74
ISL, 73, 84
ISL, 74, 75
ISL, 74, 85
ISL, 75, 76
ISL, 75, 85
ISL, 76, 77
ISL, 76, 87
ISL, 77, 78
ISL, 77, 88
ISL, 78, 79
ISL, 78, 89
ISL, 79, 80
ISL, 79, 90
ISL, 80, 81
ISL, 80, 91
ISL, 81, 82
ISL, 81, 91
ISL, 82, 83
ISL, 82, 93
ISL, 83, 72
ISL, 83, 94
ISL, 84, 85
ISL, 84, 2
ISL, 85, 86
ISL, 85, 3
ISL, 86, 87
ISL, 86, 4
ISL, 87, 88
ISL, 87, 5
ISL, 88, 89
ISL, 88, 6
ISL, 89, 90
ISL, 89, 7
ISL, 90, 91
ISL, 90, 8
ISL, 91, 92
ISL, 91, 9
ISL, 92, 93
ISL, 92, 10
ISL, 93, 94
ISL, 93, 11
ISL, 94, 95
ISL, 94, 0
ISL, 95, 84
ISL, 95, 1
