[METADATA]
Time: 2026-04-12 02:57:43
Step: 27
Total_Sats: 96

[NODES]
ID, Name, Lat(deg), Lon(deg), Alt(km)
0, W-00-00, 19.50720, 130.62247, 495.231
1, W-00-01, 40.77452, 155.46607, 501.943
2, W-00-02, 52.83195, -163.73722, 506.403
3, W-00-03, 46.75681, -117.53751, 504.169
4, W-00-04, 27.72578, -87.94059, 497.463
5, W-00-05, 4.36099, -68.03598, 492.986
6, W-00-06, -19.50720, -49.37753, 495.231
7, W-00-07, -40.77452, -24.53393, 501.943
8, W-00-08, -52.83195, 16.26278, 506.403
9, W-00-09, -46.75681, 62.46249, 504.169
10, W-00-10, -27.72578, 92.05941, 497.463
11, W-00-11, -4.36099, 111.96402, 492.986
12, W-01-00, 28.01324, -176.28352, 497.551
13, W-01-01, 46.94437, -146.48731, 504.238
14, W-01-02, 52.78165, -100.14864, 506.385
15, W-01-03, 40.53542, -59.58388, 501.855
16, W-01-04, 19.20476, -34.88285, 495.161
17, W-01-05, -4.67432, -16.25161, 493.004
18, W-01-06, -28.01324, 3.71648, 497.551
19, W-01-07, -46.94437, 33.51269, 504.238
20, W-01-08, -52.78165, 79.85136, 506.385
21, W-01-09, -40.53542, 120.41612, 501.855
22, W-01-10, -19.20476, 145.11715, 495.161
23, W-01-11, 4.67432, 163.74839, 493.004
24, W-02-00, 35.95496, -121.86091, 500.197
25, W-02-01, 51.28718, -85.64255, 505.843
26, W-02-02, 49.94518, -37.72935, 505.351
27, W-02-03, 33.11610, -4.00314, 499.211
28, W-02-04, 10.35696, 17.37163, 493.549
29, W-02-05, -13.63995, 35.70815, 494.043
30, W-02-06, -35.95496, 58.13909, 500.197
31, W-02-07, -51.28718, 94.35745, 505.843
32, W-02-08, -49.94518, 142.27065, 505.351
33, W-02-09, -33.11610, 175.99686, 499.211
34, W-02-10, -10.35696, -162.62837, 493.549
35, W-02-11, 13.63995, -144.29185, 494.043
36, W-03-00, 42.99312, -65.48157, 502.765
37, W-03-01, 53.13860, -22.55170, 506.513
38, W-03-02, 44.85024, 22.08114, 503.457
39, W-03-03, 24.93414, 49.86325, 496.639
40, W-03-04, 1.34978, 69.22690, 492.875
41, W-03-05, -22.38934, 88.20682, 495.945
42, W-03-06, -42.99312, 114.51843, 502.765
43, W-03-07, -53.13860, 157.44830, 506.513
44, W-03-08, -44.85024, -157.91886, 503.457
45, W-03-09, -24.93414, -130.13675, 496.639
46, W-03-10, -1.34978, -110.77310, 492.875
47, W-03-11, 22.38934, -91.79318, 495.945
48, W-04-00, 48.62910, -6.51703, 504.865
49, W-04-01, 52.12729, 40.88867, 506.148
50, W-04-02, 38.17041, 79.17443, 500.991
51, W-04-03, 16.28265, 102.60294, 494.532
52, W-04-04, -7.67737, 121.03184, 493.242
53, W-04-05, -30.73718, 141.68092, 498.417
54, W-04-06, -48.62910, 173.48297, 504.865
55, W-04-07, -52.12729, -139.11133, 506.148
56, W-04-08, -38.17041, -100.82557, 500.991
57, W-04-09, -16.28265, -77.39706, 494.532
58, W-04-10, 7.67737, -58.96816, 493.242
59, W-04-11, 30.73718, -38.31908, 498.417
60, W-05-00, 52.20969, 55.20729, 506.178
61, W-05-01, 48.46382, 102.52558, 504.803
62, W-05-02, 30.45664, 134.11123, 498.325
63, W-05-03, 7.36507, 154.68318, 493.212
64, W-05-04, -16.58850, 173.12823, 494.593
65, W-05-05, -38.42234, -163.31870, 501.082
66, W-05-06, -52.20969, -124.79271, 506.178
67, W-05-07, -48.46382, -77.47442, 504.803
68, W-05-08, -30.45664, -45.88877, 498.325
69, W-05-09, -7.36507, -25.31682, 493.212
70, W-05-10, 16.58850, -6.87177, 494.593
71, W-05-11, 38.42234, 16.68130, 501.082
72, W-06-00, 53.12168, 118.67541, 506.507
73, W-06-01, 42.76885, 161.39275, 502.681
74, W-06-02, 22.09105, -172.45703, 495.867
75, W-06-03, -1.66362, -153.51577, 492.881
76, W-06-04, -25.22747, -134.10143, 496.723
77, W-06-05, -45.05740, -106.13875, 503.535
78, W-06-06, -53.12168, -61.32459, 506.507
79, W-06-07, -42.76885, -18.60725, 502.681
80, W-06-08, -22.09105, 7.54297, 495.867
81, W-06-09, 1.66362, 26.48423, 492.881
82, W-06-10, 25.22747, 45.89857, 496.723
83, W-06-11, 45.05740, 73.86125, 503.535
84, W-07-00, 51.17463, -178.28654, 505.802
85, W-07-01, 35.69200, -142.30715, 500.104
86, W-07-02, 13.33136, -119.98383, 493.992
87, W-07-03, -10.66769, -101.65267, 493.590
88, W-07-04, -33.38853, -80.18608, 499.304
89, W-07-05, -50.08544, -46.22958, 505.402
90, W-07-06, -51.17463, 1.71346, 505.802
91, W-07-07, -35.69200, 37.69285, 500.104
92, W-07-08, -13.33136, 60.01617, 493.992
93, W-07-09, 10.66769, 78.34733, 493.590
94, W-07-10, 33.38853, 99.81392, 499.304
95, W-07-11, 50.08544, 133.77042, 505.402

[LINKS]
Type, SourceID, TargetID
ISL, 0, 1
ISL, 0, 23
ISL, 1, 2
ISL, 1, 12
ISL, 2, 3
ISL, 2, 13
ISL, 3, 4
ISL, 3, 14
ISL, 4, 5
ISL, 4, 15
ISL, 5, 6
ISL, 5, 15
ISL, 6, 7
ISL, 6, 17
ISL, 7, 8
ISL, 7, 18
ISL, 8, 9
ISL, 8, 19
ISL, 9, 10
ISL, 9, 20
ISL, 10, 11
ISL, 10, 21
ISL, 11, 0
ISL, 11, 21
ISL, 12, 13
ISL, 12, 35
ISL, 13, 14
ISL, 13, 24
ISL, 14, 15
ISL, 14, 25
ISL, 15, 16
ISL, 15, 26
ISL, 16, 17
ISL, 16, 27
ISL, 17, 18
ISL, 17, 28
ISL, 18, 19
ISL, 18, 29
ISL, 19, 20
ISL, 19, 30
ISL, 20, 21
ISL, 20, 31
ISL, 21, 22
ISL, 21, 32
ISL, 22, 23
ISL, 22, 33
ISL, 23, 12
ISL, 23, 34
ISL, 24, 25
ISL, 24, 47
ISL, 25, 26
ISL, 25, 36
ISL, 26, 27
ISL, 26, 37
ISL, 27, 28
ISL, 27, 38
ISL, 28, 29
ISL, 28, 39
ISL, 29, 30
ISL, 29, 40
ISL, 30, 31
ISL, 30, 41
ISL, 31, 32
ISL, 31, 42
ISL, 32, 33
ISL, 32, 43
ISL, 33, 34
ISL, 33, 44
ISL, 34, 35
ISL, 34, 45
ISL, 35, 24
ISL, 35, 46
ISL, 36, 37
ISL, 36, 59
ISL, 37, 38
ISL, 37, 48
ISL, 38, 39
ISL, 38, 49
ISL, 39, 40
ISL, 39, 50
ISL, 40, 41
ISL, 40, 50
ISL, 41, 42
ISL, 41, 52
ISL, 42, 43
ISL, 42, 53
ISL, 43, 44
ISL, 43, 54
ISL, 44, 45
ISL, 44, 55
ISL, 45, 46
ISL, 45, 56
ISL, 46, 47
ISL, 46, 56
ISL, 47, 36
ISL, 47, 58
ISL, 48, 49
ISL, 48, 71
ISL, 49, 50
ISL, 49, 60
ISL, 50, 51
ISL, 50, 61
ISL, 51, 52
ISL, 51, 62
ISL, 52, 53
ISL, 52, 63
ISL, 53, 54
ISL, 53, 64
ISL, 54, 55
ISL, 54, 65
ISL, 55, 56
ISL, 55, 66
ISL, 56, 57
ISL, 56, 67
ISL, 57, 58
ISL, 57, 68
ISL, 58, 59
ISL, 58, 69
ISL, 59, 48
ISL, 59, 70
ISL, 60, 61
ISL, 60, 83
ISL, 61, 62
ISL, 61, 72
ISL, 62, 63
ISL, 62, 73
ISL, 63, 64
ISL, 63, 73
ISL, 64, 65
ISL, 64, 75
ISL, 65, 66
ISL, 65, 76
ISL, 66, 67
ISL, 66, 77
ISL, 67, 68
ISL, 67, 78
ISL, 68, 69
ISL, 68, 79
ISL, 69, 70
ISL, 69, 79
ISL, 70, 71
ISL, 70, 81
ISL, 71, 60
ISL, 71, 82
ISL, 72, 73
ISL, 72, 95
ISL, 73, 74
ISL, 73, 84
ISL, 74, 75
ISL, 74, 85
ISL, 75, 76
ISL, 75, 85
ISL, 76, 77
ISL, 76, 87
ISL, 77, 78
ISL, 77, 88
ISL, 78, 79
ISL, 78, 89
ISL, 79, 80
ISL, 79, 90
ISL, 80, 81
ISL, 80, 91
ISL, 81, 82
ISL, 81, 91
ISL, 82, 83
ISL, 82, 93
ISL, 83, 72
ISL, 83, 94
ISL, 84, 85
ISL, 84, 2
ISL, 85, 86
ISL, 85, 3
ISL, 86, 87
ISL, 86, 4
ISL, 87, 88
ISL, 87, 5
ISL, 88, 89
ISL, 88, 6
ISL, 89, 90
ISL, 89, 7
ISL, 90, 91
ISL, 90, 8
ISL, 91, 92
ISL, 91, 9
ISL, 92, 93
ISL, 92, 10
ISL, 93, 94
ISL, 93, 11
ISL, 94, 95
ISL, 94, 0
ISL, 95, 84
ISL, 95, 1
