[METADATA]
Time: 2026-04-12 02:56:43
Step: 25
Total_Sats: 96

[NODES]
ID, Name, Lat(deg), Lon(deg), Alt(km)
0, W-00-00, 16.54093, 128.33915, 494.584
1, W-00-01, 38.38323, 151.87272, 501.068
2, W-00-02, 52.19709, -169.63865, 506.174
3, W-00-03, 48.48969, -122.30638, 504.813
4, W-00-04, 30.50034, -90.68717, 498.339
5, W-00-05, 7.41367, -70.10332, 493.216
6, W-00-06, -16.54093, -51.66085, 494.584
7, W-00-07, -38.38323, -28.12728, 501.068
8, W-00-08, -52.19709, 10.36135, 506.174
9, W-00-09, -48.48969, 57.69362, 504.813
10, W-00-10, -30.50034, 89.31283, 498.339
11, W-00-11, -7.41367, 109.89668, 493.216
12, W-01-00, 25.18187, -178.89532, 496.710
13, W-01-01, 45.02529, -150.96087, 503.523
14, W-01-02, 53.12454, -106.17466, 506.508
15, W-01-03, 42.80385, -63.42408, 502.694
16, W-01-04, 22.13748, -37.24888, 495.879
17, W-01-05, -1.61479, -18.30169, 492.880
18, W-01-06, -25.18187, 1.10468, 496.710
19, W-01-07, -45.02529, 29.03913, 503.523
20, W-01-08, -53.12454, 73.82534, 506.508
21, W-01-09, -42.80385, 116.57592, 502.694
22, W-01-10, -22.13748, 142.75112, 495.879
23, W-01-11, 1.61479, 161.69831, 492.880
24, W-02-00, 33.34620, -124.98763, 499.289
25, W-02-01, 50.06380, -91.06704, 505.395
26, W-02-02, 51.19234, -43.12824, 505.808
27, W-02-03, 35.73298, -7.11171, 500.119
28, W-02-04, 13.37939, 15.22825, 494.000
29, W-02-05, -10.61936, 33.56017, 493.584
30, W-02-06, -33.34620, 55.01237, 499.289
31, W-02-07, -50.06380, 88.93296, 505.395
32, W-02-08, -51.19234, 136.87176, 505.808
33, W-02-09, -35.73298, 172.88829, 500.119
34, W-02-10, -13.37939, -164.77175, 494.000
35, W-02-11, 10.61936, -146.43983, 493.584
36, W-03-00, 40.73742, -69.34665, 501.929
37, W-03-01, 52.82435, -28.58593, 506.400
38, W-03-02, 46.78613, 17.63573, 504.179
39, W-03-03, 27.77054, 47.26352, 497.477
40, W-03-04, 4.40974, 67.17792, 492.988
41, W-03-05, -19.46017, 85.83206, 495.220
42, W-03-06, -40.73742, 110.65335, 501.929
43, W-03-07, -52.82435, 151.41407, 506.400
44, W-03-08, -46.78613, -162.36427, 504.179
45, W-03-09, -27.77054, -132.73648, 497.477
46, W-03-10, -4.40974, -112.82208, 492.988
47, W-03-11, 19.46017, -94.16794, 495.220
48, W-04-00, 46.91533, -11.31453, 504.228
49, W-04-01, 52.78970, 35.00284, 506.388
50, W-04-02, 40.57271, 75.60378, 501.868
51, W-04-03, 19.25184, 100.32687, 495.172
52, W-04-04, -4.62557, 118.96227, 493.001
53, W-04-05, -27.96856, 138.92039, 497.538
54, W-04-06, -46.91533, 168.68547, 504.228
55, W-04-07, -52.78970, -144.99716, 506.388
56, W-04-08, -40.57271, -104.39622, 501.868
57, W-04-09, -19.25184, -79.67313, 495.172
58, W-04-10, 4.62557, -61.03773, 493.001
59, W-04-11, 27.96856, -41.07961, 497.538
60, W-05-00, 51.26987, 49.51537, 505.837
61, W-05-01, 49.96718, 97.43362, 505.359
62, W-05-02, 33.15854, 131.19558, 499.225
63, W-05-03, 10.40532, 152.58453, 493.555
64, W-05-04, -13.59196, 170.92014, 494.035
65, W-05-05, -35.91411, -166.66577, 500.183
66, W-05-06, -51.26987, -130.48463, 505.837
67, W-05-07, -49.96718, -82.56638, 505.359
68, W-05-08, -33.15854, -48.80442, 499.225
69, W-05-09, -10.40532, -27.41547, 493.555
70, W-05-10, 13.59196, -9.07986, 494.035
71, W-05-11, 35.91411, 13.33423, 500.183
72, W-06-00, 53.13620, 112.59817, 506.512
73, W-06-01, 44.88259, 157.25947, 503.469
74, W-06-02, 24.97981, -174.93046, 496.652
75, W-06-03, 1.39861, -155.55901, 492.876
76, W-06-04, -22.34296, -136.58519, 495.933
77, W-06-05, -42.95834, -110.29881, 502.752
78, W-06-06, -53.13620, -67.40183, 506.512
79, W-06-07, -44.88259, -22.74053, 503.469
80, W-06-08, -24.97981, 5.06954, 496.652
81, W-06-09, -1.39861, 24.44099, 492.876
82, W-06-10, 22.34296, 43.41481, 495.933
83, W-06-11, 42.95834, 69.70119, 502.752
84, W-07-00, 52.14032, 176.04304, 506.153
85, W-07-01, 38.20969, -145.63381, 501.005
86, W-07-02, 16.33026, -122.18604, 494.541
87, W-07-03, -7.62879, -103.75470, 493.237
88, W-07-04, -30.69359, -83.11772, 498.402
89, W-07-05, -48.60355, -51.34945, 504.855
90, W-07-06, -52.14032, -3.95696, 506.153
91, W-07-07, -38.20969, 34.36619, 501.005
92, W-07-08, -16.33026, 57.81396, 494.541
93, W-07-09, 7.62879, 76.24530, 493.237
94, W-07-10, 30.69359, 96.88228, 498.402
95, W-07-11, 48.60355, 128.65055, 504.855

[LINKS]
Type, SourceID, TargetID
ISL, 0, 1
ISL, 0, 23
ISL, 1, 2
ISL, 1, 12
ISL, 2, 3
ISL, 2, 13
ISL, 3, 4
ISL, 3, 14
ISL, 4, 5
ISL, 4, 15
ISL, 5, 6
ISL, 5, 15
ISL, 6, 7
ISL, 6, 17
ISL, 7, 8
ISL, 7, 18
ISL, 8, 9
ISL, 8, 19
ISL, 9, 10
ISL, 9, 20
ISL, 10, 11
ISL, 10, 21
ISL, 11, 0
ISL, 11, 21
ISL, 12, 13
ISL, 12, 35
ISL, 13, 14
ISL, 13, 24
ISL, 14, 15
ISL, 14, 25
ISL, 15, 16
ISL, 15, 26
ISL, 16, 17
ISL, 16, 27
ISL, 17, 18
ISL, 17, 28
ISL, 18, 19
ISL, 18, 29
ISL, 19, 20
ISL, 19, 30
ISL, 20, 21
ISL, 20, 31
ISL, 21, 22
ISL, 21, 32
ISL, 22, 23
ISL, 22, 33
ISL, 23, 12
ISL, 23, 34
ISL, 24, 25
ISL, 24, 47
ISL, 25, 26
ISL, 25, 36
ISL, 26, 27
ISL, 26, 37
ISL, 27, 28
ISL, 27, 38
ISL, 28, 29
ISL, 28, 39
ISL, 29, 30
ISL, 29, 40
ISL, 30, 31
ISL, 30, 41
ISL, 31, 32
ISL, 31, 42
ISL, 32, 33
ISL, 32, 43
ISL, 33, 34
ISL, 33, 44
ISL, 34, 35
ISL, 34, 45
ISL, 35, 24
ISL, 35, 46
ISL, 36, 37
ISL, 36, 59
ISL, 37, 38
ISL, 37, 48
ISL, 38, 39
ISL, 38, 49
ISL, 39, 40
ISL, 39, 50
ISL, 40, 41
ISL, 40, 50
ISL, 41, 42
ISL, 41, 52
ISL, 42, 43
ISL, 42, 53
ISL, 43, 44
ISL, 43, 54
ISL, 44, 45
ISL, 44, 55
ISL, 45, 46
ISL, 45, 56
ISL, 46, 47
ISL, 46, 56
ISL, 47, 36
ISL, 47, 58
ISL, 48, 49
ISL, 48, 71
ISL, 49, 50
ISL, 49, 60
ISL, 50, 51
ISL, 50, 61
ISL, 51, 52
ISL, 51, 62
ISL, 52, 53
ISL, 52, 63
ISL, 53, 54
ISL, 53, 64
ISL, 54, 55
ISL, 54, 65
ISL, 55, 56
ISL, 55, 66
ISL, 56, 57
ISL, 56, 67
ISL, 57, 58
ISL, 57, 68
ISL, 58, 59
ISL, 58, 69
ISL, 59, 48
ISL, 59, 70
ISL, 60, 61
ISL, 60, 83
ISL, 61, 62
ISL, 61, 72
ISL, 62, 63
ISL, 62, 73
ISL, 63, 64
ISL, 63, 73
ISL, 64, 65
ISL, 64, 75
ISL, 65, 66
ISL, 65, 76
ISL, 66, 67
ISL, 66, 77
ISL, 67, 68
ISL, 67, 78
ISL, 68, 69
ISL, 68, 79
ISL, 69, 70
ISL, 69, 79
ISL, 70, 71
ISL, 70, 81
ISL, 71, 60
ISL, 71, 82
ISL, 72, 73
ISL, 72, 95
ISL, 73, 74
ISL, 73, 84
ISL, 74, 75
ISL, 74, 85
ISL, 75, 76
ISL, 75, 85
ISL, 76, 77
ISL, 76, 87
ISL, 77, 78
ISL, 77, 88
ISL, 78, 79
ISL, 78, 89
ISL, 79, 80
ISL, 79, 90
ISL, 80, 81
ISL, 80, 91
ISL, 81, 82
ISL, 81, 91
ISL, 82, 83
ISL, 82, 93
ISL, 83, 72
ISL, 83, 94
ISL, 84, 85
ISL, 84, 2
ISL, 85, 86
ISL, 85, 3
ISL, 86, 87
ISL, 86, 4
ISL, 87, 88
ISL, 87, 5
ISL, 88, 89
ISL, 88, 6
ISL, 89, 90
ISL, 89, 7
ISL, 90, 91
ISL, 90, 8
ISL, 91, 92
ISL, 91, 9
ISL, 92, 93
ISL, 92, 10
ISL, 93, 94
ISL, 93, 11
ISL, 94, 95
ISL, 94, 0
ISL, 95, 84
ISL, 95, 1
