[METADATA]
Time: 2026-04-12 03:43:43
Step: 119
Total_Sats: 96

[NODES]
ID, Name, Lat(deg), Lon(deg), Alt(km)
0, W-00-00, -15.84055, -64.02570, 494.445
1, W-00-01, -37.80454, -40.77383, 500.858
2, W-00-02, -52.00261, -2.83536, 506.103
3, W-00-03, -48.86334, 44.68634, 504.951
4, W-00-04, -31.14081, 76.80367, 498.549
5, W-00-05, -8.12800, 97.56673, 493.287
6, W-00-06, 15.84055, 115.97430, 494.445
7, W-00-07, 37.80454, 139.22617, 500.858
8, W-00-08, 52.00261, 177.16464, 506.103
9, W-00-09, 48.86334, -135.31366, 504.951
10, W-00-10, 31.14081, -103.19633, 498.549
11, W-00-11, 8.12800, -82.43327, 493.287
12, W-01-00, -24.50966, -11.32928, 496.519
13, W-01-01, -44.54782, 16.19566, 503.344
14, W-01-02, -53.15681, 60.56005, 506.520
15, W-01-03, -43.31394, 103.79197, 502.884
16, W-01-04, -22.81914, 130.34010, 496.058
17, W-01-05, 0.89664, 149.37800, 492.868
18, W-01-06, 24.50966, 168.67072, 496.519
19, W-01-07, 44.54782, -163.80434, 503.344
20, W-01-08, 53.15681, -119.43995, 506.520
21, W-01-09, 43.31394, -76.20803, 502.884
22, W-01-10, 22.81914, -49.65990, 496.058
23, W-01-11, -0.89664, -30.62200, 492.868
24, W-02-00, -32.72119, 42.46768, 499.077
25, W-02-01, -49.73787, 75.86362, 505.274
26, W-02-02, -51.44431, 123.72287, 505.900
27, W-02-03, -36.33270, 160.28712, 500.331
28, W-02-04, -14.08502, -177.12353, 494.120
29, W-02-05, 9.90802, -158.77731, 493.491
30, W-02-06, 32.72119, -137.53232, 499.077
31, W-02-07, 49.73787, -104.13638, 505.274
32, W-02-08, 51.44431, -56.27713, 505.900
33, W-02-09, 36.33270, -19.71288, 500.331
34, W-02-10, 14.08502, 2.87647, 494.120
35, W-02-11, -9.90802, 21.22269, 493.491
36, W-03-00, -40.18770, 97.94678, 501.727
37, W-03-01, -52.70301, 138.17430, 506.357
38, W-03-02, -47.21127, -175.29523, 504.338
39, W-03-03, -28.42706, -145.20799, 497.679
40, W-03-04, -5.12653, -125.14583, 493.032
41, W-03-05, 18.76745, -106.55180, 495.061
42, W-03-06, 40.18770, -82.05322, 501.727
43, W-03-07, 52.70301, -41.82570, 506.357
44, W-03-08, 47.21127, 4.70477, 504.338
45, W-03-09, 28.42706, 34.79201, 497.679
46, W-03-10, 5.12653, 54.85417, 493.032
47, W-03-11, -18.76745, 73.44820, 495.061
48, W-04-00, -46.48222, 155.76719, 504.066
49, W-04-01, -52.89851, -158.24231, 506.427
50, W-04-02, -41.11717, -117.11337, 502.069
51, W-04-03, -19.94312, -92.06053, 495.334
52, W-04-04, 3.90849, -73.36075, 492.962
53, W-04-05, 27.30961, -53.54535, 497.336
54, W-04-06, 46.48222, -24.23281, 504.066
55, W-04-07, 52.89851, 21.75769, 506.427
56, W-04-08, 41.11717, 62.88663, 502.069
57, W-04-09, 19.94312, 87.93947, 495.334
58, W-04-10, -3.90849, 106.63925, 492.962
59, W-04-11, -27.30961, 126.45465, 497.336
60, W-05-00, -51.00685, -143.62292, 505.740
61, W-05-01, -50.28305, -95.64773, 505.475
62, W-05-02, -33.78022, -61.35668, 499.438
63, W-05-03, -11.11595, -39.75472, 493.652
64, W-05-04, 12.88540, -21.42932, 493.918
65, W-05-05, 35.31049, 0.74162, 499.970
66, W-05-06, 51.00685, 36.37708, 505.740
67, W-05-07, 50.28305, 84.35227, 505.475
68, W-05-08, 33.78022, 118.64332, 499.438
69, W-05-09, 11.11595, 140.24528, 493.652
70, W-05-10, -12.88540, 158.57068, 493.918
71, W-05-11, -35.31049, -179.25838, 499.970
72, W-06-00, -53.09107, -80.66527, 506.496
73, W-06-01, -45.35308, -35.59625, 503.645
74, W-06-02, -25.64996, -7.36938, 496.844
75, W-06-03, -2.11666, 12.12043, 492.892
76, W-06-04, 21.65957, 31.00802, 495.756
77, W-06-05, 42.44217, 56.92874, 502.560
78, W-06-06, 53.09107, 99.33473, 506.496
79, W-06-07, 45.35308, 144.40375, 503.645
80, W-06-08, 25.64996, 172.63062, 496.844
81, W-06-09, 2.11666, -167.87957, 492.892
82, W-06-10, -21.65957, -148.99198, 495.756
83, W-06-11, -42.44217, -123.07126, 502.560
84, W-07-00, -52.32290, -17.16204, 506.219
85, W-07-01, -38.78385, 21.71007, 501.213
86, W-07-02, -17.02948, 45.44620, 494.684
87, W-07-03, 6.91397, 63.91659, 493.170
88, W-07-04, 30.05026, 84.37977, 498.194
89, W-07-05, 48.22088, 115.65593, 504.713
90, W-07-06, 52.32290, 162.83796, 506.219
91, W-07-07, 38.78385, -158.28993, 501.213
92, W-07-08, 17.02948, -134.55380, 494.684
93, W-07-09, -6.91397, -116.08341, 493.170
94, W-07-10, -30.05026, -95.62023, 498.194
95, W-07-11, -48.22088, -64.34407, 504.713

[LINKS]
Type, SourceID, TargetID
ISL, 0, 1
ISL, 0, 23
ISL, 1, 2
ISL, 1, 12
ISL, 2, 3
ISL, 2, 13
ISL, 3, 4
ISL, 3, 14
ISL, 4, 5
ISL, 4, 15
ISL, 5, 6
ISL, 5, 15
ISL, 6, 7
ISL, 6, 17
ISL, 7, 8
ISL, 7, 18
ISL, 8, 9
ISL, 8, 19
ISL, 9, 10
ISL, 9, 20
ISL, 10, 11
ISL, 10, 21
ISL, 11, 0
ISL, 11, 21
ISL, 12, 13
ISL, 12, 35
ISL, 13, 14
ISL, 13, 24
ISL, 14, 15
ISL, 14, 25
ISL, 15, 16
ISL, 15, 26
ISL, 16, 17
ISL, 16, 27
ISL, 17, 18
ISL, 17, 28
ISL, 18, 19
ISL, 18, 29
ISL, 19, 20
ISL, 19, 30
ISL, 20, 21
ISL, 20, 31
ISL, 21, 22
ISL, 21, 32
ISL, 22, 23
ISL, 22, 33
ISL, 23, 12
ISL, 23, 34
ISL, 24, 25
ISL, 24, 47
ISL, 25, 26
ISL, 25, 36
ISL, 26, 27
ISL, 26, 37
ISL, 27, 28
ISL, 27, 38
ISL, 28, 29
ISL, 28, 39
ISL, 29, 30
ISL, 29, 40
ISL, 30, 31
ISL, 30, 41
ISL, 31, 32
ISL, 31, 42
ISL, 32, 33
ISL, 32, 43
ISL, 33, 34
ISL, 33, 44
ISL, 34, 35
ISL, 34, 45
ISL, 35, 24
ISL, 35, 46
ISL, 36, 37
ISL, 36, 59
ISL, 37, 38
ISL, 37, 48
ISL, 38, 39
ISL, 38, 49
ISL, 39, 40
ISL, 39, 50
ISL, 40, 41
ISL, 40, 50
ISL, 41, 42
ISL, 41, 52
ISL, 42, 43
ISL, 42, 53
ISL, 43, 44
ISL, 43, 54
ISL, 44, 45
ISL, 44, 55
ISL, 45, 46
ISL, 45, 56
ISL, 46, 47
ISL, 46, 56
ISL, 47, 36
ISL, 47, 58
ISL, 48, 49
ISL, 48, 71
ISL, 49, 50
ISL, 49, 60
ISL, 50, 51
ISL, 50, 61
ISL, 51, 52
ISL, 51, 62
ISL, 52, 53
ISL, 52, 63
ISL, 53, 54
ISL, 53, 64
ISL, 54, 55
ISL, 54, 65
ISL, 55, 56
ISL, 55, 66
ISL, 56, 57
ISL, 56, 67
ISL, 57, 58
ISL, 57, 68
ISL, 58, 59
ISL, 58, 69
ISL, 59, 48
ISL, 59, 70
ISL, 60, 61
ISL, 60, 83
ISL, 61, 62
ISL, 61, 72
ISL, 62, 63
ISL, 62, 73
ISL, 63, 64
ISL, 63, 73
ISL, 64, 65
ISL, 64, 75
ISL, 65, 66
ISL, 65, 76
ISL, 66, 67
ISL, 66, 77
ISL, 67, 68
ISL, 67, 78
ISL, 68, 69
ISL, 68, 79
ISL, 69, 70
ISL, 69, 79
ISL, 70, 71
ISL, 70, 81
ISL, 71, 60
ISL, 71, 82
ISL, 72, 73
ISL, 72, 95
ISL, 73, 74
ISL, 73, 84
ISL, 74, 75
ISL, 74, 85
ISL, 75, 76
ISL, 75, 85
ISL, 76, 77
ISL, 76, 87
ISL, 77, 78
ISL, 77, 88
ISL, 78, 79
ISL, 78, 89
ISL, 79, 80
ISL, 79, 90
ISL, 80, 81
ISL, 80, 91
ISL, 81, 82
ISL, 81, 91
ISL, 82, 83
ISL, 82, 93
ISL, 83, 72
ISL, 83, 94
ISL, 84, 85
ISL, 84, 2
ISL, 85, 86
ISL, 85, 3
ISL, 86, 87
ISL, 86, 4
ISL, 87, 88
ISL, 87, 5
ISL, 88, 89
ISL, 88, 6
ISL, 89, 90
ISL, 89, 7
ISL, 90, 91
ISL, 90, 8
ISL, 91, 92
ISL, 91, 9
ISL, 92, 93
ISL, 92, 10
ISL, 93, 94
ISL, 93, 11
ISL, 94, 95
ISL, 94, 0
ISL, 95, 84
ISL, 95, 1
