[METADATA]
Time: 2026-04-12 03:42:13
Step: 116
Total_Sats: 96

[NODES]
ID, Name, Lat(deg), Lon(deg), Alt(km)
0, W-00-00, -11.32675, -67.29041, 493.682
1, W-00-01, -33.96387, -45.62358, 499.501
2, W-00-02, -50.37403, -11.17430, 505.509
3, W-00-03, -50.92574, 36.81154, 505.711
4, W-00-04, -35.13022, 72.28565, 499.907
5, W-00-05, -12.67536, 94.38610, 493.885
6, W-00-06, 11.32675, 112.70959, 493.682
7, W-00-07, 33.96387, 134.37642, 499.501
8, W-00-08, 50.37403, 168.82570, 505.509
9, W-00-09, 50.92574, -143.18846, 505.711
10, W-00-10, 35.13022, -107.71435, 499.907
11, W-00-11, 12.67536, -85.61390, 493.885
12, W-01-00, -20.14797, -14.96981, 495.383
13, W-01-01, -41.27736, 10.18289, 502.128
14, W-01-02, -52.92735, 51.46699, 506.437
15, W-01-03, -46.35147, 97.35561, 504.017
16, W-01-04, -27.11330, 126.53571, 497.277
17, W-01-05, -3.69550, 146.31011, 492.951
18, W-01-06, 20.14797, 165.03019, 495.383
19, W-01-07, 41.27736, -169.81711, 502.128
20, W-01-08, 52.92735, -128.53301, 506.437
21, W-01-09, 46.35147, -82.64439, 504.017
22, W-01-10, 27.11330, -53.46429, 497.277
23, W-01-11, 3.69550, -33.68989, 492.951
24, W-02-00, -28.62131, 38.20324, 497.740
25, W-02-01, -47.33526, 68.42879, 504.384
26, W-02-02, -52.66355, 115.04584, 506.342
27, W-02-03, -40.02306, 155.11377, 501.666
28, W-02-04, -18.56138, 179.51846, 495.015
29, W-02-05, 5.33927, -161.90419, 493.047
30, W-02-06, 28.62131, -141.79676, 497.740
31, W-02-07, 47.33526, -111.57121, 504.384
32, W-02-08, 52.66355, -64.95416, 506.342
33, W-02-09, 40.02306, -24.88623, 501.666
34, W-02-10, 18.56138, -0.48154, 495.015
35, W-02-11, -5.33927, 18.09581, 493.047
36, W-03-00, -36.50968, 92.74741, 500.394
37, W-03-01, -51.51605, 129.47473, 505.926
38, W-03-02, -49.63836, 177.30417, 505.238
39, W-03-03, -32.53470, -149.45437, 499.014
40, W-03-04, -9.69662, -128.26933, 493.465
41, W-03-05, 14.29427, -109.91773, 494.157
42, W-03-06, 36.50968, -87.25259, 500.394
43, W-03-07, 51.51605, -50.52527, 505.926
44, W-03-08, 49.63836, -2.69583, 505.238
45, W-03-09, 32.53470, 30.54563, 499.014
46, W-03-10, 9.69662, 51.73067, 493.465
47, W-03-11, -14.29427, 70.08227, 494.157
48, W-04-00, -43.46369, 149.29764, 502.940
49, W-04-01, -53.16284, -167.33037, 506.522
50, W-04-02, -44.40417, -123.09493, 503.291
51, W-04-03, -24.30952, -95.68958, 496.463
52, W-04-04, -0.68339, -76.42931, 492.866
53, W-04-05, 23.02105, -57.36325, 496.112
54, W-04-06, 43.46369, -30.70236, 502.940
55, W-04-07, 53.16284, 12.66963, 506.522
56, W-04-08, 44.40417, 56.90507, 503.291
57, W-04-09, 24.30952, 84.31042, 496.463
58, W-04-10, 0.68339, 103.57069, 492.866
59, W-04-11, -23.02105, 122.63675, 496.112
60, W-05-00, -48.97176, -151.53015, 504.992
61, W-05-01, -51.94162, -103.95809, 506.081
62, W-05-02, -37.63149, -66.18317, 500.796
63, W-05-03, -15.63227, -43.01312, 494.404
64, W-05-04, 8.33995, -24.61477, 493.309
65, W-05-05, 31.33018, -3.79700, 498.611
66, W-05-06, 48.97176, 28.46985, 504.992
67, W-05-07, 51.94162, 76.04191, 506.081
68, W-05-08, 37.63149, 113.81683, 500.796
69, W-05-09, 15.63227, 136.98688, 494.404
70, W-05-10, -8.33995, 155.38523, 493.309
71, W-05-11, -31.33018, 176.20300, 498.611
72, W-06-00, -52.37380, -89.62432, 506.238
73, W-06-01, -48.10482, -42.51047, 504.670
74, W-06-02, -29.85847, -11.37873, 498.132
75, W-06-03, -6.70159, 9.03432, 493.152
76, W-06-04, 17.23676, 27.51744, 494.727
77, W-06-05, 38.95305, 51.34106, 501.275
78, W-06-06, 52.37380, 90.37568, 506.238
79, W-06-07, 48.10482, 137.48953, 504.670
80, W-06-08, 29.85847, 168.62127, 498.132
81, W-06-09, 6.70159, -170.96568, 493.152
82, W-06-10, -17.23676, -152.48256, 494.727
83, W-06-11, -38.95305, -128.65894, 501.275
84, W-07-00, -53.07413, -26.10662, 506.490
85, W-07-01, -42.28727, 16.15112, 502.503
86, W-07-02, -21.45620, 41.96525, 495.705
87, W-07-03, 2.32984, 60.82847, 492.898
88, W-07-04, 25.84836, 80.35474, 496.902
89, W-07-05, 45.49082, 108.70736, 503.696
90, W-07-06, 53.07413, 153.89338, 506.490
91, W-07-07, 42.28727, -163.84888, 502.503
92, W-07-08, 21.45620, -138.03475, 495.705
93, W-07-09, -2.32984, -119.17153, 492.898
94, W-07-10, -25.84836, -99.64526, 496.902
95, W-07-11, -45.49082, -71.29264, 503.696

[LINKS]
Type, SourceID, TargetID
ISL, 0, 1
ISL, 0, 23
ISL, 1, 2
ISL, 1, 12
ISL, 2, 3
ISL, 2, 13
ISL, 3, 4
ISL, 3, 14
ISL, 4, 5
ISL, 4, 15
ISL, 5, 6
ISL, 5, 15
ISL, 6, 7
ISL, 6, 17
ISL, 7, 8
ISL, 7, 18
ISL, 8, 9
ISL, 8, 19
ISL, 9, 10
ISL, 9, 20
ISL, 10, 11
ISL, 10, 21
ISL, 11, 0
ISL, 11, 21
ISL, 12, 13
ISL, 12, 35
ISL, 13, 14
ISL, 13, 24
ISL, 14, 15
ISL, 14, 25
ISL, 15, 16
ISL, 15, 26
ISL, 16, 17
ISL, 16, 27
ISL, 17, 18
ISL, 17, 28
ISL, 18, 19
ISL, 18, 29
ISL, 19, 20
ISL, 19, 30
ISL, 20, 21
ISL, 20, 31
ISL, 21, 22
ISL, 21, 32
ISL, 22, 23
ISL, 22, 33
ISL, 23, 12
ISL, 23, 34
ISL, 24, 25
ISL, 24, 47
ISL, 25, 26
ISL, 25, 36
ISL, 26, 27
ISL, 26, 37
ISL, 27, 28
ISL, 27, 38
ISL, 28, 29
ISL, 28, 39
ISL, 29, 30
ISL, 29, 40
ISL, 30, 31
ISL, 30, 41
ISL, 31, 32
ISL, 31, 42
ISL, 32, 33
ISL, 32, 43
ISL, 33, 34
ISL, 33, 44
ISL, 34, 35
ISL, 34, 45
ISL, 35, 24
ISL, 35, 46
ISL, 36, 37
ISL, 36, 59
ISL, 37, 38
ISL, 37, 48
ISL, 38, 39
ISL, 38, 49
ISL, 39, 40
ISL, 39, 50
ISL, 40, 41
ISL, 40, 50
ISL, 41, 42
ISL, 41, 52
ISL, 42, 43
ISL, 42, 53
ISL, 43, 44
ISL, 43, 54
ISL, 44, 45
ISL, 44, 55
ISL, 45, 46
ISL, 45, 56
ISL, 46, 47
ISL, 46, 56
ISL, 47, 36
ISL, 47, 58
ISL, 48, 49
ISL, 48, 71
ISL, 49, 50
ISL, 49, 60
ISL, 50, 51
ISL, 50, 61
ISL, 51, 52
ISL, 51, 62
ISL, 52, 53
ISL, 52, 63
ISL, 53, 54
ISL, 53, 64
ISL, 54, 55
ISL, 54, 65
ISL, 55, 56
ISL, 55, 66
ISL, 56, 57
ISL, 56, 67
ISL, 57, 58
ISL, 57, 68
ISL, 58, 59
ISL, 58, 69
ISL, 59, 48
ISL, 59, 70
ISL, 60, 61
ISL, 60, 83
ISL, 61, 62
ISL, 61, 72
ISL, 62, 63
ISL, 62, 73
ISL, 63, 64
ISL, 63, 73
ISL, 64, 65
ISL, 64, 75
ISL, 65, 66
ISL, 65, 76
ISL, 66, 67
ISL, 66, 77
ISL, 67, 68
ISL, 67, 78
ISL, 68, 69
ISL, 68, 79
ISL, 69, 70
ISL, 69, 79
ISL, 70, 71
ISL, 70, 81
ISL, 71, 60
ISL, 71, 82
ISL, 72, 73
ISL, 72, 95
ISL, 73, 74
ISL, 73, 84
ISL, 74, 75
ISL, 74, 85
ISL, 75, 76
ISL, 75, 85
ISL, 76, 77
ISL, 76, 87
ISL, 77, 78
ISL, 77, 88
ISL, 78, 79
ISL, 78, 89
ISL, 79, 80
ISL, 79, 90
ISL, 80, 81
ISL, 80, 91
ISL, 81, 82
ISL, 81, 91
ISL, 82, 83
ISL, 82, 93
ISL, 83, 72
ISL, 83, 94
ISL, 84, 85
ISL, 84, 2
ISL, 85, 86
ISL, 85, 3
ISL, 86, 87
ISL, 86, 4
ISL, 87, 88
ISL, 87, 5
ISL, 88, 89
ISL, 88, 6
ISL, 89, 90
ISL, 89, 7
ISL, 90, 91
ISL, 90, 8
ISL, 91, 92
ISL, 91, 9
ISL, 92, 93
ISL, 92, 10
ISL, 93, 94
ISL, 93, 11
ISL, 94, 95
ISL, 94, 0
ISL, 95, 84
ISL, 95, 1
