[METADATA]
Time: 2026-04-12 02:52:43
Step: 17
Total_Sats: 96

[NODES]
ID, Name, Lat(deg), Lon(deg), Alt(km)
0, W-00-00, 4.43058, 119.81781, 492.990
1, W-00-01, 27.78968, 139.73640, 497.483
2, W-00-02, 46.79865, 169.37741, 504.184
3, W-00-03, 52.82108, -144.39158, 506.399
4, W-00-04, 40.72154, -103.64626, 501.923
5, W-00-05, 19.44006, -78.83449, 495.215
6, W-00-06, -4.43058, -60.18219, 492.990
7, W-00-07, -27.78968, -40.26360, 497.483
8, W-00-08, -46.79865, -10.62259, 504.184
9, W-00-09, -52.82108, 35.60842, 506.399
10, W-00-10, -40.72154, 76.35374, 501.923
11, W-00-11, -19.44006, 101.16551, 495.215
12, W-01-00, 13.39992, 171.76826, 494.003
13, W-01-01, 35.75049, -165.88466, 500.125
14, W-01-02, 51.19989, -129.85224, 505.811
15, W-01-03, 50.05453, -81.91530, 505.391
16, W-01-04, 33.32810, -48.01005, 499.283
17, W-01-05, 10.59869, -26.56399, 493.581
18, W-01-06, -13.39992, -8.23174, 494.003
19, W-01-07, -35.75049, 14.11534, 500.125
20, W-01-08, -51.19989, 50.14776, 505.811
21, W-01-09, -50.05453, 98.08470, 505.391
22, W-01-10, -33.32810, 131.98995, 499.283
23, W-01-11, -10.59869, 153.43601, 493.581
24, W-02-00, 22.15734, -135.75292, 495.884
25, W-02-01, 42.81880, -109.56703, 502.700
26, W-02-02, 53.12574, -66.80226, 506.509
27, W-02-03, 45.01155, -22.02803, 503.517
28, W-02-04, 25.16237, 5.89437, 496.704
29, W-02-05, 1.59392, 25.29733, 492.879
30, W-02-06, -22.15734, 44.24708, 495.884
31, W-02-07, -42.81880, 70.43297, 502.700
32, W-02-08, -53.12574, 113.19774, 506.509
33, W-02-09, -45.01155, 157.97197, 503.517
34, W-02-10, -25.16237, -174.10563, 496.704
35, W-02-11, -1.59392, -154.70267, 492.879
36, W-03-00, 30.51901, -82.31183, 498.346
37, W-03-01, 48.50074, -50.67826, 504.817
38, W-03-02, 52.19167, -3.34006, 506.172
39, W-03-03, 38.36650, 35.13260, 501.062
40, W-03-04, 16.52060, 58.65785, 494.580
41, W-03-05, -7.43444, 77.09922, 493.218
42, W-03-06, -30.51901, 97.68817, 498.346
43, W-03-07, -48.50074, 129.32174, 504.817
44, W-03-08, -52.19167, 176.65994, 506.172
45, W-03-09, -38.36650, -144.86740, 501.062
46, W-03-10, -16.52060, -121.34215, 494.580
47, W-03-11, 7.43444, -102.90078, 493.218
48, W-04-00, 38.22647, -27.36098, 501.011
49, W-04-01, 52.14587, 10.97816, 506.155
50, W-04-02, 48.59260, 58.36495, 504.851
51, W-04-03, 30.67494, 90.11879, 498.396
52, W-04-04, 7.60802, 110.75062, 493.235
53, W-04-05, -16.35061, 129.18301, 494.545
54, W-04-06, -38.22647, 152.63902, 501.011
55, W-04-07, -52.14587, -169.02184, 506.155
56, W-04-08, -48.59260, -121.63505, 504.851
57, W-04-09, -30.67494, -89.88121, 498.396
58, W-04-10, -7.60802, -69.24938, 493.235
59, W-04-11, 16.35061, -50.81699, 494.545
60, W-05-00, 44.89641, 29.75149, 503.474
61, W-05-01, 53.13514, 74.42494, 506.512
62, W-05-02, 42.94345, 117.30783, 502.746
63, W-05-03, 22.32313, 143.58343, 495.927
64, W-05-04, -1.41948, 162.55466, 492.876
65, W-05-05, -24.99933, -178.07055, 496.657
66, W-05-06, -44.89641, -150.24851, 503.474
67, W-05-07, -53.13514, -105.57506, 506.512
68, W-05-08, -42.94345, -62.69217, 502.746
69, W-05-09, -22.32313, -36.41657, 495.927
70, W-05-10, 1.41948, -17.44534, 492.876
71, W-05-11, 24.99933, 1.92945, 496.657
72, W-06-00, 49.97657, 89.58390, 505.362
73, W-06-01, 51.26244, 137.50427, 505.834
74, W-06-02, 35.89665, 173.66950, 500.176
75, W-06-03, 13.57144, -163.92360, 494.032
76, W-06-04, -10.42599, -145.58837, 493.558
77, W-06-05, -33.17668, -124.19334, 499.231
78, W-06-06, -49.97657, -90.41610, 505.362
79, W-06-07, -51.26244, -42.49573, 505.834
80, W-06-08, -35.89665, -6.33050, 500.176
81, W-06-09, -13.57144, 16.07640, 494.032
82, W-06-10, 10.42599, 34.41163, 493.558
83, W-06-11, 33.17668, 55.80666, 499.231
84, W-07-00, 52.79312, 152.01958, 506.389
85, W-07-01, 46.90290, -161.67218, 504.223
86, W-07-02, 27.94945, -131.92040, 497.532
87, W-07-03, 4.60474, -111.96653, 493.000
88, W-07-04, -19.27197, -93.32935, 495.176
89, W-07-05, -40.58864, -68.59682, 501.874
90, W-07-06, -52.79312, -27.98042, 506.389
91, W-07-07, -46.90290, 18.32782, 504.223
92, W-07-08, -27.94945, 48.07960, 497.532
93, W-07-09, -4.60474, 68.03347, 493.000
94, W-07-10, 19.27197, 86.67065, 495.176
95, W-07-11, 40.58864, 111.40318, 501.874

[LINKS]
Type, SourceID, TargetID
ISL, 0, 1
ISL, 0, 23
ISL, 1, 2
ISL, 1, 12
ISL, 2, 3
ISL, 2, 13
ISL, 3, 4
ISL, 3, 14
ISL, 4, 5
ISL, 4, 15
ISL, 5, 6
ISL, 5, 15
ISL, 6, 7
ISL, 6, 17
ISL, 7, 8
ISL, 7, 18
ISL, 8, 9
ISL, 8, 19
ISL, 9, 10
ISL, 9, 20
ISL, 10, 11
ISL, 10, 21
ISL, 11, 0
ISL, 11, 21
ISL, 12, 13
ISL, 12, 35
ISL, 13, 14
ISL, 13, 24
ISL, 14, 15
ISL, 14, 25
ISL, 15, 16
ISL, 15, 26
ISL, 16, 17
ISL, 16, 27
ISL, 17, 18
ISL, 17, 28
ISL, 18, 19
ISL, 18, 29
ISL, 19, 20
ISL, 19, 30
ISL, 20, 21
ISL, 20, 31
ISL, 21, 22
ISL, 21, 32
ISL, 22, 23
ISL, 22, 33
ISL, 23, 12
ISL, 23, 34
ISL, 24, 25
ISL, 24, 47
ISL, 25, 26
ISL, 25, 36
ISL, 26, 27
ISL, 26, 37
ISL, 27, 28
ISL, 27, 38
ISL, 28, 29
ISL, 28, 39
ISL, 29, 30
ISL, 29, 40
ISL, 30, 31
ISL, 30, 41
ISL, 31, 32
ISL, 31, 42
ISL, 32, 33
ISL, 32, 43
ISL, 33, 34
ISL, 33, 44
ISL, 34, 35
ISL, 34, 45
ISL, 35, 24
ISL, 35, 46
ISL, 36, 37
ISL, 36, 59
ISL, 37, 38
ISL, 37, 48
ISL, 38, 39
ISL, 38, 49
ISL, 39, 40
ISL, 39, 50
ISL, 40, 41
ISL, 40, 50
ISL, 41, 42
ISL, 41, 52
ISL, 42, 43
ISL, 42, 53
ISL, 43, 44
ISL, 43, 54
ISL, 44, 45
ISL, 44, 55
ISL, 45, 46
ISL, 45, 56
ISL, 46, 47
ISL, 46, 56
ISL, 47, 36
ISL, 47, 58
ISL, 48, 49
ISL, 48, 71
ISL, 49, 50
ISL, 49, 60
ISL, 50, 51
ISL, 50, 61
ISL, 51, 52
ISL, 51, 62
ISL, 52, 53
ISL, 52, 63
ISL, 53, 54
ISL, 53, 64
ISL, 54, 55
ISL, 54, 65
ISL, 55, 56
ISL, 55, 66
ISL, 56, 57
ISL, 56, 67
ISL, 57, 58
ISL, 57, 68
ISL, 58, 59
ISL, 58, 69
ISL, 59, 48
ISL, 59, 70
ISL, 60, 61
ISL, 60, 83
ISL, 61, 62
ISL, 61, 72
ISL, 62, 63
ISL, 62, 73
ISL, 63, 64
ISL, 63, 73
ISL, 64, 65
ISL, 64, 75
ISL, 65, 66
ISL, 65, 76
ISL, 66, 67
ISL, 66, 77
ISL, 67, 68
ISL, 67, 78
ISL, 68, 69
ISL, 68, 79
ISL, 69, 70
ISL, 69, 79
ISL, 70, 71
ISL, 70, 81
ISL, 71, 60
ISL, 71, 82
ISL, 72, 73
ISL, 72, 95
ISL, 73, 74
ISL, 73, 84
ISL, 74, 75
ISL, 74, 85
ISL, 75, 76
ISL, 75, 85
ISL, 76, 77
ISL, 76, 87
ISL, 77, 78
ISL, 77, 88
ISL, 78, 79
ISL, 78, 89
ISL, 79, 80
ISL, 79, 90
ISL, 80, 81
ISL, 80, 91
ISL, 81, 82
ISL, 81, 91
ISL, 82, 83
ISL, 82, 93
ISL, 83, 72
ISL, 83, 94
ISL, 84, 85
ISL, 84, 2
ISL, 85, 86
ISL, 85, 3
ISL, 86, 87
ISL, 86, 4
ISL, 87, 88
ISL, 87, 5
ISL, 88, 89
ISL, 88, 6
ISL, 89, 90
ISL, 89, 7
ISL, 90, 91
ISL, 90, 8
ISL, 91, 92
ISL, 91, 9
ISL, 92, 93
ISL, 92, 10
ISL, 93, 94
ISL, 93, 11
ISL, 94, 95
ISL, 94, 0
ISL, 95, 84
ISL, 95, 1
