[METADATA]
Time: 2026-04-12 03:38:43
Step: 109
Total_Sats: 96

[NODES]
ID, Name, Lat(deg), Lon(deg), Alt(km)
0, W-00-00, -0.65247, -74.55147, 492.866
1, W-00-01, -24.28048, -55.29587, 496.455
2, W-00-02, -44.38327, -27.90777, 503.283
3, W-00-03, -53.16358, 16.30883, 506.522
4, W-00-04, -43.48534, 59.70102, 502.948
5, W-00-05, -23.05031, 86.37833, 496.119
6, W-00-06, 0.65247, 105.44853, 492.866
7, W-00-07, 24.28048, 124.70413, 496.455
8, W-00-08, 44.38327, 152.09223, 503.283
9, W-00-09, 53.16358, -163.69117, 506.522
10, W-00-10, 43.48534, -120.29898, 502.948
11, W-00-11, 23.05031, -93.62167, 496.119
12, W-01-00, -9.66597, -22.71212, 493.461
13, W-01-01, -32.50763, -1.53571, 499.004
14, W-01-02, -49.62383, 31.68340, 505.232
15, W-01-03, -51.52633, 79.50829, 505.930
16, W-01-04, -36.53529, 116.25927, 500.403
17, W-01-05, -14.32460, 138.93545, 494.162
18, W-01-06, 9.66597, 157.28788, 493.461
19, W-01-07, 32.50763, 178.46429, 499.004
20, W-01-08, 49.62383, -148.31660, 505.232
21, W-01-09, 51.52633, -100.49171, 505.930
22, W-01-10, 36.53529, -63.74073, 500.403
23, W-01-11, 14.32460, -41.06455, 494.162
24, W-02-00, -18.53149, 29.49818, 495.008
25, W-02-01, -39.99913, 53.88933, 501.657
26, W-02-02, -52.65770, 93.93409, 506.340
27, W-02-03, -47.35316, 140.56349, 504.391
28, W-02-04, -28.64945, 170.80916, 497.749
29, W-02-05, -5.37011, -169.07680, 493.049
30, W-02-06, 18.53149, -150.50182, 495.008
31, W-02-07, 39.99913, -126.11067, 501.657
32, W-02-08, 52.65770, -86.06591, 506.340
33, W-02-09, 47.35316, -39.43651, 504.391
34, W-02-10, 28.64945, -9.19084, 497.749
35, W-02-11, 5.37011, 10.92320, 493.049
36, W-03-00, -27.08481, 82.47752, 497.268
37, W-03-01, -46.33243, 111.63849, 504.010
38, W-03-02, -52.93140, 157.51216, 506.439
39, W-03-03, -41.30053, -161.18131, 502.137
40, W-03-04, -20.17766, -136.01405, 495.390
41, W-03-05, 3.66462, -117.29098, 492.950
42, W-03-06, 27.08481, -97.52248, 497.268
43, W-03-07, 46.33243, -68.36151, 504.010
44, W-03-08, 52.93140, -22.48784, 506.439
45, W-03-09, 41.30053, 18.81869, 502.137
46, W-03-10, 20.17766, 43.98595, 495.390
47, W-03-11, -3.66462, 62.70902, 492.950
48, W-04-00, -35.10404, 136.72226, 499.897
49, W-04-01, -50.91387, 172.17300, 505.706
50, W-04-02, -50.38711, -139.83985, 505.513
51, W-04-03, -33.99046, -105.36758, 499.510
52, W-04-04, -11.35730, -83.69129, 493.686
53, W-04-05, 12.64490, -65.36804, 493.880
54, W-04-06, 35.10404, -43.27774, 499.897
55, W-04-07, 50.91387, -7.82700, 505.706
56, W-04-08, 50.38711, 40.16015, 505.513
57, W-04-09, 33.99046, 74.63242, 499.510
58, W-04-10, 11.35730, 96.30871, 493.686
59, W-04-11, -12.64490, 114.63196, 493.880
60, W-05-00, -42.26475, -167.15080, 502.494
61, W-05-01, -53.07154, -124.91465, 506.489
62, W-05-02, -45.51071, -79.71183, 503.704
63, W-05-03, -25.87710, -51.34089, 496.910
64, W-05-04, -2.36074, -31.80929, 492.899
65, W-05-05, 21.42669, -12.94956, 495.697
66, W-05-06, 42.26475, 12.84920, 502.494
67, W-05-07, 53.07154, 55.08535, 506.489
68, W-05-08, 45.51071, 100.28817, 503.704
69, W-05-09, 25.87710, 128.65911, 496.910
70, W-05-10, 2.36074, 148.19071, 492.899
71, W-05-11, -21.42669, 167.05044, 495.697
72, W-06-00, -48.08790, -108.49871, 504.664
73, W-06-01, -52.38106, -61.39496, 506.240
74, W-06-02, -38.97754, -22.33680, 501.284
75, W-06-03, -17.26680, 1.49957, 494.734
76, W-06-04, 6.67080, 19.98459, 493.149
77, W-06-05, 29.83063, 40.39041, 498.123
78, W-06-06, 48.08790, 71.50129, 504.664
79, W-06-07, 52.38106, 118.60504, 506.240
80, W-06-08, 38.97754, 157.66320, 501.284
81, W-06-09, 17.26680, -178.50043, 494.734
82, W-06-10, -6.67080, -160.01541, 493.149
83, W-06-11, -29.83063, -139.60959, 498.123
84, W-07-00, -51.93265, -47.05999, 506.078
85, W-07-01, -48.98739, 0.51915, 504.997
86, W-07-02, -31.35761, 32.80773, 498.620
87, W-07-03, -8.37068, 53.63349, 493.313
88, W-07-04, 15.60206, 72.03055, 494.399
89, W-07-05, 37.60636, 95.18881, 500.787
90, W-07-06, 51.93265, 132.94001, 506.078
91, W-07-07, 48.98739, -179.48085, 504.997
92, W-07-08, 31.35761, -147.19227, 498.620
93, W-07-09, 8.37068, -126.36651, 493.313
94, W-07-10, -15.60206, -107.96945, 494.399
95, W-07-11, -37.60636, -84.81119, 500.787

[LINKS]
Type, SourceID, TargetID
ISL, 0, 1
ISL, 0, 23
ISL, 1, 2
ISL, 1, 12
ISL, 2, 3
ISL, 2, 13
ISL, 3, 4
ISL, 3, 14
ISL, 4, 5
ISL, 4, 15
ISL, 5, 6
ISL, 5, 15
ISL, 6, 7
ISL, 6, 17
ISL, 7, 8
ISL, 7, 18
ISL, 8, 9
ISL, 8, 19
ISL, 9, 10
ISL, 9, 20
ISL, 10, 11
ISL, 10, 21
ISL, 11, 0
ISL, 11, 21
ISL, 12, 13
ISL, 12, 35
ISL, 13, 14
ISL, 13, 24
ISL, 14, 15
ISL, 14, 25
ISL, 15, 16
ISL, 15, 26
ISL, 16, 17
ISL, 16, 27
ISL, 17, 18
ISL, 17, 28
ISL, 18, 19
ISL, 18, 29
ISL, 19, 20
ISL, 19, 30
ISL, 20, 21
ISL, 20, 31
ISL, 21, 22
ISL, 21, 32
ISL, 22, 23
ISL, 22, 33
ISL, 23, 12
ISL, 23, 34
ISL, 24, 25
ISL, 24, 47
ISL, 25, 26
ISL, 25, 36
ISL, 26, 27
ISL, 26, 37
ISL, 27, 28
ISL, 27, 38
ISL, 28, 29
ISL, 28, 39
ISL, 29, 30
ISL, 29, 40
ISL, 30, 31
ISL, 30, 41
ISL, 31, 32
ISL, 31, 42
ISL, 32, 33
ISL, 32, 43
ISL, 33, 34
ISL, 33, 44
ISL, 34, 35
ISL, 34, 45
ISL, 35, 24
ISL, 35, 46
ISL, 36, 37
ISL, 36, 59
ISL, 37, 38
ISL, 37, 48
ISL, 38, 39
ISL, 38, 49
ISL, 39, 40
ISL, 39, 50
ISL, 40, 41
ISL, 40, 50
ISL, 41, 42
ISL, 41, 52
ISL, 42, 43
ISL, 42, 53
ISL, 43, 44
ISL, 43, 54
ISL, 44, 45
ISL, 44, 55
ISL, 45, 46
ISL, 45, 56
ISL, 46, 47
ISL, 46, 56
ISL, 47, 36
ISL, 47, 58
ISL, 48, 49
ISL, 48, 71
ISL, 49, 50
ISL, 49, 60
ISL, 50, 51
ISL, 50, 61
ISL, 51, 52
ISL, 51, 62
ISL, 52, 53
ISL, 52, 63
ISL, 53, 54
ISL, 53, 64
ISL, 54, 55
ISL, 54, 65
ISL, 55, 56
ISL, 55, 66
ISL, 56, 57
ISL, 56, 67
ISL, 57, 58
ISL, 57, 68
ISL, 58, 59
ISL, 58, 69
ISL, 59, 48
ISL, 59, 70
ISL, 60, 61
ISL, 60, 83
ISL, 61, 62
ISL, 61, 72
ISL, 62, 63
ISL, 62, 73
ISL, 63, 64
ISL, 63, 73
ISL, 64, 65
ISL, 64, 75
ISL, 65, 66
ISL, 65, 76
ISL, 66, 67
ISL, 66, 77
ISL, 67, 68
ISL, 67, 78
ISL, 68, 69
ISL, 68, 79
ISL, 69, 70
ISL, 69, 79
ISL, 70, 71
ISL, 70, 81
ISL, 71, 60
ISL, 71, 82
ISL, 72, 73
ISL, 72, 95
ISL, 73, 74
ISL, 73, 84
ISL, 74, 75
ISL, 74, 85
ISL, 75, 76
ISL, 75, 85
ISL, 76, 77
ISL, 76, 87
ISL, 77, 78
ISL, 77, 88
ISL, 78, 79
ISL, 78, 89
ISL, 79, 80
ISL, 79, 90
ISL, 80, 81
ISL, 80, 91
ISL, 81, 82
ISL, 81, 91
ISL, 82, 83
ISL, 82, 93
ISL, 83, 72
ISL, 83, 94
ISL, 84, 85
ISL, 84, 2
ISL, 85, 86
ISL, 85, 3
ISL, 86, 87
ISL, 86, 4
ISL, 87, 88
ISL, 87, 5
ISL, 88, 89
ISL, 88, 6
ISL, 89, 90
ISL, 89, 7
ISL, 90, 91
ISL, 90, 8
ISL, 91, 92
ISL, 91, 9
ISL, 92, 93
ISL, 92, 10
ISL, 93, 94
ISL, 93, 11
ISL, 94, 95
ISL, 94, 0
ISL, 95, 84
ISL, 95, 1
