[METADATA]
Time: 2026-04-12 02:48:13
Step: 8
Total_Sats: 96

[NODES]
ID, Name, Lat(deg), Lon(deg), Alt(km)
0, W-00-00, -9.32333, 110.55732, 493.420
1, W-00-01, 14.66327, 128.91967, 494.223
2, W-00-02, 36.82077, 151.72052, 500.505
3, W-00-03, 51.63917, -171.26399, 505.971
4, W-00-04, 49.45974, -123.49402, 505.172
5, W-00-05, 32.20460, -90.52368, 498.903
6, W-00-06, 9.32333, -69.44268, 493.420
7, W-00-07, -14.66327, -51.08033, 494.223
8, W-00-08, -36.82077, -28.27948, 500.505
9, W-00-09, -51.63917, 8.73601, 505.971
10, W-00-10, -49.45974, 56.50598, 505.172
11, W-00-11, -32.20460, 89.47632, 498.903
12, W-01-00, -0.30700, 162.38954, 492.864
13, W-01-01, 23.37685, -178.49328, 496.207
14, W-01-02, 43.72604, -151.63116, 503.038
15, W-01-03, 53.16951, -108.01531, 506.524
16, W-01-04, 44.14856, -64.01142, 503.195
17, W-01-05, 23.95567, -36.81487, 496.365
18, W-01-06, 0.30700, -17.61046, 492.864
19, W-01-07, -23.37685, 1.50672, 496.207
20, W-01-08, -43.72604, 28.36884, 503.038
21, W-01-09, -53.16951, 71.98469, 506.524
22, W-01-10, -44.14856, 115.98858, 503.195
23, W-01-11, -23.95567, 143.18513, 496.365
24, W-02-00, 8.71386, -145.78968, 493.350
25, W-02-01, 31.66348, -124.87365, 498.722
26, W-02-02, 49.16025, -92.34119, 505.061
27, W-02-03, 51.83038, -44.68691, 506.041
28, W-02-04, 37.32474, -7.20068, 500.686
29, W-02-05, 15.26435, 15.82697, 494.334
30, W-02-06, -8.71386, 34.21032, 493.350
31, W-02-07, -31.66348, 55.12635, 498.722
32, W-02-08, -49.16025, 87.65881, 505.061
33, W-02-09, -51.83038, 135.31309, 506.041
34, W-02-10, -37.32474, 172.79932, 500.686
35, W-02-11, -15.26435, -164.17303, 494.334
36, W-03-00, 17.60221, -93.63632, 494.805
37, W-03-01, 39.25023, -69.65623, 501.383
38, W-03-02, 52.45992, -30.33550, 506.269
39, W-03-03, 47.89730, 16.65177, 504.593
40, W-03-04, 29.51914, 47.53060, 498.023
41, W-03-05, 6.32664, 67.85678, 493.121
42, W-03-06, -17.60221, 86.36368, 494.805
43, W-03-07, -39.25023, 110.34377, 501.383
44, W-03-08, -52.45992, 149.66450, 506.269
45, W-03-09, -47.89730, -163.34823, 504.593
46, W-03-10, -29.51914, -132.46940, 498.023
47, W-03-11, -6.32664, -112.14322, 493.121
48, W-04-00, 26.19786, -40.76007, 497.004
49, W-04-01, 45.73167, -12.18328, 503.786
50, W-04-02, 53.04030, 33.20452, 506.478
51, W-04-03, 42.01209, 75.19803, 502.400
52, W-04-04, 21.09675, 100.82630, 495.615
53, W-04-05, -2.70602, 119.64784, 492.910
54, W-04-06, -26.19786, 139.23993, 497.004
55, W-04-07, -45.73167, 167.81672, 503.786
56, W-04-08, -53.04030, -146.79548, 506.478
57, W-04-09, -42.01209, -104.80197, 502.400
58, W-04-10, -21.09675, -79.17370, 495.615
59, W-04-11, 2.70602, -60.35216, 492.910
60, W-05-00, 34.28692, 13.32310, 499.613
61, W-05-01, 50.53141, 48.05284, 505.566
62, W-05-02, 50.77929, 96.05047, 505.657
63, W-05-03, 34.81090, 131.24068, 499.795
64, W-05-04, 12.30440, 153.21859, 493.827
65, W-05-05, -11.69855, 171.53997, 493.736
66, W-05-06, -34.28692, -166.67690, 499.613
67, W-05-07, -50.53141, -131.94716, 505.566
68, W-05-08, -50.77929, -83.94953, 505.657
69, W-05-09, -34.81090, -48.75932, 499.795
70, W-05-10, -12.30440, -26.78141, 493.827
71, W-05-11, 11.69855, -8.46003, 493.736
72, W-06-00, 41.55838, 69.21837, 502.232
73, W-06-01, 52.97435, 110.77434, 506.454
74, W-06-02, 46.11834, 156.47791, 503.930
75, W-06-03, 26.76612, -174.57356, 497.173
76, W-06-04, 3.31952, -154.87001, 492.934
77, W-06-05, -20.50905, -136.11277, 495.470
78, W-06-06, -41.55838, -110.78163, 502.232
79, W-06-07, -52.97435, -69.22566, 506.454
80, W-06-08, -46.11834, -23.52209, 503.930
81, W-06-09, -26.76612, 5.42644, 497.173
82, W-06-10, -3.31952, 25.12999, 492.934
83, W-06-11, 20.50905, 43.88723, 495.470
84, W-07-00, 47.55156, 127.57786, 504.464
85, W-07-01, 52.59010, 174.34185, 506.316
86, W-07-02, 39.73093, -145.87309, 501.559
87, W-07-03, 18.19728, -121.63197, 494.934
88, W-07-04, -5.71463, -103.08275, 493.073
89, W-07-05, -28.96336, -82.89384, 497.847
90, W-07-06, -47.55156, -52.42214, 504.464
91, W-07-07, -52.59010, -5.65815, 506.316
92, W-07-08, -39.73093, 34.12691, 501.559
93, W-07-09, -18.19728, 58.36803, 494.934
94, W-07-10, 5.71463, 76.91725, 493.073
95, W-07-11, 28.96336, 97.10616, 497.847

[LINKS]
Type, SourceID, TargetID
ISL, 0, 1
ISL, 0, 23
ISL, 1, 2
ISL, 1, 12
ISL, 2, 3
ISL, 2, 13
ISL, 3, 4
ISL, 3, 14
ISL, 4, 5
ISL, 4, 15
ISL, 5, 6
ISL, 5, 15
ISL, 6, 7
ISL, 6, 17
ISL, 7, 8
ISL, 7, 18
ISL, 8, 9
ISL, 8, 19
ISL, 9, 10
ISL, 9, 20
ISL, 10, 11
ISL, 10, 21
ISL, 11, 0
ISL, 11, 21
ISL, 12, 13
ISL, 12, 35
ISL, 13, 14
ISL, 13, 24
ISL, 14, 15
ISL, 14, 25
ISL, 15, 16
ISL, 15, 26
ISL, 16, 17
ISL, 16, 27
ISL, 17, 18
ISL, 17, 28
ISL, 18, 19
ISL, 18, 29
ISL, 19, 20
ISL, 19, 30
ISL, 20, 21
ISL, 20, 31
ISL, 21, 22
ISL, 21, 32
ISL, 22, 23
ISL, 22, 33
ISL, 23, 12
ISL, 23, 34
ISL, 24, 25
ISL, 24, 47
ISL, 25, 26
ISL, 25, 36
ISL, 26, 27
ISL, 26, 37
ISL, 27, 28
ISL, 27, 38
ISL, 28, 29
ISL, 28, 39
ISL, 29, 30
ISL, 29, 40
ISL, 30, 31
ISL, 30, 41
ISL, 31, 32
ISL, 31, 42
ISL, 32, 33
ISL, 32, 43
ISL, 33, 34
ISL, 33, 44
ISL, 34, 35
ISL, 34, 45
ISL, 35, 24
ISL, 35, 46
ISL, 36, 37
ISL, 36, 59
ISL, 37, 38
ISL, 37, 48
ISL, 38, 39
ISL, 38, 49
ISL, 39, 40
ISL, 39, 50
ISL, 40, 41
ISL, 40, 50
ISL, 41, 42
ISL, 41, 52
ISL, 42, 43
ISL, 42, 53
ISL, 43, 44
ISL, 43, 54
ISL, 44, 45
ISL, 44, 55
ISL, 45, 46
ISL, 45, 56
ISL, 46, 47
ISL, 46, 56
ISL, 47, 36
ISL, 47, 58
ISL, 48, 49
ISL, 48, 71
ISL, 49, 50
ISL, 49, 60
ISL, 50, 51
ISL, 50, 61
ISL, 51, 52
ISL, 51, 62
ISL, 52, 53
ISL, 52, 63
ISL, 53, 54
ISL, 53, 64
ISL, 54, 55
ISL, 54, 65
ISL, 55, 56
ISL, 55, 66
ISL, 56, 57
ISL, 56, 67
ISL, 57, 58
ISL, 57, 68
ISL, 58, 59
ISL, 58, 69
ISL, 59, 48
ISL, 59, 70
ISL, 60, 61
ISL, 60, 83
ISL, 61, 62
ISL, 61, 72
ISL, 62, 63
ISL, 62, 73
ISL, 63, 64
ISL, 63, 73
ISL, 64, 65
ISL, 64, 75
ISL, 65, 66
ISL, 65, 76
ISL, 66, 67
ISL, 66, 77
ISL, 67, 68
ISL, 67, 78
ISL, 68, 69
ISL, 68, 79
ISL, 69, 70
ISL, 69, 79
ISL, 70, 71
ISL, 70, 81
ISL, 71, 60
ISL, 71, 82
ISL, 72, 73
ISL, 72, 95
ISL, 73, 74
ISL, 73, 84
ISL, 74, 75
ISL, 74, 85
ISL, 75, 76
ISL, 75, 85
ISL, 76, 77
ISL, 76, 87
ISL, 77, 78
ISL, 77, 88
ISL, 78, 79
ISL, 78, 89
ISL, 79, 80
ISL, 79, 90
ISL, 80, 81
ISL, 80, 91
ISL, 81, 82
ISL, 81, 91
ISL, 82, 83
ISL, 82, 93
ISL, 83, 72
ISL, 83, 94
ISL, 84, 85
ISL, 84, 2
ISL, 85, 86
ISL, 85, 3
ISL, 86, 87
ISL, 86, 4
ISL, 87, 88
ISL, 87, 5
ISL, 88, 89
ISL, 88, 6
ISL, 89, 90
ISL, 89, 7
ISL, 90, 91
ISL, 90, 8
ISL, 91, 92
ISL, 91, 9
ISL, 92, 93
ISL, 92, 10
ISL, 93, 94
ISL, 93, 11
ISL, 94, 95
ISL, 94, 0
ISL, 95, 84
ISL, 95, 1
