[METADATA]
Time: 2026-04-12 02:53:13
Step: 18
Total_Sats: 96

[NODES]
ID, Name, Lat(deg), Lon(deg), Alt(km)
0, W-00-00, 5.95807, 120.84858, 493.092
1, W-00-01, 29.18472, 141.09143, 497.917
2, W-00-02, 47.69012, 171.72422, 504.516
3, W-00-03, 52.53986, -141.42053, 506.298
4, W-00-04, 39.54037, -101.81973, 501.489
5, W-00-05, 17.96079, -77.68329, 494.882
6, W-00-06, -5.95807, -59.15142, 493.092
7, W-00-07, -29.18472, -38.90857, 497.917
8, W-00-08, -47.69012, -8.27578, 504.516
9, W-00-09, -52.53986, 38.57947, 506.298
10, W-00-10, -39.54037, 78.18027, 501.489
11, W-00-11, -17.96079, 102.31671, 494.882
12, W-01-00, 14.90245, 172.86169, 494.267
13, W-01-01, 37.02172, -164.24807, 500.577
14, W-01-02, 51.71665, -127.04544, 505.999
15, W-01-03, 49.34183, -79.31872, 505.128
16, W-01-04, 31.98979, -46.52319, 498.831
17, W-01-05, 9.08102, -25.50850, 493.392
18, W-01-06, -14.90245, -7.13831, 494.267
19, W-01-07, -37.02172, 15.75193, 500.577
20, W-01-08, -51.71665, 52.95456, 505.999
21, W-01-09, -49.34183, 100.68128, 505.128
22, W-01-10, -31.98979, 133.47681, 498.831
23, W-01-11, -9.08102, 154.49150, 493.392
24, W-02-00, 23.60728, -134.52972, 496.270
25, W-02-01, 43.89489, -107.53551, 503.101
26, W-02-02, 53.17113, -63.76386, 506.525
27, W-02-03, 43.98134, -19.91279, 503.133
28, W-02-04, 23.72571, 7.14984, 496.302
29, W-02-05, 0.06282, 26.31899, 492.863
30, W-02-06, -23.60728, 45.47028, 496.270
31, W-02-07, -43.89489, 72.46449, 503.101
32, W-02-08, -53.17113, 116.23614, 506.525
33, W-02-09, -43.98134, 160.08721, 503.133
34, W-02-10, -23.72571, -172.85016, 496.302
35, W-02-11, -0.06282, -153.68101, 492.863
36, W-03-00, 31.87907, -80.87493, 498.794
37, W-03-01, 49.28055, -48.16900, 505.106
38, W-03-02, 51.75578, -0.46596, 506.014
39, W-03-03, 37.12484, 36.83300, 500.614
40, W-03-04, 15.02544, 59.76964, 494.290
41, W-03-05, -8.95632, 78.14413, 493.377
42, W-03-06, -31.87907, 99.12507, 498.794
43, W-03-07, -49.28055, 131.83100, 505.106
44, W-03-08, -51.75578, 179.53404, 506.014
45, W-03-09, -37.12484, -143.16700, 500.614
46, W-03-10, -15.02544, -120.23036, 494.290
47, W-03-11, 8.95632, -101.85587, 493.377
48, W-04-00, 39.44201, -25.60540, 501.453
49, W-04-01, 52.51322, 13.90038, 506.288
50, W-04-02, 47.76087, 60.80132, 504.542
51, W-04-03, 29.29844, 91.51742, 497.953
52, W-04-04, 6.08330, 111.78836, 493.101
53, W-04-05, -17.83903, 130.31156, 494.856
54, W-04-06, -39.44201, 154.39460, 501.453
55, W-04-07, -52.51322, -166.09962, 506.288
56, W-04-08, -47.76087, -119.19868, 504.542
57, W-04-09, -29.29844, -88.48258, 497.953
58, W-04-10, -6.08330, -68.21164, 493.101
59, W-04-11, 17.83903, -49.68844, 494.856
60, W-05-00, 45.88638, 31.93726, 503.844
61, W-05-01, 53.01567, 77.45266, 506.469
62, W-05-02, 41.83236, 119.27310, 502.334
63, W-05-03, 20.86322, 144.78230, 495.557
64, W-05-04, -2.95003, 163.57772, 492.919
65, W-05-05, -26.42413, -176.78647, 497.071
66, W-05-06, -45.88638, -148.06274, 503.844
67, W-05-07, -53.01567, -102.54734, 506.469
68, W-05-08, -41.83236, -60.72690, 502.334
69, W-05-09, -20.86322, -35.21770, 495.557
70, W-05-10, 2.95003, -16.42228, 492.919
71, W-05-11, 26.42413, 3.21353, 497.071
72, W-06-00, 50.63131, 92.24960, 505.603
73, W-06-01, 50.68203, 140.25010, 505.622
74, W-06-02, 34.60297, 175.25675, 499.723
75, W-06-03, 12.06356, -162.84355, 493.790
76, W-06-04, -11.93960, -144.52268, 493.771
77, W-06-05, -34.49575, -122.66284, 499.685
78, W-06-06, -50.63131, -87.75040, 505.603
79, W-06-07, -50.68203, -39.74990, 505.622
80, W-06-08, -34.60297, -4.74325, 499.723
81, W-06-09, -12.06356, 17.15645, 493.790
82, W-06-10, 11.93960, 35.47732, 493.771
83, W-06-11, 34.49575, 57.33716, 499.685
84, W-07-00, 53.00217, 155.02157, 506.464
85, W-07-01, 45.96550, -159.39842, 503.873
86, W-07-02, 26.54040, -130.59862, 497.106
87, W-07-03, 3.07556, -110.94001, 492.924
88, W-07-04, -20.74297, -92.15774, 495.527
89, W-07-05, -41.73953, -66.70933, 502.299
90, W-07-06, -53.00217, -24.97843, 506.464
91, W-07-07, -45.96550, 20.60158, 503.873
92, W-07-08, -26.54040, 49.40138, 497.106
93, W-07-09, -3.07556, 69.05999, 492.924
94, W-07-10, 20.74297, 87.84226, 495.527
95, W-07-11, 41.73953, 113.29067, 502.299

[LINKS]
Type, SourceID, TargetID
ISL, 0, 1
ISL, 0, 23
ISL, 1, 2
ISL, 1, 12
ISL, 2, 3
ISL, 2, 13
ISL, 3, 4
ISL, 3, 14
ISL, 4, 5
ISL, 4, 15
ISL, 5, 6
ISL, 5, 15
ISL, 6, 7
ISL, 6, 17
ISL, 7, 8
ISL, 7, 18
ISL, 8, 9
ISL, 8, 19
ISL, 9, 10
ISL, 9, 20
ISL, 10, 11
ISL, 10, 21
ISL, 11, 0
ISL, 11, 21
ISL, 12, 13
ISL, 12, 35
ISL, 13, 14
ISL, 13, 24
ISL, 14, 15
ISL, 14, 25
ISL, 15, 16
ISL, 15, 26
ISL, 16, 17
ISL, 16, 27
ISL, 17, 18
ISL, 17, 28
ISL, 18, 19
ISL, 18, 29
ISL, 19, 20
ISL, 19, 30
ISL, 20, 21
ISL, 20, 31
ISL, 21, 22
ISL, 21, 32
ISL, 22, 23
ISL, 22, 33
ISL, 23, 12
ISL, 23, 34
ISL, 24, 25
ISL, 24, 47
ISL, 25, 26
ISL, 25, 36
ISL, 26, 27
ISL, 26, 37
ISL, 27, 28
ISL, 27, 38
ISL, 28, 29
ISL, 28, 39
ISL, 29, 30
ISL, 29, 40
ISL, 30, 31
ISL, 30, 41
ISL, 31, 32
ISL, 31, 42
ISL, 32, 33
ISL, 32, 43
ISL, 33, 34
ISL, 33, 44
ISL, 34, 35
ISL, 34, 45
ISL, 35, 24
ISL, 35, 46
ISL, 36, 37
ISL, 36, 59
ISL, 37, 38
ISL, 37, 48
ISL, 38, 39
ISL, 38, 49
ISL, 39, 40
ISL, 39, 50
ISL, 40, 41
ISL, 40, 50
ISL, 41, 42
ISL, 41, 52
ISL, 42, 43
ISL, 42, 53
ISL, 43, 44
ISL, 43, 54
ISL, 44, 45
ISL, 44, 55
ISL, 45, 46
ISL, 45, 56
ISL, 46, 47
ISL, 46, 56
ISL, 47, 36
ISL, 47, 58
ISL, 48, 49
ISL, 48, 71
ISL, 49, 50
ISL, 49, 60
ISL, 50, 51
ISL, 50, 61
ISL, 51, 52
ISL, 51, 62
ISL, 52, 53
ISL, 52, 63
ISL, 53, 54
ISL, 53, 64
ISL, 54, 55
ISL, 54, 65
ISL, 55, 56
ISL, 55, 66
ISL, 56, 57
ISL, 56, 67
ISL, 57, 58
ISL, 57, 68
ISL, 58, 59
ISL, 58, 69
ISL, 59, 48
ISL, 59, 70
ISL, 60, 61
ISL, 60, 83
ISL, 61, 62
ISL, 61, 72
ISL, 62, 63
ISL, 62, 73
ISL, 63, 64
ISL, 63, 73
ISL, 64, 65
ISL, 64, 75
ISL, 65, 66
ISL, 65, 76
ISL, 66, 67
ISL, 66, 77
ISL, 67, 68
ISL, 67, 78
ISL, 68, 69
ISL, 68, 79
ISL, 69, 70
ISL, 69, 79
ISL, 70, 71
ISL, 70, 81
ISL, 71, 60
ISL, 71, 82
ISL, 72, 73
ISL, 72, 95
ISL, 73, 74
ISL, 73, 84
ISL, 74, 75
ISL, 74, 85
ISL, 75, 76
ISL, 75, 85
ISL, 76, 77
ISL, 76, 87
ISL, 77, 78
ISL, 77, 88
ISL, 78, 79
ISL, 78, 89
ISL, 79, 80
ISL, 79, 90
ISL, 80, 81
ISL, 80, 91
ISL, 81, 82
ISL, 81, 91
ISL, 82, 83
ISL, 82, 93
ISL, 83, 72
ISL, 83, 94
ISL, 84, 85
ISL, 84, 2
ISL, 85, 86
ISL, 85, 3
ISL, 86, 87
ISL, 86, 4
ISL, 87, 88
ISL, 87, 5
ISL, 88, 89
ISL, 88, 6
ISL, 89, 90
ISL, 89, 7
ISL, 90, 91
ISL, 90, 8
ISL, 91, 92
ISL, 91, 9
ISL, 92, 93
ISL, 92, 10
ISL, 93, 94
ISL, 93, 11
ISL, 94, 95
ISL, 94, 0
ISL, 95, 84
ISL, 95, 1
