[METADATA]
Time: 2026-04-12 02:45:43
Step: 3
Total_Sats: 96

[NODES]
ID, Name, Lat(deg), Lon(deg), Alt(km)
0, W-00-00, -16.85339, 105.13391, 494.648
1, W-00-01, 7.09421, 123.59389, 493.187
2, W-00-02, 30.21279, 144.10016, 498.246
3, W-00-03, 48.31854, 175.49953, 504.749
4, W-00-04, 52.27850, -137.26259, 506.203
5, W-00-05, 38.63975, -98.52863, 501.161
6, W-00-06, 16.85339, -74.86609, 494.648
7, W-00-07, -7.09421, -56.40611, 493.187
8, W-00-08, -30.21279, -35.89984, 498.246
9, W-00-09, -48.31854, -4.50047, 504.749
10, W-00-10, -52.27850, 42.73741, 506.203
11, W-00-11, -38.63975, 81.47137, 501.161
12, W-01-00, -7.94801, 157.24468, 493.269
13, W-01-01, 16.01724, 175.66049, 494.479
14, W-01-02, 37.95100, -161.01753, 500.911
15, W-01-03, 52.05322, -122.94027, 506.122
16, W-01-04, 48.77039, -75.46345, 504.917
17, W-01-05, 30.97977, -43.47247, 498.496
18, W-01-06, 7.94801, -22.75532, 493.269
19, W-01-07, -16.01724, -4.33951, 494.479
20, W-01-08, -37.95100, 18.98247, 500.911
21, W-01-09, -52.05322, 57.05973, 506.122
22, W-01-10, -48.77039, 104.53655, 504.917
23, W-01-11, -30.97977, 136.52753, 498.496
24, W-02-00, 1.07767, -150.94668, 492.871
25, W-02-01, 24.67937, -131.62595, 496.567
26, W-02-02, 44.66910, -103.99877, 503.390
27, W-02-03, 53.15041, -59.52621, 506.518
28, W-02-04, 43.18620, -16.41426, 502.837
29, W-02-05, 22.64756, 10.03889, 496.012
30, W-02-06, -1.07767, 29.05332, 492.871
31, W-02-07, -24.67937, 48.37405, 496.567
32, W-02-08, -44.66910, 76.00123, 503.390
33, W-02-09, -53.15041, 120.47379, 506.518
34, W-02-10, -43.18620, 163.58574, 502.837
35, W-02-11, -22.64756, -169.96111, 496.012
36, W-03-00, 10.08741, -99.09787, 493.514
37, W-03-01, 32.87917, -77.80142, 499.130
38, W-03-02, 49.82137, -44.27387, 505.305
39, W-03-03, 51.38230, 3.60847, 505.878
40, W-03-04, 36.18207, 40.03443, 500.278
41, W-03-05, 13.90728, 62.56007, 494.089
42, W-03-06, -10.08741, 80.90213, 493.514
43, W-03-07, -32.87917, 102.19858, 499.130
44, W-03-08, -49.82137, 135.72613, 505.305
45, W-03-09, -51.38230, -176.39153, 505.878
46, W-03-10, -36.18207, -139.96557, 500.278
47, W-03-11, -13.90728, -117.43993, 494.089
48, W-04-00, 18.94225, -46.86091, 495.101
49, W-04-01, 40.32696, -22.28193, 501.778
50, W-04-02, 52.73528, 18.08063, 506.368
51, W-04-03, 47.10520, 64.53575, 504.298
52, W-04-04, 28.26191, 94.50626, 497.628
53, W-04-05, 4.94590, 114.53049, 493.021
54, W-04-06, -18.94225, 133.13909, 495.101
55, W-04-07, -40.32696, 157.71807, 501.778
56, W-04-08, -52.73528, -161.91937, 506.368
57, W-04-09, -47.10520, -115.46425, 504.298
58, W-04-10, -28.26191, -85.49374, 497.628
59, W-04-11, -4.94590, -65.46951, 493.021
60, W-05-00, 27.47603, 6.16589, 497.387
61, W-05-01, 46.59245, 35.59155, 504.107
62, W-05-02, 52.87278, 81.66683, 506.418
63, W-05-03, 40.98066, 122.66345, 502.019
64, W-05-04, 19.76907, 147.63221, 495.292
65, W-05-05, -4.08928, 166.31518, 492.971
66, W-05-06, -27.47603, -173.83411, 497.387
67, W-05-07, -46.59245, -144.40845, 504.107
68, W-05-08, -52.87278, -98.33317, 506.418
69, W-05-09, -40.98066, -57.33655, 502.019
70, W-05-10, -19.76907, -32.36779, 495.292
71, W-05-11, 4.08928, -13.68482, 492.971
72, W-06-00, 35.46316, 60.48446, 500.024
73, W-06-01, 51.07462, 96.25715, 505.765
74, W-06-02, 50.20481, 144.22105, 505.446
75, W-06-03, 33.62398, 178.37816, 499.384
76, W-06-04, 10.93692, -160.07436, 493.627
77, W-06-05, -13.06362, -141.74694, 493.947
78, W-06-06, -35.46316, -119.51554, 500.024
79, W-06-07, -51.07462, -83.74285, 505.765
80, W-06-08, -50.20481, -35.77895, 505.446
81, W-06-09, -33.62398, -1.62184, 499.384
82, W-06-10, -10.93692, 19.92564, 493.627
83, W-06-11, 13.06362, 38.25306, 493.947
84, W-07-00, 42.57308, 116.71651, 502.609
85, W-07-01, 53.10417, 159.24750, 506.501
86, W-07-02, 45.23544, -155.78429, 503.601
87, W-07-03, 25.48132, -127.66346, 496.796
88, W-07-04, 1.93569, -108.20413, 492.887
89, W-07-05, -21.83206, -89.29539, 495.800
90, W-07-06, -42.57308, -63.28349, 502.609
91, W-07-07, -53.10417, -20.75250, 506.501
92, W-07-08, -45.23544, 24.21571, 503.601
93, W-07-09, -25.48132, 52.33654, 496.796
94, W-07-10, -1.93569, 71.79587, 492.887
95, W-07-11, 21.83206, 90.70461, 495.800

[LINKS]
Type, SourceID, TargetID
ISL, 0, 1
ISL, 0, 23
ISL, 1, 2
ISL, 1, 12
ISL, 2, 3
ISL, 2, 13
ISL, 3, 4
ISL, 3, 14
ISL, 4, 5
ISL, 4, 15
ISL, 5, 6
ISL, 5, 15
ISL, 6, 7
ISL, 6, 17
ISL, 7, 8
ISL, 7, 18
ISL, 8, 9
ISL, 8, 19
ISL, 9, 10
ISL, 9, 20
ISL, 10, 11
ISL, 10, 21
ISL, 11, 0
ISL, 11, 21
ISL, 12, 13
ISL, 12, 35
ISL, 13, 14
ISL, 13, 24
ISL, 14, 15
ISL, 14, 25
ISL, 15, 16
ISL, 15, 26
ISL, 16, 17
ISL, 16, 27
ISL, 17, 18
ISL, 17, 28
ISL, 18, 19
ISL, 18, 29
ISL, 19, 20
ISL, 19, 30
ISL, 20, 21
ISL, 20, 31
ISL, 21, 22
ISL, 21, 32
ISL, 22, 23
ISL, 22, 33
ISL, 23, 12
ISL, 23, 34
ISL, 24, 25
ISL, 24, 47
ISL, 25, 26
ISL, 25, 36
ISL, 26, 27
ISL, 26, 37
ISL, 27, 28
ISL, 27, 38
ISL, 28, 29
ISL, 28, 39
ISL, 29, 30
ISL, 29, 40
ISL, 30, 31
ISL, 30, 41
ISL, 31, 32
ISL, 31, 42
ISL, 32, 33
ISL, 32, 43
ISL, 33, 34
ISL, 33, 44
ISL, 34, 35
ISL, 34, 45
ISL, 35, 24
ISL, 35, 46
ISL, 36, 37
ISL, 36, 59
ISL, 37, 38
ISL, 37, 48
ISL, 38, 39
ISL, 38, 49
ISL, 39, 40
ISL, 39, 50
ISL, 40, 41
ISL, 40, 50
ISL, 41, 42
ISL, 41, 52
ISL, 42, 43
ISL, 42, 53
ISL, 43, 44
ISL, 43, 54
ISL, 44, 45
ISL, 44, 55
ISL, 45, 46
ISL, 45, 56
ISL, 46, 47
ISL, 46, 56
ISL, 47, 36
ISL, 47, 58
ISL, 48, 49
ISL, 48, 71
ISL, 49, 50
ISL, 49, 60
ISL, 50, 51
ISL, 50, 61
ISL, 51, 52
ISL, 51, 62
ISL, 52, 53
ISL, 52, 63
ISL, 53, 54
ISL, 53, 64
ISL, 54, 55
ISL, 54, 65
ISL, 55, 56
ISL, 55, 66
ISL, 56, 57
ISL, 56, 67
ISL, 57, 58
ISL, 57, 68
ISL, 58, 59
ISL, 58, 69
ISL, 59, 48
ISL, 59, 70
ISL, 60, 61
ISL, 60, 83
ISL, 61, 62
ISL, 61, 72
ISL, 62, 63
ISL, 62, 73
ISL, 63, 64
ISL, 63, 73
ISL, 64, 65
ISL, 64, 75
ISL, 65, 66
ISL, 65, 76
ISL, 66, 67
ISL, 66, 77
ISL, 67, 68
ISL, 67, 78
ISL, 68, 69
ISL, 68, 79
ISL, 69, 70
ISL, 69, 79
ISL, 70, 71
ISL, 70, 81
ISL, 71, 60
ISL, 71, 82
ISL, 72, 73
ISL, 72, 95
ISL, 73, 74
ISL, 73, 84
ISL, 74, 75
ISL, 74, 85
ISL, 75, 76
ISL, 75, 85
ISL, 76, 77
ISL, 76, 87
ISL, 77, 78
ISL, 77, 88
ISL, 78, 79
ISL, 78, 89
ISL, 79, 80
ISL, 79, 90
ISL, 80, 81
ISL, 80, 91
ISL, 81, 82
ISL, 81, 91
ISL, 82, 83
ISL, 82, 93
ISL, 83, 72
ISL, 83, 94
ISL, 84, 85
ISL, 84, 2
ISL, 85, 86
ISL, 85, 3
ISL, 86, 87
ISL, 86, 4
ISL, 87, 88
ISL, 87, 5
ISL, 88, 89
ISL, 88, 6
ISL, 89, 90
ISL, 89, 7
ISL, 90, 91
ISL, 90, 8
ISL, 91, 92
ISL, 91, 9
ISL, 92, 93
ISL, 92, 10
ISL, 93, 94
ISL, 93, 11
ISL, 94, 95
ISL, 94, 0
ISL, 95, 84
ISL, 95, 1
