[METADATA]
Time: 2026-04-12 03:07:13
Step: 46
Total_Sats: 96

[NODES]
ID, Name, Lat(deg), Lon(deg), Alt(km)
0, W-00-00, 44.36191, 159.94280, 503.275
1, W-00-01, 53.16430, -155.85986, 506.523
2, W-00-02, 43.50742, -112.44708, 502.956
3, W-00-03, 23.08017, -85.75299, 496.127
4, W-00-04, -0.62090, -66.67856, 492.865
5, W-00-05, -24.25082, -47.42769, 496.447
6, W-00-06, -44.36191, -20.05720, 503.275
7, W-00-07, -53.16430, 24.14014, 506.523
8, W-00-08, -43.50742, 67.55292, 502.956
9, W-00-09, -23.08017, 94.24701, 496.127
10, W-00-10, 0.62090, 113.32144, 492.865
11, W-00-11, 24.25082, 132.57231, 496.447
12, W-01-00, 49.60897, -140.47596, 505.227
13, W-01-01, 51.53680, -92.65578, 505.934
14, W-01-02, 36.56144, -55.88064, 500.412
15, W-01-03, 14.35556, -33.19315, 494.168
16, W-01-04, -9.63466, -14.83988, 493.457
17, W-01-05, -32.47999, 6.32774, 498.995
18, W-01-06, -49.60897, 39.52404, 505.227
19, W-01-07, -51.53680, 87.34422, 505.934
20, W-01-08, -36.56144, 124.11936, 500.412
21, W-01-09, -14.35556, 146.80685, 494.168
22, W-01-10, 9.63466, 165.16012, 493.457
23, W-01-11, 32.47999, -173.67226, 498.995
24, W-02-00, 52.65169, -78.23310, 506.338
25, W-02-01, 47.37140, -31.59113, 504.397
26, W-02-02, 28.67817, -1.32490, 497.758
27, W-02-03, 5.40160, 18.79591, 493.051
28, W-02-04, -18.50097, 37.36848, 495.001
29, W-02-05, -39.97469, 61.74583, 501.648
30, W-02-06, -52.65169, 101.76690, 506.338
31, W-02-07, -47.37140, 148.40887, 504.397
32, W-02-08, -28.67817, 178.67510, 497.758
33, W-02-09, -5.40160, -161.20409, 493.051
34, W-02-10, 18.50097, -142.63152, 495.001
35, W-02-11, 39.97469, -118.25417, 501.648
36, W-03-00, 52.93550, -14.65585, 506.440
37, W-03-01, 41.32417, 26.67357, 502.146
38, W-03-02, 20.20796, 51.85571, 495.397
39, W-03-03, -3.63309, 70.58184, 492.948
40, W-03-04, -27.05572, 90.34434, 497.260
41, W-03-05, -46.31297, 119.48580, 504.003
42, W-03-06, -52.93550, 165.34415, 506.440
43, W-03-07, -41.32417, -153.32643, 502.146
44, W-03-08, -20.20796, -128.14429, 495.397
45, W-03-09, 3.63309, -109.41816, 492.948
46, W-03-10, 27.05572, -89.65566, 497.260
47, W-03-11, 46.31297, -60.51420, 504.003
48, W-04-00, 50.40044, 47.99896, 505.518
49, W-04-01, 34.01760, 82.49471, 499.520
50, W-04-02, 11.38850, 104.18068, 493.690
51, W-04-03, -12.61380, 122.50371, 493.875
52, W-04-04, -35.07730, 144.58365, 499.888
53, W-04-05, -50.90172, -179.98946, 505.702
54, W-04-06, -50.40044, -132.00104, 505.518
55, W-04-07, -34.01760, -97.50529, 499.520
56, W-04-08, -11.38850, -75.81932, 493.690
57, W-04-09, 12.61380, -57.49629, 493.875
58, W-04-10, 35.07730, -35.41635, 499.888
59, W-04-11, 50.90172, 0.01054, 505.702
60, W-05-00, 45.53100, 108.13688, 503.711
61, W-05-01, 25.90645, 136.52652, 496.919
62, W-05-02, 2.39230, 156.06359, 492.900
63, W-05-03, -21.39656, 174.91976, 495.690
64, W-05-04, -42.24174, -159.29715, 502.486
65, W-05-05, -53.06886, -117.08306, 506.488
66, W-05-06, -45.53100, -71.86312, 503.711
67, W-05-07, -25.90645, -43.47348, 496.919
68, W-05-08, -2.39230, -23.93641, 492.900
69, W-05-09, 21.39656, -5.08024, 495.690
70, W-05-10, 42.24174, 20.70285, 502.486
71, W-05-11, 53.06886, 62.91694, 506.488
72, W-06-00, 39.00252, 165.52082, 501.293
73, W-06-01, 17.29747, -170.62977, 494.740
74, W-06-02, -6.63935, -152.14281, 493.147
75, W-06-03, -29.80221, -131.74434, 498.114
76, W-06-04, -48.07060, -100.65475, 504.657
77, W-06-05, -52.38843, -53.56137, 506.243
78, W-06-06, -39.00252, -14.47918, 501.293
79, W-06-07, -17.29747, 9.37023, 494.740
80, W-06-08, 6.63935, 27.85719, 493.147
81, W-06-09, 29.80221, 48.25566, 498.114
82, W-06-10, 48.07060, 79.34525, 504.657
83, W-06-11, 52.38843, 126.43863, 506.243
84, W-07-00, 31.38560, -139.32803, 498.630
85, W-07-01, 8.40205, -118.49410, 493.316
86, W-07-02, -15.57122, -100.09835, 494.393
87, W-07-03, -37.58068, -76.95212, 500.778
88, W-07-04, -51.92347, -39.22512, 506.074
89, W-07-05, -49.00331, 8.36118, 505.003
90, W-07-06, -31.38560, 40.67197, 498.630
91, W-07-07, -8.40205, 61.50590, 493.316
92, W-07-08, 15.57122, 79.90165, 494.393
93, W-07-09, 37.58068, 103.04788, 500.778
94, W-07-10, 51.92347, 140.77488, 506.074
95, W-07-11, 49.00331, -171.63882, 505.003

[LINKS]
Type, SourceID, TargetID
ISL, 0, 1
ISL, 0, 23
ISL, 1, 2
ISL, 1, 12
ISL, 2, 3
ISL, 2, 13
ISL, 3, 4
ISL, 3, 14
ISL, 4, 5
ISL, 4, 15
ISL, 5, 6
ISL, 5, 15
ISL, 6, 7
ISL, 6, 17
ISL, 7, 8
ISL, 7, 18
ISL, 8, 9
ISL, 8, 19
ISL, 9, 10
ISL, 9, 20
ISL, 10, 11
ISL, 10, 21
ISL, 11, 0
ISL, 11, 21
ISL, 12, 13
ISL, 12, 35
ISL, 13, 14
ISL, 13, 24
ISL, 14, 15
ISL, 14, 25
ISL, 15, 16
ISL, 15, 26
ISL, 16, 17
ISL, 16, 27
ISL, 17, 18
ISL, 17, 28
ISL, 18, 19
ISL, 18, 29
ISL, 19, 20
ISL, 19, 30
ISL, 20, 21
ISL, 20, 31
ISL, 21, 22
ISL, 21, 32
ISL, 22, 23
ISL, 22, 33
ISL, 23, 12
ISL, 23, 34
ISL, 24, 25
ISL, 24, 47
ISL, 25, 26
ISL, 25, 36
ISL, 26, 27
ISL, 26, 37
ISL, 27, 28
ISL, 27, 38
ISL, 28, 29
ISL, 28, 39
ISL, 29, 30
ISL, 29, 40
ISL, 30, 31
ISL, 30, 41
ISL, 31, 32
ISL, 31, 42
ISL, 32, 33
ISL, 32, 43
ISL, 33, 34
ISL, 33, 44
ISL, 34, 35
ISL, 34, 45
ISL, 35, 24
ISL, 35, 46
ISL, 36, 37
ISL, 36, 59
ISL, 37, 38
ISL, 37, 48
ISL, 38, 39
ISL, 38, 49
ISL, 39, 40
ISL, 39, 50
ISL, 40, 41
ISL, 40, 50
ISL, 41, 42
ISL, 41, 52
ISL, 42, 43
ISL, 42, 53
ISL, 43, 44
ISL, 43, 54
ISL, 44, 45
ISL, 44, 55
ISL, 45, 46
ISL, 45, 56
ISL, 46, 47
ISL, 46, 56
ISL, 47, 36
ISL, 47, 58
ISL, 48, 49
ISL, 48, 71
ISL, 49, 50
ISL, 49, 60
ISL, 50, 51
ISL, 50, 61
ISL, 51, 52
ISL, 51, 62
ISL, 52, 53
ISL, 52, 63
ISL, 53, 54
ISL, 53, 64
ISL, 54, 55
ISL, 54, 65
ISL, 55, 56
ISL, 55, 66
ISL, 56, 57
ISL, 56, 67
ISL, 57, 58
ISL, 57, 68
ISL, 58, 59
ISL, 58, 69
ISL, 59, 48
ISL, 59, 70
ISL, 60, 61
ISL, 60, 83
ISL, 61, 62
ISL, 61, 72
ISL, 62, 63
ISL, 62, 73
ISL, 63, 64
ISL, 63, 73
ISL, 64, 65
ISL, 64, 75
ISL, 65, 66
ISL, 65, 76
ISL, 66, 67
ISL, 66, 77
ISL, 67, 68
ISL, 67, 78
ISL, 68, 69
ISL, 68, 79
ISL, 69, 70
ISL, 69, 79
ISL, 70, 71
ISL, 70, 81
ISL, 71, 60
ISL, 71, 82
ISL, 72, 73
ISL, 72, 95
ISL, 73, 74
ISL, 73, 84
ISL, 74, 75
ISL, 74, 85
ISL, 75, 76
ISL, 75, 85
ISL, 76, 77
ISL, 76, 87
ISL, 77, 78
ISL, 77, 88
ISL, 78, 79
ISL, 78, 89
ISL, 79, 80
ISL, 79, 90
ISL, 80, 81
ISL, 80, 91
ISL, 81, 82
ISL, 81, 91
ISL, 82, 83
ISL, 82, 93
ISL, 83, 72
ISL, 83, 94
ISL, 84, 85
ISL, 84, 2
ISL, 85, 86
ISL, 85, 3
ISL, 86, 87
ISL, 86, 4
ISL, 87, 88
ISL, 87, 5
ISL, 88, 89
ISL, 88, 6
ISL, 89, 90
ISL, 89, 7
ISL, 90, 91
ISL, 90, 8
ISL, 91, 92
ISL, 91, 9
ISL, 92, 93
ISL, 92, 10
ISL, 93, 94
ISL, 93, 11
ISL, 94, 95
ISL, 94, 0
ISL, 95, 84
ISL, 95, 1
