[METADATA]
Time: 2026-04-12 02:53:43
Step: 19
Total_Sats: 96

[NODES]
ID, Name, Lat(deg), Lon(deg), Alt(km)
0, W-00-00, 7.48303, 121.88573, 493.223
1, W-00-01, 30.56269, 142.48663, 498.360
2, W-00-02, 48.52653, 174.15381, 504.827
3, W-00-03, 52.17895, -138.49420, 506.167
4, W-00-04, 38.32734, -100.05891, 501.047
5, W-00-05, 16.47302, -76.55310, 494.570
6, W-00-06, -7.48303, -58.11427, 493.223
7, W-00-07, -30.56269, -37.51337, 498.360
8, W-00-08, -48.52653, -5.84619, 504.827
9, W-00-09, -52.17895, 41.50580, 506.167
10, W-00-10, -38.32734, 79.94109, 501.047
11, W-00-11, -16.47302, 103.44690, 494.570
12, W-01-00, 16.39820, 173.97201, 494.555
13, W-01-01, 38.26571, -162.55265, 501.025
14, W-01-02, 52.15879, -124.17612, 506.160
15, W-01-03, 48.56697, -76.80276, 504.842
16, W-01-04, 30.63132, -45.08263, 498.382
17, W-01-05, 7.55944, -24.46286, 493.230
18, W-01-06, -16.39820, -6.02799, 494.555
19, W-01-07, -38.26571, 17.44735, 501.025
20, W-01-08, -52.15879, 55.82388, 506.160
21, W-01-09, -48.56697, 103.19724, 504.842
22, W-01-10, -30.63132, 134.91737, 498.382
23, W-01-11, -7.55944, 155.53714, 493.230
24, W-02-00, 25.04499, -133.27679, 496.670
25, W-02-01, 44.92870, -105.42672, 503.486
26, W-02-02, 53.13262, -60.72494, 506.511
27, W-02-03, 42.90861, -17.87503, 502.733
28, W-02-04, 22.27673, 8.37539, 495.915
29, W-02-05, -1.46831, 27.34057, 492.877
30, W-02-06, -25.04499, 46.72321, 496.670
31, W-02-07, -44.92870, 74.57328, 503.486
32, W-02-08, -53.13262, 119.27506, 506.511
33, W-02-09, -42.90861, 162.12497, 502.733
34, W-02-10, -22.27673, -171.62461, 495.915
35, W-02-11, 1.46831, -152.65943, 492.877
36, W-03-00, 33.21909, -79.39199, 499.246
37, W-03-01, 49.99848, -45.57895, 505.370
38, W-03-02, 51.24503, 2.34625, 505.827
39, W-03-03, 35.85577, 38.47429, 500.162
40, W-03-04, 13.52344, 60.86439, 494.024
41, W-03-05, -10.47434, 79.19875, 493.564
42, W-03-06, -33.21909, 100.60801, 499.246
43, W-03-07, -49.99848, 134.42105, 505.370
44, W-03-08, -51.24503, -177.65375, 505.827
45, W-03-09, -35.85577, -141.52571, 500.162
46, W-03-10, -13.52344, -119.13561, 494.024
47, W-03-11, 10.47434, -100.80125, 493.564
48, W-04-00, 40.62589, -23.78438, 501.888
49, W-04-01, 52.80105, 16.86815, 506.392
50, W-04-02, 46.87379, 63.15492, 504.212
51, W-04-03, 27.90475, 92.87564, 497.518
52, W-04-04, 4.55599, 112.81959, 492.997
53, W-04-05, -19.31903, 131.46097, 495.187
54, W-04-06, -40.62589, 156.21562, 501.888
55, W-04-07, -52.80105, -163.13185, 506.392
56, W-04-08, -46.87379, -116.84508, 504.212
57, W-04-09, -27.90475, -87.12436, 497.518
58, W-04-10, -4.55599, -67.18041, 492.997
59, W-04-11, 19.31903, -48.53903, 495.187
60, W-05-00, 46.82790, 34.20430, 504.195
61, W-05-01, 52.81336, 80.45708, 506.396
62, W-05-02, 40.68439, 121.16635, 501.909
63, W-05-03, 19.39302, 145.95588, 495.204
64, W-05-04, -4.47933, 164.60391, 492.992
65, W-05-05, -27.83442, -175.46766, 497.496
66, W-05-06, -46.82790, -145.79570, 504.195
67, W-05-07, -52.81336, -99.54292, 506.396
68, W-05-08, -40.68439, -58.83365, 501.909
69, W-05-09, -19.39302, -34.04412, 495.204
70, W-05-10, 4.47933, -15.39609, 492.992
71, W-05-11, 27.83442, 4.53234, 497.496
72, W-06-00, 51.21749, 94.98955, 505.817
73, W-06-01, 50.03279, 142.92205, 505.383
74, W-06-02, 33.28574, 176.79143, 499.268
75, W-06-03, 10.55036, -161.77684, 493.574
76, W-06-04, -13.44794, -143.44379, 494.011
77, W-06-05, -35.79143, -121.08002, 500.139
78, W-06-06, -51.21749, -85.01045, 505.817
79, W-06-07, -50.03279, -37.07795, 505.383
80, W-06-08, -33.28574, -3.20857, 499.268
81, W-06-09, -10.55036, 18.22316, 493.574
82, W-06-10, 13.44794, 36.55621, 494.011
83, W-06-11, 35.79143, 58.91998, 500.139
84, W-07-00, 53.12848, 158.04783, 506.510
85, W-07-01, 44.97938, -157.20604, 503.505
86, W-07-02, 25.11675, -129.31179, 496.691
87, W-07-03, 1.54509, -109.91675, 492.878
88, W-07-04, -22.20376, -90.96103, 495.896
89, W-07-05, -42.85375, -64.75009, 502.713
90, W-07-06, -53.12848, -21.95217, 506.510
91, W-07-07, -44.97938, 22.79396, 503.505
92, W-07-08, -25.11675, 50.68821, 496.691
93, W-07-09, -1.54509, 70.08325, 492.878
94, W-07-10, 22.20376, 89.03897, 495.896
95, W-07-11, 42.85375, 115.24991, 502.713

[LINKS]
Type, SourceID, TargetID
ISL, 0, 1
ISL, 0, 23
ISL, 1, 2
ISL, 1, 12
ISL, 2, 3
ISL, 2, 13
ISL, 3, 4
ISL, 3, 14
ISL, 4, 5
ISL, 4, 15
ISL, 5, 6
ISL, 5, 15
ISL, 6, 7
ISL, 6, 17
ISL, 7, 8
ISL, 7, 18
ISL, 8, 9
ISL, 8, 19
ISL, 9, 10
ISL, 9, 20
ISL, 10, 11
ISL, 10, 21
ISL, 11, 0
ISL, 11, 21
ISL, 12, 13
ISL, 12, 35
ISL, 13, 14
ISL, 13, 24
ISL, 14, 15
ISL, 14, 25
ISL, 15, 16
ISL, 15, 26
ISL, 16, 17
ISL, 16, 27
ISL, 17, 18
ISL, 17, 28
ISL, 18, 19
ISL, 18, 29
ISL, 19, 20
ISL, 19, 30
ISL, 20, 21
ISL, 20, 31
ISL, 21, 22
ISL, 21, 32
ISL, 22, 23
ISL, 22, 33
ISL, 23, 12
ISL, 23, 34
ISL, 24, 25
ISL, 24, 47
ISL, 25, 26
ISL, 25, 36
ISL, 26, 27
ISL, 26, 37
ISL, 27, 28
ISL, 27, 38
ISL, 28, 29
ISL, 28, 39
ISL, 29, 30
ISL, 29, 40
ISL, 30, 31
ISL, 30, 41
ISL, 31, 32
ISL, 31, 42
ISL, 32, 33
ISL, 32, 43
ISL, 33, 34
ISL, 33, 44
ISL, 34, 35
ISL, 34, 45
ISL, 35, 24
ISL, 35, 46
ISL, 36, 37
ISL, 36, 59
ISL, 37, 38
ISL, 37, 48
ISL, 38, 39
ISL, 38, 49
ISL, 39, 40
ISL, 39, 50
ISL, 40, 41
ISL, 40, 50
ISL, 41, 42
ISL, 41, 52
ISL, 42, 43
ISL, 42, 53
ISL, 43, 44
ISL, 43, 54
ISL, 44, 45
ISL, 44, 55
ISL, 45, 46
ISL, 45, 56
ISL, 46, 47
ISL, 46, 56
ISL, 47, 36
ISL, 47, 58
ISL, 48, 49
ISL, 48, 71
ISL, 49, 50
ISL, 49, 60
ISL, 50, 51
ISL, 50, 61
ISL, 51, 52
ISL, 51, 62
ISL, 52, 53
ISL, 52, 63
ISL, 53, 54
ISL, 53, 64
ISL, 54, 55
ISL, 54, 65
ISL, 55, 56
ISL, 55, 66
ISL, 56, 57
ISL, 56, 67
ISL, 57, 58
ISL, 57, 68
ISL, 58, 59
ISL, 58, 69
ISL, 59, 48
ISL, 59, 70
ISL, 60, 61
ISL, 60, 83
ISL, 61, 62
ISL, 61, 72
ISL, 62, 63
ISL, 62, 73
ISL, 63, 64
ISL, 63, 73
ISL, 64, 65
ISL, 64, 75
ISL, 65, 66
ISL, 65, 76
ISL, 66, 67
ISL, 66, 77
ISL, 67, 68
ISL, 67, 78
ISL, 68, 69
ISL, 68, 79
ISL, 69, 70
ISL, 69, 79
ISL, 70, 71
ISL, 70, 81
ISL, 71, 60
ISL, 71, 82
ISL, 72, 73
ISL, 72, 95
ISL, 73, 74
ISL, 73, 84
ISL, 74, 75
ISL, 74, 85
ISL, 75, 76
ISL, 75, 85
ISL, 76, 77
ISL, 76, 87
ISL, 77, 78
ISL, 77, 88
ISL, 78, 79
ISL, 78, 89
ISL, 79, 80
ISL, 79, 90
ISL, 80, 81
ISL, 80, 91
ISL, 81, 82
ISL, 81, 91
ISL, 82, 83
ISL, 82, 93
ISL, 83, 72
ISL, 83, 94
ISL, 84, 85
ISL, 84, 2
ISL, 85, 86
ISL, 85, 3
ISL, 86, 87
ISL, 86, 4
ISL, 87, 88
ISL, 87, 5
ISL, 88, 89
ISL, 88, 6
ISL, 89, 90
ISL, 89, 7
ISL, 90, 91
ISL, 90, 8
ISL, 91, 92
ISL, 91, 9
ISL, 92, 93
ISL, 92, 10
ISL, 93, 94
ISL, 93, 11
ISL, 94, 95
ISL, 94, 0
ISL, 95, 84
ISL, 95, 1
