[METADATA]
Time: 2026-04-12 02:55:13
Step: 22
Total_Sats: 96

[NODES]
ID, Name, Lat(deg), Lon(deg), Alt(km)
0, W-00-00, 12.03598, 125.05235, 493.786
1, W-00-01, 34.57912, 146.94316, 499.714
2, W-00-02, 50.67079, -178.07116, 505.617
3, W-00-03, 50.64264, -130.07058, 505.607
4, W-00-04, 34.51963, -95.13719, 499.694
5, W-00-05, 11.96719, -73.26850, 493.775
6, W-00-06, -12.03598, -54.94765, 493.786
7, W-00-07, -34.57912, -33.05684, 499.714
8, W-00-08, -50.67079, 1.92884, 505.617
9, W-00-09, -50.64264, 49.92942, 505.607
10, W-00-10, -34.51963, 84.86281, 499.694
11, W-00-11, -11.96719, 106.73150, 493.775
12, W-01-00, 20.83647, 177.42445, 495.550
13, W-01-01, 41.81172, -157.07990, 502.326
14, W-01-02, 53.01271, -115.27936, 506.468
15, W-01-03, 45.90401, -69.74953, 503.850
16, W-01-04, 26.45001, -41.00889, 497.079
17, W-01-05, 2.97797, -21.36803, 492.920
18, W-01-06, -20.83647, -2.57555, 495.550
19, W-01-07, -41.81172, 22.92010, 502.326
20, W-01-08, -53.01271, 64.72064, 506.468
21, W-01-09, -45.90401, 110.25047, 503.850
22, W-01-10, -26.45001, 138.99111, 497.079
23, W-01-11, -2.97797, 158.63197, 492.920
24, W-02-00, 29.27315, -129.31418, 497.945
25, W-02-01, 47.74515, -98.61664, 504.536
26, W-02-02, 52.51920, -51.72579, 506.290
27, W-02-03, 39.46392, -12.19886, 501.461
28, W-02-04, 17.86613, 11.89604, 494.861
29, W-02-05, -6.05543, 30.42116, 493.099
30, W-02-06, -29.27315, 50.68582, 497.945
31, W-02-07, -47.74515, 81.38336, 504.536
32, W-02-08, -52.51920, 128.27421, 506.290
33, W-02-09, -39.46392, 167.80114, 501.461
34, W-02-10, -17.86613, -168.10396, 494.861
35, W-02-11, 6.05543, -149.57884, 493.099
36, W-03-00, 37.10191, -74.63509, 500.606
37, W-03-01, 51.74711, -37.35757, 506.010
38, W-03-02, 49.29422, 10.35082, 505.111
39, W-03-03, 31.90372, 43.07668, 498.802
40, W-03-04, 8.98407, 64.06510, 493.380
41, W-03-05, -14.99807, 82.43862, 494.285
42, W-03-06, -37.10191, 105.36491, 500.606
43, W-03-07, -51.74711, 142.64243, 506.010
44, W-03-08, -49.29422, -169.64918, 505.111
45, W-03-09, -31.90372, -136.92332, 498.802
46, W-03-10, -8.98407, -115.93490, 493.380
47, W-03-11, 14.99807, -97.56138, 494.285
48, W-04-00, 43.96213, -17.89670, 503.126
49, W-04-01, 53.17118, 25.93673, 506.525
50, W-04-02, 43.91415, 69.72611, 503.108
51, W-04-03, 23.63364, 96.73551, 496.277
52, W-04-04, -0.03486, 115.89076, 492.863
53, W-04-05, -23.69937, 135.05592, 496.295
54, W-04-06, -43.96213, 162.10330, 503.126
55, W-04-07, -53.17118, -154.06327, 506.525
56, W-04-08, -43.91415, -110.27389, 503.108
57, W-04-09, -23.63364, -83.26449, 496.277
58, W-04-10, 0.03486, -64.10924, 492.863
59, W-04-11, 23.69937, -44.94408, 496.295
60, W-05-00, 49.32823, 41.50045, 505.123
61, W-05-01, 51.72540, 89.22198, 506.002
62, W-05-02, 37.04469, 126.44605, 500.585
63, W-05-03, 14.92982, 149.34659, 494.272
64, W-05-04, -9.05327, 167.71772, 493.388
65, W-05-05, -31.96516, -171.27512, 498.822
66, W-05-06, -49.32823, -138.49955, 505.123
67, W-05-07, -51.72540, -90.77802, 506.002
68, W-05-08, -37.04469, -53.55395, 500.585
69, W-05-09, -14.92982, -30.65341, 494.272
70, W-05-10, 9.05327, -12.28228, 493.388
71, W-05-11, 31.96516, 8.72488, 498.822
72, W-06-00, 52.53398, 103.59506, 506.296
73, W-06-01, 47.70590, 150.46056, 504.522
74, W-06-02, 29.21004, -178.88814, 497.925
75, W-06-03, 5.98594, -158.63906, 493.094
76, W-06-04, -17.93369, -140.10913, 494.876
77, W-06-05, -39.51850, -115.98460, 501.481
78, W-06-06, -52.53398, -76.40494, 506.296
79, W-06-07, -47.70590, -29.53944, 504.522
80, W-06-08, -29.21004, 1.11186, 497.925
81, W-06-09, -5.98594, 21.36094, 493.094
82, W-06-10, 17.93369, 39.89087, 494.876
83, W-06-11, 39.51850, 64.01540, 501.481
84, W-07-00, 53.00522, 167.15175, 506.465
85, W-07-01, 41.76021, -151.09739, 502.307
86, W-07-02, 20.76974, -125.63548, 495.534
87, W-07-03, -3.04763, -106.85030, 492.923
88, W-07-04, -26.51454, -87.19679, 497.098
89, W-07-05, -45.94792, -58.41394, 503.867
90, W-07-06, -53.00522, -12.84825, 506.465
91, W-07-07, -41.76021, 28.90261, 502.307
92, W-07-08, -20.76974, 54.36452, 495.534
93, W-07-09, 3.04763, 73.14970, 492.923
94, W-07-10, 26.51454, 92.80321, 497.098
95, W-07-11, 45.94792, 121.58606, 503.867

[LINKS]
Type, SourceID, TargetID
ISL, 0, 1
ISL, 0, 23
ISL, 1, 2
ISL, 1, 12
ISL, 2, 3
ISL, 2, 13
ISL, 3, 4
ISL, 3, 14
ISL, 4, 5
ISL, 4, 15
ISL, 5, 6
ISL, 5, 15
ISL, 6, 7
ISL, 6, 17
ISL, 7, 8
ISL, 7, 18
ISL, 8, 9
ISL, 8, 19
ISL, 9, 10
ISL, 9, 20
ISL, 10, 11
ISL, 10, 21
ISL, 11, 0
ISL, 11, 21
ISL, 12, 13
ISL, 12, 35
ISL, 13, 14
ISL, 13, 24
ISL, 14, 15
ISL, 14, 25
ISL, 15, 16
ISL, 15, 26
ISL, 16, 17
ISL, 16, 27
ISL, 17, 18
ISL, 17, 28
ISL, 18, 19
ISL, 18, 29
ISL, 19, 20
ISL, 19, 30
ISL, 20, 21
ISL, 20, 31
ISL, 21, 22
ISL, 21, 32
ISL, 22, 23
ISL, 22, 33
ISL, 23, 12
ISL, 23, 34
ISL, 24, 25
ISL, 24, 47
ISL, 25, 26
ISL, 25, 36
ISL, 26, 27
ISL, 26, 37
ISL, 27, 28
ISL, 27, 38
ISL, 28, 29
ISL, 28, 39
ISL, 29, 30
ISL, 29, 40
ISL, 30, 31
ISL, 30, 41
ISL, 31, 32
ISL, 31, 42
ISL, 32, 33
ISL, 32, 43
ISL, 33, 34
ISL, 33, 44
ISL, 34, 35
ISL, 34, 45
ISL, 35, 24
ISL, 35, 46
ISL, 36, 37
ISL, 36, 59
ISL, 37, 38
ISL, 37, 48
ISL, 38, 39
ISL, 38, 49
ISL, 39, 40
ISL, 39, 50
ISL, 40, 41
ISL, 40, 50
ISL, 41, 42
ISL, 41, 52
ISL, 42, 43
ISL, 42, 53
ISL, 43, 44
ISL, 43, 54
ISL, 44, 45
ISL, 44, 55
ISL, 45, 46
ISL, 45, 56
ISL, 46, 47
ISL, 46, 56
ISL, 47, 36
ISL, 47, 58
ISL, 48, 49
ISL, 48, 71
ISL, 49, 50
ISL, 49, 60
ISL, 50, 51
ISL, 50, 61
ISL, 51, 52
ISL, 51, 62
ISL, 52, 53
ISL, 52, 63
ISL, 53, 54
ISL, 53, 64
ISL, 54, 55
ISL, 54, 65
ISL, 55, 56
ISL, 55, 66
ISL, 56, 57
ISL, 56, 67
ISL, 57, 58
ISL, 57, 68
ISL, 58, 59
ISL, 58, 69
ISL, 59, 48
ISL, 59, 70
ISL, 60, 61
ISL, 60, 83
ISL, 61, 62
ISL, 61, 72
ISL, 62, 63
ISL, 62, 73
ISL, 63, 64
ISL, 63, 73
ISL, 64, 65
ISL, 64, 75
ISL, 65, 66
ISL, 65, 76
ISL, 66, 67
ISL, 66, 77
ISL, 67, 68
ISL, 67, 78
ISL, 68, 69
ISL, 68, 79
ISL, 69, 70
ISL, 69, 79
ISL, 70, 71
ISL, 70, 81
ISL, 71, 60
ISL, 71, 82
ISL, 72, 73
ISL, 72, 95
ISL, 73, 74
ISL, 73, 84
ISL, 74, 75
ISL, 74, 85
ISL, 75, 76
ISL, 75, 85
ISL, 76, 77
ISL, 76, 87
ISL, 77, 78
ISL, 77, 88
ISL, 78, 79
ISL, 78, 89
ISL, 79, 80
ISL, 79, 90
ISL, 80, 81
ISL, 80, 91
ISL, 81, 82
ISL, 81, 91
ISL, 82, 83
ISL, 82, 93
ISL, 83, 72
ISL, 83, 94
ISL, 84, 85
ISL, 84, 2
ISL, 85, 86
ISL, 85, 3
ISL, 86, 87
ISL, 86, 4
ISL, 87, 88
ISL, 87, 5
ISL, 88, 89
ISL, 88, 6
ISL, 89, 90
ISL, 89, 7
ISL, 90, 91
ISL, 90, 8
ISL, 91, 92
ISL, 91, 9
ISL, 92, 93
ISL, 92, 10
ISL, 93, 94
ISL, 93, 11
ISL, 94, 95
ISL, 94, 0
ISL, 95, 84
ISL, 95, 1
