[METADATA]
Time: 2026-04-12 03:42:43
Step: 117
Total_Sats: 96

[NODES]
ID, Name, Lat(deg), Lon(deg), Alt(km)
0, W-00-00, -12.83731, -66.21710, 493.911
1, W-00-01, -35.26925, -44.06236, 499.955
2, W-00-02, -50.98839, -8.46388, 505.734
3, W-00-03, -50.30400, 39.51400, 505.483
4, W-00-04, -33.82231, 73.84124, 499.452
5, W-00-05, -11.16423, 95.45799, 493.659
6, W-00-06, 12.83731, 113.78290, 493.911
7, W-00-07, 35.26925, 135.93764, 499.955
8, W-00-08, 50.98839, 171.53612, 505.734
9, W-00-09, 50.30400, -140.48600, 505.483
10, W-00-10, 33.82231, -106.15876, 499.452
11, W-00-11, 11.16423, -84.54201, 493.659
12, W-01-00, -21.61302, -13.78355, 495.745
13, W-01-01, -42.40676, 12.11268, 502.547
14, W-01-02, -53.08733, 54.48482, 506.495
15, W-01-03, -45.38470, 99.58080, 503.657
16, W-01-04, -25.69542, 127.83638, 496.858
17, W-01-05, -2.16548, 147.33449, 492.893
18, W-01-06, 21.61302, 166.21645, 495.745
19, W-01-07, 42.40676, -167.88732, 502.547
20, W-01-08, 53.08733, -125.51518, 506.495
21, W-01-09, 45.38470, -80.41920, 503.657
22, W-01-10, 25.69542, -52.16362, 496.858
23, W-01-11, 2.16548, -32.66551, 492.893
24, W-02-00, -30.00637, 39.58181, 498.180
25, W-02-01, -48.19440, 70.82483, 504.703
26, W-02-02, -52.33469, 117.99148, 506.224
27, W-02-03, -38.82265, 156.90083, 501.227
28, W-02-04, -17.07696, -179.34308, 494.694
29, W-02-05, 6.86534, -160.86983, 493.166
30, W-02-06, 30.00637, -140.41819, 498.180
31, W-02-07, 48.19440, -109.17517, 504.703
32, W-02-08, 52.33469, -62.00852, 506.224
33, W-02-09, 38.82265, -23.09917, 501.227
34, W-02-10, 17.07696, 0.65692, 494.694
35, W-02-11, -6.86534, 19.13017, 493.166
36, W-03-00, -37.76496, 94.41858, 500.844
37, W-03-01, -51.98877, 132.31960, 506.098
38, W-03-02, -48.88828, 179.85307, 504.961
39, W-03-03, -31.18421, -147.99542, 498.563
40, W-03-04, -8.17654, -127.21990, 493.292
41, W-03-05, 15.79286, -108.81448, 494.435
42, W-03-06, 37.76496, -85.58142, 500.844
43, W-03-07, 51.98877, -47.68040, 506.098
44, W-03-08, 48.88828, -0.14693, 504.961
45, W-03-09, 31.18421, 32.00458, 498.563
46, W-03-10, 8.17654, 52.78010, 493.292
47, W-03-11, -15.79286, 71.18552, 494.435
48, W-04-00, -44.51500, 151.37481, 503.332
49, W-04-01, -53.15833, -164.29018, 506.520
50, W-04-02, -43.34831, -121.02607, 502.897
51, W-04-03, -22.86540, -94.45219, 496.070
52, W-04-04, 0.84781, -75.40790, 492.868
53, W-04-05, 24.46385, -56.12266, 496.506
54, W-04-06, 44.51500, -28.62519, 503.332
55, W-04-07, 53.15833, 15.70982, 506.520
56, W-04-08, 43.34831, 58.97393, 502.897
57, W-04-09, 22.86540, 85.54781, 496.070
58, W-04-10, -0.84781, 104.59210, 492.868
59, W-04-11, -24.46385, 123.87734, 496.506
60, W-05-00, -49.71519, -148.97259, 505.266
61, W-05-01, -51.46087, -101.11991, 505.906
62, W-05-02, -36.37327, -64.51833, 500.346
63, W-05-03, -14.13295, -41.91170, 494.129
64, W-05-04, 9.85962, -23.56429, 493.485
65, W-05-05, 32.67852, -2.33309, 499.062
66, W-05-06, 49.71519, 31.02741, 505.266
67, W-05-07, 51.46087, 78.88009, 505.906
68, W-05-08, 36.37327, 115.48167, 500.346
69, W-05-09, 14.13295, 138.08830, 494.129
70, W-05-10, -9.85962, 156.43571, 493.485
71, W-05-11, -32.67852, 177.66691, 499.062
72, W-06-00, -52.69411, -86.67383, 506.353
73, W-06-01, -47.23976, -40.12332, 504.348
74, W-06-02, -28.47157, -10.00448, 497.693
75, W-06-03, -5.17525, 10.06799, 493.036
76, W-06-04, 18.72028, 28.65815, 495.050
77, W-06-05, 40.15005, 53.13515, 501.713
78, W-06-06, 52.69411, 93.32617, 506.353
79, W-06-07, 47.23976, 139.87668, 504.348
80, W-06-08, 28.47157, 169.99552, 497.693
81, W-06-09, 5.17525, -169.93201, 493.036
82, W-06-10, -18.72028, -151.34185, 495.050
83, W-06-11, -40.15005, -126.86485, 501.713
84, W-07-00, -52.90526, -23.09135, 506.429
85, W-07-01, -41.15392, 18.07319, 502.083
86, W-07-02, -19.99005, 43.14881, 495.345
87, W-07-03, 3.85972, 61.85319, 492.959
88, W-07-04, 27.26468, 81.65915, 497.323
89, W-07-05, 46.45237, 110.94129, 504.055
90, W-07-06, 52.90526, 156.90865, 506.429
91, W-07-07, 41.15392, -161.92681, 502.083
92, W-07-08, 19.99005, -136.85119, 495.345
93, W-07-09, -3.85972, -118.14681, 492.959
94, W-07-10, -27.26468, -98.34085, 497.323
95, W-07-11, -46.45237, -69.05871, 504.055

[LINKS]
Type, SourceID, TargetID
ISL, 0, 1
ISL, 0, 23
ISL, 1, 2
ISL, 1, 12
ISL, 2, 3
ISL, 2, 13
ISL, 3, 4
ISL, 3, 14
ISL, 4, 5
ISL, 4, 15
ISL, 5, 6
ISL, 5, 15
ISL, 6, 7
ISL, 6, 17
ISL, 7, 8
ISL, 7, 18
ISL, 8, 9
ISL, 8, 19
ISL, 9, 10
ISL, 9, 20
ISL, 10, 11
ISL, 10, 21
ISL, 11, 0
ISL, 11, 21
ISL, 12, 13
ISL, 12, 35
ISL, 13, 14
ISL, 13, 24
ISL, 14, 15
ISL, 14, 25
ISL, 15, 16
ISL, 15, 26
ISL, 16, 17
ISL, 16, 27
ISL, 17, 18
ISL, 17, 28
ISL, 18, 19
ISL, 18, 29
ISL, 19, 20
ISL, 19, 30
ISL, 20, 21
ISL, 20, 31
ISL, 21, 22
ISL, 21, 32
ISL, 22, 23
ISL, 22, 33
ISL, 23, 12
ISL, 23, 34
ISL, 24, 25
ISL, 24, 47
ISL, 25, 26
ISL, 25, 36
ISL, 26, 27
ISL, 26, 37
ISL, 27, 28
ISL, 27, 38
ISL, 28, 29
ISL, 28, 39
ISL, 29, 30
ISL, 29, 40
ISL, 30, 31
ISL, 30, 41
ISL, 31, 32
ISL, 31, 42
ISL, 32, 33
ISL, 32, 43
ISL, 33, 34
ISL, 33, 44
ISL, 34, 35
ISL, 34, 45
ISL, 35, 24
ISL, 35, 46
ISL, 36, 37
ISL, 36, 59
ISL, 37, 38
ISL, 37, 48
ISL, 38, 39
ISL, 38, 49
ISL, 39, 40
ISL, 39, 50
ISL, 40, 41
ISL, 40, 50
ISL, 41, 42
ISL, 41, 52
ISL, 42, 43
ISL, 42, 53
ISL, 43, 44
ISL, 43, 54
ISL, 44, 45
ISL, 44, 55
ISL, 45, 46
ISL, 45, 56
ISL, 46, 47
ISL, 46, 56
ISL, 47, 36
ISL, 47, 58
ISL, 48, 49
ISL, 48, 71
ISL, 49, 50
ISL, 49, 60
ISL, 50, 51
ISL, 50, 61
ISL, 51, 52
ISL, 51, 62
ISL, 52, 53
ISL, 52, 63
ISL, 53, 54
ISL, 53, 64
ISL, 54, 55
ISL, 54, 65
ISL, 55, 56
ISL, 55, 66
ISL, 56, 57
ISL, 56, 67
ISL, 57, 58
ISL, 57, 68
ISL, 58, 59
ISL, 58, 69
ISL, 59, 48
ISL, 59, 70
ISL, 60, 61
ISL, 60, 83
ISL, 61, 62
ISL, 61, 72
ISL, 62, 63
ISL, 62, 73
ISL, 63, 64
ISL, 63, 73
ISL, 64, 65
ISL, 64, 75
ISL, 65, 66
ISL, 65, 76
ISL, 66, 67
ISL, 66, 77
ISL, 67, 68
ISL, 67, 78
ISL, 68, 69
ISL, 68, 79
ISL, 69, 70
ISL, 69, 79
ISL, 70, 71
ISL, 70, 81
ISL, 71, 60
ISL, 71, 82
ISL, 72, 73
ISL, 72, 95
ISL, 73, 74
ISL, 73, 84
ISL, 74, 75
ISL, 74, 85
ISL, 75, 76
ISL, 75, 85
ISL, 76, 77
ISL, 76, 87
ISL, 77, 78
ISL, 77, 88
ISL, 78, 79
ISL, 78, 89
ISL, 79, 80
ISL, 79, 90
ISL, 80, 81
ISL, 80, 91
ISL, 81, 82
ISL, 81, 91
ISL, 82, 83
ISL, 82, 93
ISL, 83, 72
ISL, 83, 94
ISL, 84, 85
ISL, 84, 2
ISL, 85, 86
ISL, 85, 3
ISL, 86, 87
ISL, 86, 4
ISL, 87, 88
ISL, 87, 5
ISL, 88, 89
ISL, 88, 6
ISL, 89, 90
ISL, 89, 7
ISL, 90, 91
ISL, 90, 8
ISL, 91, 92
ISL, 91, 9
ISL, 92, 93
ISL, 92, 10
ISL, 93, 94
ISL, 93, 11
ISL, 94, 95
ISL, 94, 0
ISL, 95, 84
ISL, 95, 1
