[METADATA]
Time: 2026-04-12 04:01:43
Step: 155
Total_Sats: 96

[NODES]
ID, Name, Lat(deg), Lon(deg), Alt(km)
0, W-00-00, -53.14378, 6.63571, 506.515
1, W-00-01, -44.77588, 51.20294, 503.429
2, W-00-02, -24.82936, 78.92112, 496.609
3, W-00-03, -1.23782, 98.26699, 492.873
4, W-00-04, 22.49563, 117.26100, 495.972
5, W-00-05, 43.07272, 143.63067, 502.795
6, W-00-06, 53.14378, -173.36429, 506.515
7, W-00-07, 44.77588, -128.79706, 503.429
8, W-00-08, 24.82936, -101.07888, 496.609
9, W-00-09, 1.23782, -81.73301, 492.873
10, W-00-10, -22.49563, -62.73900, 495.972
11, W-00-11, -43.07272, -36.36933, 502.795
12, W-01-00, -52.09711, 70.06551, 506.137
13, W-01-01, -38.08024, 108.26550, 500.958
14, W-01-02, -16.17347, 131.65001, 494.510
15, W-01-03, 7.78874, 150.07342, 493.253
16, W-01-04, 30.83707, 170.75037, 498.449
17, W-01-05, 48.68746, -157.36999, 504.886
18, W-01-06, 52.09711, -109.93449, 506.137
19, W-01-07, 38.08024, -71.73450, 500.958
20, W-01-08, 16.17347, -48.34999, 494.510
21, W-01-09, -7.78874, -29.92658, 493.253
22, W-01-10, -30.83707, -9.24963, 498.449
23, W-01-11, -48.68746, 22.63001, 504.886
24, W-02-00, -48.40426, 131.67095, 504.781
25, W-02-01, -30.35637, 163.17980, 498.293
26, W-02-02, -7.25363, -176.27541, 493.201
27, W-02-03, 16.69752, -157.82431, 494.616
28, W-02-04, 38.51191, -134.22637, 501.114
29, W-02-05, 52.23830, -95.61477, 506.189
30, W-02-06, 48.40426, -48.32905, 504.781
31, W-02-07, 30.35637, -16.82020, 498.293
32, W-02-08, 7.25363, 3.72459, 493.201
33, W-02-09, -16.69752, 22.17569, 494.616
34, W-02-10, -38.51191, 45.77363, 501.114
35, W-02-11, -52.23830, 84.38523, 506.189
36, W-03-00, -42.68845, -169.49653, 502.652
37, W-03-01, -21.98452, -143.40341, 495.840
38, W-03-02, 1.77557, -124.47564, 492.883
39, W-03-03, 25.33197, -105.04291, 496.753
40, W-03-04, 45.13083, -77.01534, 503.562
41, W-03-05, 53.11480, -32.13742, 506.505
42, W-03-06, 42.68845, 10.50347, 502.652
43, W-03-07, 21.98452, 36.59659, 495.840
44, W-03-08, -1.77557, 55.52436, 492.883
45, W-03-09, -25.33197, 74.95709, 496.753
46, W-03-10, -45.13083, 102.98466, 503.562
47, W-03-11, -53.11480, 147.86258, 506.505
48, W-04-00, -35.59793, -113.22451, 500.071
49, W-04-01, -13.22122, -90.93916, 493.973
50, W-04-02, 10.77849, -72.60964, 493.605
51, W-04-03, 33.48549, -51.10992, 499.337
52, W-04-04, 50.13481, -17.07098, 505.421
53, W-04-05, 51.13375, 30.88121, 505.787
54, W-04-06, 35.59793, 66.77549, 500.071
55, W-04-07, 13.22122, 89.06084, 493.973
56, W-04-08, -10.77849, 107.39036, 493.605
57, W-04-09, -33.48549, 128.89008, 499.337
58, W-04-10, -50.13481, 162.92902, 505.421
59, W-04-11, -51.13375, -149.11879, 505.787
60, W-05-00, -27.62307, -58.87776, 497.432
61, W-05-01, -4.24920, -38.99545, 492.979
62, W-05-02, 19.61499, -20.32703, 495.256
63, W-05-03, 40.85947, 4.56790, 501.974
64, W-05-04, 52.84907, 45.44700, 506.409
65, W-05-05, 46.68938, 91.59596, 504.143
66, W-05-06, 27.62307, 121.12224, 497.432
67, W-05-07, 4.24920, 141.00455, 492.979
68, W-05-08, -19.61499, 159.67297, 495.256
69, W-05-09, -40.85947, -175.43210, 501.974
70, W-05-10, -52.84907, -134.55300, 506.409
71, W-05-11, -46.68938, -88.40404, 504.143
72, W-06-00, -19.09678, -5.83281, 495.136
73, W-06-01, 4.78607, 12.78901, 493.011
74, W-06-02, 28.11562, 32.78007, 497.583
75, W-06-03, 47.01074, 62.64783, 504.263
76, W-06-04, 52.76288, 109.03488, 506.378
77, W-06-05, 40.44977, 149.51655, 501.823
78, W-06-06, 19.09678, 174.16719, 495.136
79, W-06-07, -4.78607, -167.21099, 493.011
80, W-06-08, -28.11562, -147.21993, 497.583
81, W-06-09, -47.01074, -117.35217, 504.263
82, W-06-10, -52.76288, -70.96512, 506.378
83, W-06-11, -40.44977, -30.48345, 501.823
84, W-07-00, -10.24607, 46.41442, 493.534
85, W-07-01, 13.74997, 64.75311, 494.062
86, W-07-02, 36.04850, 87.22287, 500.230
87, W-07-03, 51.32660, 123.52660, 505.857
88, W-07-04, 49.89448, 171.42767, 505.332
89, W-07-05, 33.01869, -154.92798, 499.178
90, W-07-06, 10.24607, -133.58558, 493.534
91, W-07-07, -13.74997, -115.24689, 494.062
92, W-07-08, -36.04850, -92.77713, 500.230
93, W-07-09, -51.32660, -56.47340, 505.857
94, W-07-10, -49.89448, -8.57233, 505.332
95, W-07-11, -33.01869, 25.07202, 499.178

[LINKS]
Type, SourceID, TargetID
ISL, 0, 1
ISL, 0, 23
ISL, 1, 2
ISL, 1, 12
ISL, 2, 3
ISL, 2, 13
ISL, 3, 4
ISL, 3, 14
ISL, 4, 5
ISL, 4, 15
ISL, 5, 6
ISL, 5, 15
ISL, 6, 7
ISL, 6, 17
ISL, 7, 8
ISL, 7, 18
ISL, 8, 9
ISL, 8, 19
ISL, 9, 10
ISL, 9, 20
ISL, 10, 11
ISL, 10, 21
ISL, 11, 0
ISL, 11, 21
ISL, 12, 13
ISL, 12, 35
ISL, 13, 14
ISL, 13, 24
ISL, 14, 15
ISL, 14, 25
ISL, 15, 16
ISL, 15, 26
ISL, 16, 17
ISL, 16, 27
ISL, 17, 18
ISL, 17, 28
ISL, 18, 19
ISL, 18, 29
ISL, 19, 20
ISL, 19, 30
ISL, 20, 21
ISL, 20, 31
ISL, 21, 22
ISL, 21, 32
ISL, 22, 23
ISL, 22, 33
ISL, 23, 12
ISL, 23, 34
ISL, 24, 25
ISL, 24, 47
ISL, 25, 26
ISL, 25, 36
ISL, 26, 27
ISL, 26, 37
ISL, 27, 28
ISL, 27, 38
ISL, 28, 29
ISL, 28, 39
ISL, 29, 30
ISL, 29, 40
ISL, 30, 31
ISL, 30, 41
ISL, 31, 32
ISL, 31, 42
ISL, 32, 33
ISL, 32, 43
ISL, 33, 34
ISL, 33, 44
ISL, 34, 35
ISL, 34, 45
ISL, 35, 24
ISL, 35, 46
ISL, 36, 37
ISL, 36, 59
ISL, 37, 38
ISL, 37, 48
ISL, 38, 39
ISL, 38, 49
ISL, 39, 40
ISL, 39, 50
ISL, 40, 41
ISL, 40, 50
ISL, 41, 42
ISL, 41, 52
ISL, 42, 43
ISL, 42, 53
ISL, 43, 44
ISL, 43, 54
ISL, 44, 45
ISL, 44, 55
ISL, 45, 46
ISL, 45, 56
ISL, 46, 47
ISL, 46, 56
ISL, 47, 36
ISL, 47, 58
ISL, 48, 49
ISL, 48, 71
ISL, 49, 50
ISL, 49, 60
ISL, 50, 51
ISL, 50, 61
ISL, 51, 52
ISL, 51, 62
ISL, 52, 53
ISL, 52, 63
ISL, 53, 54
ISL, 53, 64
ISL, 54, 55
ISL, 54, 65
ISL, 55, 56
ISL, 55, 66
ISL, 56, 57
ISL, 56, 67
ISL, 57, 58
ISL, 57, 68
ISL, 58, 59
ISL, 58, 69
ISL, 59, 48
ISL, 59, 70
ISL, 60, 61
ISL, 60, 83
ISL, 61, 62
ISL, 61, 72
ISL, 62, 63
ISL, 62, 73
ISL, 63, 64
ISL, 63, 73
ISL, 64, 65
ISL, 64, 75
ISL, 65, 66
ISL, 65, 76
ISL, 66, 67
ISL, 66, 77
ISL, 67, 68
ISL, 67, 78
ISL, 68, 69
ISL, 68, 79
ISL, 69, 70
ISL, 69, 79
ISL, 70, 71
ISL, 70, 81
ISL, 71, 60
ISL, 71, 82
ISL, 72, 73
ISL, 72, 95
ISL, 73, 74
ISL, 73, 84
ISL, 74, 75
ISL, 74, 85
ISL, 75, 76
ISL, 75, 85
ISL, 76, 77
ISL, 76, 87
ISL, 77, 78
ISL, 77, 88
ISL, 78, 79
ISL, 78, 89
ISL, 79, 80
ISL, 79, 90
ISL, 80, 81
ISL, 80, 91
ISL, 81, 82
ISL, 81, 91
ISL, 82, 83
ISL, 82, 93
ISL, 83, 72
ISL, 83, 94
ISL, 84, 85
ISL, 84, 2
ISL, 85, 86
ISL, 85, 3
ISL, 86, 87
ISL, 86, 4
ISL, 87, 88
ISL, 87, 5
ISL, 88, 89
ISL, 88, 6
ISL, 89, 90
ISL, 89, 7
ISL, 90, 91
ISL, 90, 8
ISL, 91, 92
ISL, 91, 9
ISL, 92, 93
ISL, 92, 10
ISL, 93, 94
ISL, 93, 11
ISL, 94, 95
ISL, 94, 0
ISL, 95, 84
ISL, 95, 1
