[METADATA]
Time: 2026-04-12 03:03:13
Step: 38
Total_Sats: 96

[NODES]
ID, Name, Lat(deg), Lon(deg), Alt(km)
0, W-00-00, 34.91163, 145.36929, 499.830
1, W-00-01, 50.82587, -179.35122, 505.674
2, W-00-02, 50.48228, -131.35633, 505.548
3, W-00-03, 34.18532, -96.71508, 499.578
4, W-00-04, 11.58148, -74.96883, 493.718
5, W-00-05, -12.42128, -56.64697, 493.845
6, W-00-06, -34.91163, -34.63071, 499.830
7, W-00-07, -50.82587, 0.64878, 505.674
8, W-00-08, -50.48228, 48.64367, 505.548
9, W-00-09, -34.18532, 83.28492, 499.578
10, W-00-10, -11.58148, 105.03117, 493.718
11, W-00-11, 12.42128, 123.35303, 493.845
12, W-01-00, 42.09901, -158.55925, 502.433
13, W-01-01, 53.05150, -116.48217, 506.482
14, W-01-02, 45.65612, -71.15727, 503.758
15, W-01-03, 26.08787, -42.65139, 496.972
16, W-01-04, 2.58754, -23.08024, 492.906
17, W-01-05, -21.21004, -4.24576, 495.643
18, W-01-06, -42.09901, 21.44075, 502.433
19, W-01-07, -53.05150, 63.51783, 506.482
20, W-01-08, -45.65612, 108.84273, 503.758
21, W-01-09, -26.08787, 137.34861, 496.972
22, W-01-10, -2.58754, 156.91976, 492.906
23, W-01-11, 21.21004, 175.75424, 495.643
24, W-02-00, 47.96303, -99.97673, 504.617
25, W-02-01, 52.43331, -52.94874, 506.259
26, W-02-02, 39.15683, -13.71802, 501.349
27, W-02-03, 17.48715, 10.21250, 494.780
28, W-02-04, -6.44475, 28.71173, 493.130
29, W-02-05, -29.62614, 49.06505, 498.058
30, W-02-06, -47.96303, 80.02327, 504.617
31, W-02-07, -52.43331, 127.05126, 506.259
32, W-02-08, -39.15683, 166.28198, 501.349
33, W-02-09, -17.48715, -169.78750, 494.780
34, W-02-10, 6.44475, -151.28827, 493.130
35, W-02-11, 29.62614, -130.93495, 498.058
36, W-03-00, 51.86591, -38.60359, 506.054
37, W-03-01, 49.10128, 9.02571, 505.039
38, W-03-02, 31.55863, 41.47428, 498.687
39, W-03-03, 8.59612, 62.35912, 493.337
40, W-03-04, -15.38028, 80.74702, 494.356
41, W-03-05, -37.42154, 103.81925, 500.720
42, W-03-06, -51.86591, 141.39641, 506.054
43, W-03-07, -49.10128, -170.97429, 505.039
44, W-03-08, -31.55863, -138.52572, 498.687
45, W-03-09, -8.59612, -117.64088, 493.337
46, W-03-10, 15.38028, -99.25298, 494.356
47, W-03-11, 37.42154, -76.18075, 500.720
48, W-04-00, 53.16796, 24.73905, 506.524
49, W-04-01, 43.64368, 68.27857, 503.007
50, W-04-02, 23.26486, 95.07699, 496.177
51, W-04-03, -0.42555, 114.17788, 492.864
52, W-04-04, -24.06721, 133.39968, 496.396
53, W-04-05, -44.22935, 160.66169, 503.226
54, W-04-06, -53.16796, -155.26095, 506.524
55, W-04-07, -43.64368, -111.72143, 503.007
56, W-04-08, -23.26486, -84.92301, 496.177
57, W-04-09, 0.42555, -65.82212, 492.864
58, W-04-10, 24.06721, -46.60032, 496.396
59, W-04-11, 44.22935, -19.33831, 503.226
60, W-05-00, 51.60087, 87.97118, 505.957
61, W-05-01, 36.72296, 124.89587, 500.470
62, W-05-02, 14.54709, 147.65370, 494.202
63, W-05-03, -9.44093, 166.01249, 493.434
64, W-05-04, -32.30871, -172.87398, 498.938
65, W-05-05, -49.51641, -139.81846, 505.193
66, W-05-06, -51.60087, -92.02882, 505.957
67, W-05-07, -36.72296, -55.10413, 500.470
68, W-05-08, -14.54709, -32.34630, 494.202
69, W-05-09, 9.44093, -13.98751, 493.434
70, W-05-10, 32.30871, 7.12602, 498.938
71, W-05-11, 49.51641, 40.18154, 505.193
72, W-06-00, 47.48378, 149.09411, 504.439
73, W-06-01, 28.85573, 179.48800, 497.814
74, W-06-02, 5.59642, -160.34898, 493.065
75, W-06-03, -18.31202, -141.79107, 494.959
76, W-06-04, -39.82315, -117.49873, 501.593
77, W-06-05, -52.61376, -77.62441, 506.324
78, W-06-06, -47.48378, -30.90589, 504.439
79, W-06-07, -28.85573, -0.51200, 497.814
80, W-06-08, -5.59642, 19.65102, 493.065
81, W-06-09, 18.31202, 38.20893, 494.959
82, W-06-10, 39.82315, 62.50127, 501.593
83, W-06-11, 52.61376, 102.37559, 506.324
84, W-07-00, 41.47010, -152.58226, 502.200
85, W-07-01, 20.39539, -127.30762, 495.442
86, W-07-02, -3.43796, -108.56227, 492.939
87, W-07-03, -26.87557, -88.83661, 497.206
88, W-07-04, -46.19209, -59.81544, 503.958
89, W-07-05, -52.96008, -14.05288, 506.449
90, W-07-06, -41.47010, 27.41774, 502.200
91, W-07-07, -20.39539, 52.69238, 495.442
92, W-07-08, 3.43796, 71.43773, 492.939
93, W-07-09, 26.87557, 91.16339, 497.206
94, W-07-10, 46.19209, 120.18456, 503.958
95, W-07-11, 52.96008, 165.94712, 506.449

[LINKS]
Type, SourceID, TargetID
ISL, 0, 1
ISL, 0, 23
ISL, 1, 2
ISL, 1, 12
ISL, 2, 3
ISL, 2, 13
ISL, 3, 4
ISL, 3, 14
ISL, 4, 5
ISL, 4, 15
ISL, 5, 6
ISL, 5, 15
ISL, 6, 7
ISL, 6, 17
ISL, 7, 8
ISL, 7, 18
ISL, 8, 9
ISL, 8, 19
ISL, 9, 10
ISL, 9, 20
ISL, 10, 11
ISL, 10, 21
ISL, 11, 0
ISL, 11, 21
ISL, 12, 13
ISL, 12, 35
ISL, 13, 14
ISL, 13, 24
ISL, 14, 15
ISL, 14, 25
ISL, 15, 16
ISL, 15, 26
ISL, 16, 17
ISL, 16, 27
ISL, 17, 18
ISL, 17, 28
ISL, 18, 19
ISL, 18, 29
ISL, 19, 20
ISL, 19, 30
ISL, 20, 21
ISL, 20, 31
ISL, 21, 22
ISL, 21, 32
ISL, 22, 23
ISL, 22, 33
ISL, 23, 12
ISL, 23, 34
ISL, 24, 25
ISL, 24, 47
ISL, 25, 26
ISL, 25, 36
ISL, 26, 27
ISL, 26, 37
ISL, 27, 28
ISL, 27, 38
ISL, 28, 29
ISL, 28, 39
ISL, 29, 30
ISL, 29, 40
ISL, 30, 31
ISL, 30, 41
ISL, 31, 32
ISL, 31, 42
ISL, 32, 33
ISL, 32, 43
ISL, 33, 34
ISL, 33, 44
ISL, 34, 35
ISL, 34, 45
ISL, 35, 24
ISL, 35, 46
ISL, 36, 37
ISL, 36, 59
ISL, 37, 38
ISL, 37, 48
ISL, 38, 39
ISL, 38, 49
ISL, 39, 40
ISL, 39, 50
ISL, 40, 41
ISL, 40, 50
ISL, 41, 42
ISL, 41, 52
ISL, 42, 43
ISL, 42, 53
ISL, 43, 44
ISL, 43, 54
ISL, 44, 45
ISL, 44, 55
ISL, 45, 46
ISL, 45, 56
ISL, 46, 47
ISL, 46, 56
ISL, 47, 36
ISL, 47, 58
ISL, 48, 49
ISL, 48, 71
ISL, 49, 50
ISL, 49, 60
ISL, 50, 51
ISL, 50, 61
ISL, 51, 52
ISL, 51, 62
ISL, 52, 53
ISL, 52, 63
ISL, 53, 54
ISL, 53, 64
ISL, 54, 55
ISL, 54, 65
ISL, 55, 56
ISL, 55, 66
ISL, 56, 57
ISL, 56, 67
ISL, 57, 58
ISL, 57, 68
ISL, 58, 59
ISL, 58, 69
ISL, 59, 48
ISL, 59, 70
ISL, 60, 61
ISL, 60, 83
ISL, 61, 62
ISL, 61, 72
ISL, 62, 63
ISL, 62, 73
ISL, 63, 64
ISL, 63, 73
ISL, 64, 65
ISL, 64, 75
ISL, 65, 66
ISL, 65, 76
ISL, 66, 67
ISL, 66, 77
ISL, 67, 68
ISL, 67, 78
ISL, 68, 69
ISL, 68, 79
ISL, 69, 70
ISL, 69, 79
ISL, 70, 71
ISL, 70, 81
ISL, 71, 60
ISL, 71, 82
ISL, 72, 73
ISL, 72, 95
ISL, 73, 74
ISL, 73, 84
ISL, 74, 75
ISL, 74, 85
ISL, 75, 76
ISL, 75, 85
ISL, 76, 77
ISL, 76, 87
ISL, 77, 78
ISL, 77, 88
ISL, 78, 79
ISL, 78, 89
ISL, 79, 80
ISL, 79, 90
ISL, 80, 81
ISL, 80, 91
ISL, 81, 82
ISL, 81, 91
ISL, 82, 83
ISL, 82, 93
ISL, 83, 72
ISL, 83, 94
ISL, 84, 85
ISL, 84, 2
ISL, 85, 86
ISL, 85, 3
ISL, 86, 87
ISL, 86, 4
ISL, 87, 88
ISL, 87, 5
ISL, 88, 89
ISL, 88, 6
ISL, 89, 90
ISL, 89, 7
ISL, 90, 91
ISL, 90, 8
ISL, 91, 92
ISL, 91, 9
ISL, 92, 93
ISL, 92, 10
ISL, 93, 94
ISL, 93, 11
ISL, 94, 95
ISL, 94, 0
ISL, 95, 84
ISL, 95, 1
