[METADATA]
Time: 2026-04-12 03:22:43
Step: 77
Total_Sats: 96

[NODES]
ID, Name, Lat(deg), Lon(deg), Alt(km)
0, W-00-00, 44.02672, -117.40309, 503.150
1, W-00-01, 23.78800, -90.30433, 496.319
2, W-00-02, 0.12892, -71.12571, 492.863
3, W-00-03, -23.54493, -51.98372, 496.253
4, W-00-04, -43.84928, -25.02540, 503.084
5, W-00-05, -53.17090, 18.70427, 506.525
6, W-00-06, -44.02672, 62.59691, 503.150
7, W-00-07, -23.78800, 89.69567, 496.319
8, W-00-08, -0.12892, 108.87429, 492.863
9, W-00-09, 23.54493, 128.01628, 496.253
10, W-00-10, 43.84928, 154.97460, 503.084
11, W-00-11, 53.17090, -161.29573, 506.525
12, W-01-00, 37.17903, -60.63977, 500.633
13, W-01-01, 15.09013, -37.67859, 494.302
14, W-01-02, -8.89069, -19.30177, 493.370
15, W-01-03, -31.82075, 1.66150, 498.774
16, W-01-04, -49.24814, 34.32039, 505.094
17, W-01-05, -51.77616, 82.01059, 506.021
18, W-01-06, -37.17903, 119.36023, 500.633
19, W-01-07, -15.09013, 142.32141, 494.302
20, W-01-08, 8.89069, 160.69823, 493.370
21, W-01-09, 31.82075, -178.33850, 498.774
22, W-01-10, 49.24814, -145.67961, 505.094
23, W-01-11, 51.77616, -97.98941, 506.021
24, W-02-00, 29.35823, -5.94271, 497.972
25, W-02-01, 6.14918, 14.34310, 493.106
26, W-02-02, -17.77494, 32.86183, 494.842
27, W-02-03, -39.39017, 56.91688, 501.434
28, W-02-04, -52.49899, 96.37261, 506.283
29, W-02-05, -47.79794, 143.29725, 504.556
30, W-02-06, -29.35823, 174.05729, 497.972
31, W-02-07, -6.14918, -165.65690, 493.106
32, W-02-08, 17.77494, -147.13817, 494.842
33, W-02-09, 39.39017, -123.08312, 501.434
34, W-02-10, 52.49899, -83.62739, 506.283
35, W-02-11, 47.79794, -36.70275, 504.556
36, W-03-00, 20.92647, 47.33048, 495.572
37, W-03-01, -2.88398, 66.13290, 492.917
38, W-03-02, -26.36291, 85.75679, 497.053
39, W-03-03, -45.84462, 114.44063, 503.828
40, W-03-04, -53.02254, 159.92175, 506.472
41, W-03-05, -41.88111, -158.21084, 502.352
42, W-03-06, -20.92647, -132.66952, 495.572
43, W-03-07, 2.88398, -113.86710, 492.917
44, W-03-08, 26.36291, -94.24321, 497.053
45, W-03-09, 45.84462, -65.55937, 503.828
46, W-03-10, 53.02254, -20.07825, 506.472
47, W-03-11, 41.88111, 21.78916, 502.352
48, W-04-00, 12.12877, 99.70951, 493.800
49, W-04-01, -11.87436, 118.03045, 493.762
50, W-04-02, -34.43928, 139.86943, 499.666
51, W-04-03, -50.60444, 174.73235, 505.593
52, W-04-04, -50.70853, -137.26756, 505.631
53, W-04-05, -34.65931, -102.21126, 499.742
54, W-04-06, -12.12877, -80.29049, 493.800
55, W-04-07, 11.87436, -61.96955, 493.762
56, W-04-08, 34.43928, -40.13057, 499.666
57, W-04-09, 50.60444, -5.26765, 505.593
58, W-04-10, 50.70853, 42.73244, 505.631
59, W-04-11, 34.65931, 77.78874, 499.742
60, W-05-00, 3.14161, 151.61515, 492.927
61, W-05-01, -20.67967, 170.39057, 495.511
62, W-05-02, -41.69058, -164.19288, 502.281
63, W-05-03, -52.99485, -122.50922, 506.462
64, W-05-04, -46.00699, -76.89549, 503.889
65, W-05-05, -26.60154, -48.05554, 497.124
66, W-05-06, -3.14161, -28.38485, 492.927
67, W-05-07, 20.67967, -9.60943, 495.511
68, W-05-08, 41.69058, 15.80712, 502.281
69, W-05-09, 52.99485, 57.49078, 506.462
70, W-05-10, 46.00699, 103.10451, 503.889
71, W-05-11, 26.60154, 131.94446, 497.124
72, W-06-00, -5.89218, -156.59664, 493.087
73, W-06-01, -29.12484, -136.36848, 497.898
74, W-06-02, -47.65275, -105.77940, 504.502
75, W-06-03, -52.55366, -58.94854, 506.303
76, W-06-04, -39.59204, -19.29781, 501.508
77, W-06-05, -18.02483, 4.86686, 494.896
78, W-06-06, 5.89218, 23.40336, 493.087
79, W-06-07, 29.12484, 43.63152, 497.898
80, W-06-08, 47.65275, 74.22060, 504.502
81, W-06-09, 52.55366, 121.05146, 506.303
82, W-06-10, 39.59204, 160.70219, 501.508
83, W-06-11, 18.02483, -175.13314, 494.896
84, W-07-00, -14.83772, -104.58645, 494.255
85, W-07-01, -36.96739, -81.72052, 500.557
86, W-07-02, -51.69586, -44.56856, 505.992
87, W-07-03, -49.37391, 3.17023, 505.140
88, W-07-04, -32.04799, 36.01300, 498.850
89, W-07-05, -9.14663, 57.04555, 493.399
90, W-07-06, 14.83772, 75.41355, 494.255
91, W-07-07, 36.96739, 98.27948, 500.557
92, W-07-08, 51.69586, 135.43144, 505.992
93, W-07-09, 49.37391, -176.82977, 505.140
94, W-07-10, 32.04799, -143.98700, 498.850
95, W-07-11, 9.14663, -122.95445, 493.399

[LINKS]
Type, SourceID, TargetID
ISL, 0, 1
ISL, 0, 23
ISL, 1, 2
ISL, 1, 12
ISL, 2, 3
ISL, 2, 13
ISL, 3, 4
ISL, 3, 14
ISL, 4, 5
ISL, 4, 15
ISL, 5, 6
ISL, 5, 15
ISL, 6, 7
ISL, 6, 17
ISL, 7, 8
ISL, 7, 18
ISL, 8, 9
ISL, 8, 19
ISL, 9, 10
ISL, 9, 20
ISL, 10, 11
ISL, 10, 21
ISL, 11, 0
ISL, 11, 21
ISL, 12, 13
ISL, 12, 35
ISL, 13, 14
ISL, 13, 24
ISL, 14, 15
ISL, 14, 25
ISL, 15, 16
ISL, 15, 26
ISL, 16, 17
ISL, 16, 27
ISL, 17, 18
ISL, 17, 28
ISL, 18, 19
ISL, 18, 29
ISL, 19, 20
ISL, 19, 30
ISL, 20, 21
ISL, 20, 31
ISL, 21, 22
ISL, 21, 32
ISL, 22, 23
ISL, 22, 33
ISL, 23, 12
ISL, 23, 34
ISL, 24, 25
ISL, 24, 47
ISL, 25, 26
ISL, 25, 36
ISL, 26, 27
ISL, 26, 37
ISL, 27, 28
ISL, 27, 38
ISL, 28, 29
ISL, 28, 39
ISL, 29, 30
ISL, 29, 40
ISL, 30, 31
ISL, 30, 41
ISL, 31, 32
ISL, 31, 42
ISL, 32, 33
ISL, 32, 43
ISL, 33, 34
ISL, 33, 44
ISL, 34, 35
ISL, 34, 45
ISL, 35, 24
ISL, 35, 46
ISL, 36, 37
ISL, 36, 59
ISL, 37, 38
ISL, 37, 48
ISL, 38, 39
ISL, 38, 49
ISL, 39, 40
ISL, 39, 50
ISL, 40, 41
ISL, 40, 50
ISL, 41, 42
ISL, 41, 52
ISL, 42, 43
ISL, 42, 53
ISL, 43, 44
ISL, 43, 54
ISL, 44, 45
ISL, 44, 55
ISL, 45, 46
ISL, 45, 56
ISL, 46, 47
ISL, 46, 56
ISL, 47, 36
ISL, 47, 58
ISL, 48, 49
ISL, 48, 71
ISL, 49, 50
ISL, 49, 60
ISL, 50, 51
ISL, 50, 61
ISL, 51, 52
ISL, 51, 62
ISL, 52, 53
ISL, 52, 63
ISL, 53, 54
ISL, 53, 64
ISL, 54, 55
ISL, 54, 65
ISL, 55, 56
ISL, 55, 66
ISL, 56, 57
ISL, 56, 67
ISL, 57, 58
ISL, 57, 68
ISL, 58, 59
ISL, 58, 69
ISL, 59, 48
ISL, 59, 70
ISL, 60, 61
ISL, 60, 83
ISL, 61, 62
ISL, 61, 72
ISL, 62, 63
ISL, 62, 73
ISL, 63, 64
ISL, 63, 73
ISL, 64, 65
ISL, 64, 75
ISL, 65, 66
ISL, 65, 76
ISL, 66, 67
ISL, 66, 77
ISL, 67, 68
ISL, 67, 78
ISL, 68, 69
ISL, 68, 79
ISL, 69, 70
ISL, 69, 79
ISL, 70, 71
ISL, 70, 81
ISL, 71, 60
ISL, 71, 82
ISL, 72, 73
ISL, 72, 95
ISL, 73, 74
ISL, 73, 84
ISL, 74, 75
ISL, 74, 85
ISL, 75, 76
ISL, 75, 85
ISL, 76, 77
ISL, 76, 87
ISL, 77, 78
ISL, 77, 88
ISL, 78, 79
ISL, 78, 89
ISL, 79, 80
ISL, 79, 90
ISL, 80, 81
ISL, 80, 91
ISL, 81, 82
ISL, 81, 91
ISL, 82, 83
ISL, 82, 93
ISL, 83, 72
ISL, 83, 94
ISL, 84, 85
ISL, 84, 2
ISL, 85, 86
ISL, 85, 3
ISL, 86, 87
ISL, 86, 4
ISL, 87, 88
ISL, 87, 5
ISL, 88, 89
ISL, 88, 6
ISL, 89, 90
ISL, 89, 7
ISL, 90, 91
ISL, 90, 8
ISL, 91, 92
ISL, 91, 9
ISL, 92, 93
ISL, 92, 10
ISL, 93, 94
ISL, 93, 11
ISL, 94, 95
ISL, 94, 0
ISL, 95, 84
ISL, 95, 1
