[METADATA]
Time: 2026-04-12 03:08:43
Step: 49
Total_Sats: 96

[NODES]
ID, Name, Lat(deg), Lon(deg), Alt(km)
0, W-00-00, 47.26024, 166.61768, 504.356
1, W-00-01, 52.68765, -146.81745, 506.351
2, W-00-02, 40.12291, -106.65274, 501.703
3, W-00-03, 18.68629, -82.19125, 495.043
4, W-00-04, -5.21035, -63.60386, 493.038
5, W-00-05, -28.50363, -43.52395, 497.703
6, W-00-06, -47.26024, -13.38232, 504.356
7, W-00-07, -52.68765, 33.18255, 506.351
8, W-00-08, -40.12291, 73.34726, 501.703
9, W-00-09, -18.68629, 97.80875, 495.043
10, W-00-10, 5.21035, 116.39614, 493.038
11, W-00-11, 28.50363, 136.47605, 497.703
12, W-01-00, 51.47274, -132.37515, 505.911
13, W-01-01, 49.69881, -84.52730, 505.260
14, W-01-02, 32.64777, -51.19230, 499.052
15, W-01-03, 9.82475, -29.97101, 493.481
16, W-01-04, -14.16747, -11.62273, 494.135
17, W-01-05, -36.40249, 10.99637, 500.356
18, W-01-06, -51.47274, 47.62485, 505.911
19, W-01-07, -49.69881, 95.47270, 505.260
20, W-01-08, -32.64777, 128.80770, 499.052
21, W-01-09, -9.82475, 150.02899, 493.481
22, W-01-10, 14.16747, 168.37727, 494.135
23, W-01-11, 36.40249, -169.00363, 500.356
24, W-02-00, 53.15938, -69.19955, 506.521
25, W-02-01, 44.49133, -24.88577, 503.323
26, W-02-02, 24.43084, 2.59195, 496.497
27, W-02-03, 0.81263, 21.87181, 492.867
28, W-02-04, -22.89872, 40.92074, 496.079
29, W-02-05, -43.37304, 67.51318, 502.906
30, W-02-06, -53.15938, 110.80045, 506.521
31, W-02-07, -44.49133, 155.11423, 503.323
32, W-02-08, -24.43084, -177.40805, 496.497
33, W-02-09, -0.81263, -158.12819, 492.867
34, W-02-10, 22.89872, -139.07926, 496.079
35, W-02-11, 43.37304, -112.48682, 502.906
36, W-03-00, 51.97876, -5.81311, 506.095
37, W-03-01, 37.73643, 32.06094, 500.834
38, W-03-02, 15.75851, 55.28047, 494.429
39, W-03-03, -8.21151, 73.68435, 493.296
40, W-03-04, -31.21546, 94.46888, 498.574
41, W-03-05, -48.90620, 126.64503, 504.967
42, W-03-06, -51.97876, 174.18689, 506.095
43, W-03-07, -37.73643, -147.93906, 500.834
44, W-03-08, -15.75851, -124.71953, 494.429
45, W-03-09, 8.21151, -106.31565, 493.296
46, W-03-10, 31.21546, -85.53112, 498.574
47, W-03-11, 48.90620, -53.35497, 504.967
48, W-04-00, 48.17529, 55.67159, 504.696
49, W-04-01, 29.97474, 86.89077, 498.169
50, W-04-02, 6.83030, 107.33411, 493.163
51, W-04-03, -17.11116, 125.80946, 494.701
52, W-04-04, -38.85058, 149.57995, 501.237
53, W-04-05, -52.34314, -171.48388, 506.227
54, W-04-06, -48.17529, -124.32841, 504.696
55, W-04-07, -29.97474, -93.10923, 498.169
56, W-04-08, -6.83030, -72.66589, 493.163
57, W-04-09, 17.11116, -54.19054, 494.701
58, W-04-10, 38.85058, -30.42005, 501.237
59, W-04-11, 52.34314, 8.51612, 506.227
60, W-05-00, 42.38123, 114.37292, 502.537
61, W-05-01, 21.57947, 140.25154, 495.736
62, W-05-02, -2.20065, 159.12946, 492.894
63, W-05-03, -25.72816, 178.63356, 496.867
64, W-05-04, -45.40745, -153.09013, 503.665
65, W-05-05, -53.08459, -107.97480, 506.494
66, W-05-06, -42.38123, -65.62708, 502.537
67, W-05-07, -21.57947, -39.74846, 495.736
68, W-05-08, 2.20065, -20.87054, 492.894
69, W-05-09, 25.72816, -1.36644, 496.867
70, W-05-10, 45.40745, 26.90987, 503.665
71, W-05-11, 53.08459, 72.02520, 506.494
72, W-06-00, 35.23953, 170.53928, 499.945
73, W-06-01, 12.80267, -167.31765, 493.905
74, W-06-02, -11.19901, -148.99306, 493.664
75, W-06-03, -33.85263, -127.36563, 499.463
76, W-06-04, -50.31905, -93.01231, 505.488
77, W-06-05, -50.97506, -45.03257, 505.729
78, W-06-06, -35.23953, -9.46072, 499.945
79, W-06-07, -12.80267, 12.68235, 493.905
80, W-06-08, 11.19901, 31.00694, 493.664
81, W-06-09, 33.85263, 52.63437, 499.463
82, W-06-10, 50.31905, 86.98769, 505.488
83, W-06-11, 50.97506, 134.96743, 505.729
84, W-07-00, 27.23230, -135.18834, 497.313
85, W-07-01, 3.82458, -115.38917, 492.957
86, W-07-02, -20.02385, -96.68145, 495.353
87, W-07-03, -41.18036, -71.58938, 502.092
88, W-07-04, -52.91007, -30.39922, 506.431
89, W-07-05, -46.43083, 15.55140, 504.047
90, W-07-06, -27.23230, 44.81166, 497.313
91, W-07-07, -3.82458, 64.61083, 492.957
92, W-07-08, 20.02385, 83.31855, 495.353
93, W-07-09, 41.18036, 108.41062, 502.092
94, W-07-10, 52.91007, 149.60078, 506.431
95, W-07-11, 46.43083, -164.44860, 504.047

[LINKS]
Type, SourceID, TargetID
ISL, 0, 1
ISL, 0, 23
ISL, 1, 2
ISL, 1, 12
ISL, 2, 3
ISL, 2, 13
ISL, 3, 4
ISL, 3, 14
ISL, 4, 5
ISL, 4, 15
ISL, 5, 6
ISL, 5, 15
ISL, 6, 7
ISL, 6, 17
ISL, 7, 8
ISL, 7, 18
ISL, 8, 9
ISL, 8, 19
ISL, 9, 10
ISL, 9, 20
ISL, 10, 11
ISL, 10, 21
ISL, 11, 0
ISL, 11, 21
ISL, 12, 13
ISL, 12, 35
ISL, 13, 14
ISL, 13, 24
ISL, 14, 15
ISL, 14, 25
ISL, 15, 16
ISL, 15, 26
ISL, 16, 17
ISL, 16, 27
ISL, 17, 18
ISL, 17, 28
ISL, 18, 19
ISL, 18, 29
ISL, 19, 20
ISL, 19, 30
ISL, 20, 21
ISL, 20, 31
ISL, 21, 22
ISL, 21, 32
ISL, 22, 23
ISL, 22, 33
ISL, 23, 12
ISL, 23, 34
ISL, 24, 25
ISL, 24, 47
ISL, 25, 26
ISL, 25, 36
ISL, 26, 27
ISL, 26, 37
ISL, 27, 28
ISL, 27, 38
ISL, 28, 29
ISL, 28, 39
ISL, 29, 30
ISL, 29, 40
ISL, 30, 31
ISL, 30, 41
ISL, 31, 32
ISL, 31, 42
ISL, 32, 33
ISL, 32, 43
ISL, 33, 34
ISL, 33, 44
ISL, 34, 35
ISL, 34, 45
ISL, 35, 24
ISL, 35, 46
ISL, 36, 37
ISL, 36, 59
ISL, 37, 38
ISL, 37, 48
ISL, 38, 39
ISL, 38, 49
ISL, 39, 40
ISL, 39, 50
ISL, 40, 41
ISL, 40, 50
ISL, 41, 42
ISL, 41, 52
ISL, 42, 43
ISL, 42, 53
ISL, 43, 44
ISL, 43, 54
ISL, 44, 45
ISL, 44, 55
ISL, 45, 46
ISL, 45, 56
ISL, 46, 47
ISL, 46, 56
ISL, 47, 36
ISL, 47, 58
ISL, 48, 49
ISL, 48, 71
ISL, 49, 50
ISL, 49, 60
ISL, 50, 51
ISL, 50, 61
ISL, 51, 52
ISL, 51, 62
ISL, 52, 53
ISL, 52, 63
ISL, 53, 54
ISL, 53, 64
ISL, 54, 55
ISL, 54, 65
ISL, 55, 56
ISL, 55, 66
ISL, 56, 57
ISL, 56, 67
ISL, 57, 58
ISL, 57, 68
ISL, 58, 59
ISL, 58, 69
ISL, 59, 48
ISL, 59, 70
ISL, 60, 61
ISL, 60, 83
ISL, 61, 62
ISL, 61, 72
ISL, 62, 63
ISL, 62, 73
ISL, 63, 64
ISL, 63, 73
ISL, 64, 65
ISL, 64, 75
ISL, 65, 66
ISL, 65, 76
ISL, 66, 67
ISL, 66, 77
ISL, 67, 68
ISL, 67, 78
ISL, 68, 69
ISL, 68, 79
ISL, 69, 70
ISL, 69, 79
ISL, 70, 71
ISL, 70, 81
ISL, 71, 60
ISL, 71, 82
ISL, 72, 73
ISL, 72, 95
ISL, 73, 74
ISL, 73, 84
ISL, 74, 75
ISL, 74, 85
ISL, 75, 76
ISL, 75, 85
ISL, 76, 77
ISL, 76, 87
ISL, 77, 78
ISL, 77, 88
ISL, 78, 79
ISL, 78, 89
ISL, 79, 80
ISL, 79, 90
ISL, 80, 81
ISL, 80, 91
ISL, 81, 82
ISL, 81, 91
ISL, 82, 83
ISL, 82, 93
ISL, 83, 72
ISL, 83, 94
ISL, 84, 85
ISL, 84, 2
ISL, 85, 86
ISL, 85, 3
ISL, 86, 87
ISL, 86, 4
ISL, 87, 88
ISL, 87, 5
ISL, 88, 89
ISL, 88, 6
ISL, 89, 90
ISL, 89, 7
ISL, 90, 91
ISL, 90, 8
ISL, 91, 92
ISL, 91, 9
ISL, 92, 93
ISL, 92, 10
ISL, 93, 94
ISL, 93, 11
ISL, 94, 95
ISL, 94, 0
ISL, 95, 84
ISL, 95, 1
