[METADATA]
Time: 2026-04-12 03:30:43
Step: 93
Total_Sats: 96

[NODES]
ID, Name, Lat(deg), Lon(deg), Alt(km)
0, W-00-00, 23.41955, -91.96204, 496.219
1, W-00-01, -0.26178, -72.83860, 492.863
2, W-00-02, -23.91311, -53.64078, 496.354
3, W-00-03, -44.11767, -26.46912, 503.184
4, W-00-04, -53.16997, 17.50662, 506.525
5, W-00-05, -43.75739, 61.15147, 503.050
6, W-00-06, -23.41955, 88.03796, 496.219
7, W-00-07, 0.26178, 107.16140, 492.863
8, W-00-08, 23.91311, 126.35922, 496.354
9, W-00-09, 44.11767, 153.53088, 503.184
10, W-00-10, 53.16997, -162.49338, 506.525
11, W-00-11, 43.75739, -118.84853, 503.050
12, W-01-00, 14.70758, -39.37103, 494.231
13, W-01-01, -9.27846, -21.00727, 493.415
14, W-01-02, -32.16486, 0.06138, 498.889
15, W-01-03, -49.43802, 32.99928, 505.164
16, W-01-04, -51.65366, 80.76151, 505.976
17, W-01-05, -36.85804, 117.81165, 500.518
18, W-01-06, -14.70758, 140.62897, 494.231
19, W-01-07, 9.27846, 158.99273, 493.415
20, W-01-08, 32.16486, -179.93862, 498.889
21, W-01-09, 49.43802, -147.00072, 505.164
22, W-01-10, 51.65366, -99.23849, 505.976
23, W-01-11, 36.85804, -62.18835, 500.518
24, W-02-00, 5.75972, 12.63335, 493.077
25, W-02-01, -18.15350, 31.17931, 494.924
26, W-02-02, -39.69570, 55.40095, 501.546
27, W-02-03, -52.58095, 95.15193, 506.313
28, W-02-04, -47.57733, 141.93307, 504.474
29, W-02-05, -29.00439, 172.43452, 497.860
30, W-02-06, -5.75972, -167.36665, 493.077
31, W-02-07, 18.15350, -148.82069, 494.924
32, W-02-08, 39.69570, -124.59905, 501.546
33, W-02-09, 52.58095, -84.84807, 506.313
34, W-02-10, 47.57733, -38.06693, 504.474
35, W-02-11, 29.00439, -7.56548, 497.860
36, W-03-00, -3.27434, 64.42085, 492.932
37, W-03-01, -26.72434, 84.11601, 497.160
38, W-03-02, -46.09012, 113.03691, 503.920
39, W-03-03, -52.97966, 158.71779, 506.456
40, W-03-04, -41.59200, -159.69375, 502.245
41, W-03-05, -20.55239, -134.34098, 495.480
42, W-03-06, 3.27434, -115.57915, 492.932
43, W-03-07, 26.72434, -95.88399, 497.160
44, W-03-08, 46.09012, -66.96309, 503.920
45, W-03-09, 52.97966, -21.28221, 506.456
46, W-03-10, 41.59200, 20.30625, 502.245
47, W-03-11, 20.55239, 45.65902, 495.480
48, W-04-00, -12.25981, 116.33077, 493.820
49, W-04-01, -34.77243, 138.29412, 499.782
50, W-04-02, -50.76141, 173.45029, 505.651
51, W-04-03, -50.55004, -138.55126, 505.573
52, W-04-04, -34.32564, -103.78773, 499.626
53, W-04-05, -11.74321, -81.99047, 493.742
54, W-04-06, 12.25981, -63.66923, 493.820
55, W-04-07, 34.77243, -41.70588, 499.782
56, W-04-08, 50.76141, -6.54971, 505.651
57, W-04-09, 50.55004, 41.44874, 505.573
58, W-04-10, 34.32564, 76.21227, 499.626
59, W-04-11, 11.74321, 98.00953, 493.742
60, W-05-00, -21.05352, 168.71967, 495.604
61, W-05-01, -41.97888, -165.67420, 502.388
62, W-05-02, -53.03590, -123.71264, 506.476
63, W-05-03, -45.76041, -78.30102, 503.797
64, W-05-04, -26.23979, -49.69710, 497.017
65, W-05-05, -2.75121, -30.09697, 492.912
66, W-05-06, 21.05352, -11.28033, 495.604
67, W-05-07, 41.97888, 14.32580, 502.388
68, W-05-08, 53.03590, 56.28736, 506.476
69, W-05-09, 45.76041, 101.69898, 503.797
70, W-05-10, 26.23979, 130.30290, 497.017
71, W-05-11, 2.75121, 149.90303, 492.912
72, W-06-00, -29.47830, -137.99036, 498.010
73, W-06-01, -47.87214, -107.14175, 504.584
74, W-06-02, -52.46994, -60.17022, 506.272
75, W-06-03, -39.28581, -20.81519, 501.396
76, W-06-04, -17.64608, 3.18388, 494.814
77, W-06-05, 6.28157, 21.69375, 493.117
78, W-06-06, 29.47830, 42.00964, 498.010
79, W-06-07, 47.87214, 72.85825, 504.584
80, W-06-08, 52.46994, 119.82978, 506.272
81, W-06-09, 39.28581, 159.18481, 501.396
82, W-06-10, 17.64608, -176.81612, 494.814
83, W-06-11, -6.28157, -158.30625, 493.117
84, W-07-00, -37.28777, -83.26780, 500.672
85, W-07-01, -51.81671, -45.81626, 506.036
86, W-07-02, -49.18265, 1.84733, 505.070
87, W-07-03, -31.70344, 34.41185, 498.735
88, W-07-04, -8.75878, 55.33983, 493.355
89, W-07-05, 15.22012, 73.72149, 494.326
90, W-07-06, 37.28777, 96.73220, 500.672
91, W-07-07, 51.81671, 134.18374, 506.036
92, W-07-08, 49.18265, -178.15267, 505.070
93, W-07-09, 31.70344, -145.58815, 498.735
94, W-07-10, 8.75878, -124.66017, 493.355
95, W-07-11, -15.22012, -106.27851, 494.326

[LINKS]
Type, SourceID, TargetID
ISL, 0, 1
ISL, 0, 23
ISL, 1, 2
ISL, 1, 12
ISL, 2, 3
ISL, 2, 13
ISL, 3, 4
ISL, 3, 14
ISL, 4, 5
ISL, 4, 15
ISL, 5, 6
ISL, 5, 15
ISL, 6, 7
ISL, 6, 17
ISL, 7, 8
ISL, 7, 18
ISL, 8, 9
ISL, 8, 19
ISL, 9, 10
ISL, 9, 20
ISL, 10, 11
ISL, 10, 21
ISL, 11, 0
ISL, 11, 21
ISL, 12, 13
ISL, 12, 35
ISL, 13, 14
ISL, 13, 24
ISL, 14, 15
ISL, 14, 25
ISL, 15, 16
ISL, 15, 26
ISL, 16, 17
ISL, 16, 27
ISL, 17, 18
ISL, 17, 28
ISL, 18, 19
ISL, 18, 29
ISL, 19, 20
ISL, 19, 30
ISL, 20, 21
ISL, 20, 31
ISL, 21, 22
ISL, 21, 32
ISL, 22, 23
ISL, 22, 33
ISL, 23, 12
ISL, 23, 34
ISL, 24, 25
ISL, 24, 47
ISL, 25, 26
ISL, 25, 36
ISL, 26, 27
ISL, 26, 37
ISL, 27, 28
ISL, 27, 38
ISL, 28, 29
ISL, 28, 39
ISL, 29, 30
ISL, 29, 40
ISL, 30, 31
ISL, 30, 41
ISL, 31, 32
ISL, 31, 42
ISL, 32, 33
ISL, 32, 43
ISL, 33, 34
ISL, 33, 44
ISL, 34, 35
ISL, 34, 45
ISL, 35, 24
ISL, 35, 46
ISL, 36, 37
ISL, 36, 59
ISL, 37, 38
ISL, 37, 48
ISL, 38, 39
ISL, 38, 49
ISL, 39, 40
ISL, 39, 50
ISL, 40, 41
ISL, 40, 50
ISL, 41, 42
ISL, 41, 52
ISL, 42, 43
ISL, 42, 53
ISL, 43, 44
ISL, 43, 54
ISL, 44, 45
ISL, 44, 55
ISL, 45, 46
ISL, 45, 56
ISL, 46, 47
ISL, 46, 56
ISL, 47, 36
ISL, 47, 58
ISL, 48, 49
ISL, 48, 71
ISL, 49, 50
ISL, 49, 60
ISL, 50, 51
ISL, 50, 61
ISL, 51, 52
ISL, 51, 62
ISL, 52, 53
ISL, 52, 63
ISL, 53, 54
ISL, 53, 64
ISL, 54, 55
ISL, 54, 65
ISL, 55, 56
ISL, 55, 66
ISL, 56, 57
ISL, 56, 67
ISL, 57, 58
ISL, 57, 68
ISL, 58, 59
ISL, 58, 69
ISL, 59, 48
ISL, 59, 70
ISL, 60, 61
ISL, 60, 83
ISL, 61, 62
ISL, 61, 72
ISL, 62, 63
ISL, 62, 73
ISL, 63, 64
ISL, 63, 73
ISL, 64, 65
ISL, 64, 75
ISL, 65, 66
ISL, 65, 76
ISL, 66, 67
ISL, 66, 77
ISL, 67, 68
ISL, 67, 78
ISL, 68, 69
ISL, 68, 79
ISL, 69, 70
ISL, 69, 79
ISL, 70, 71
ISL, 70, 81
ISL, 71, 60
ISL, 71, 82
ISL, 72, 73
ISL, 72, 95
ISL, 73, 74
ISL, 73, 84
ISL, 74, 75
ISL, 74, 85
ISL, 75, 76
ISL, 75, 85
ISL, 76, 77
ISL, 76, 87
ISL, 77, 78
ISL, 77, 88
ISL, 78, 79
ISL, 78, 89
ISL, 79, 80
ISL, 79, 90
ISL, 80, 81
ISL, 80, 91
ISL, 81, 82
ISL, 81, 91
ISL, 82, 83
ISL, 82, 93
ISL, 83, 72
ISL, 83, 94
ISL, 84, 85
ISL, 84, 2
ISL, 85, 86
ISL, 85, 3
ISL, 86, 87
ISL, 86, 4
ISL, 87, 88
ISL, 87, 5
ISL, 88, 89
ISL, 88, 6
ISL, 89, 90
ISL, 89, 7
ISL, 90, 91
ISL, 90, 8
ISL, 91, 92
ISL, 91, 9
ISL, 92, 93
ISL, 92, 10
ISL, 93, 94
ISL, 93, 11
ISL, 94, 95
ISL, 94, 0
ISL, 95, 84
ISL, 95, 1
