[METADATA]
Time: 2026-04-12 03:29:43
Step: 91
Total_Sats: 96

[NODES]
ID, Name, Lat(deg), Lon(deg), Alt(km)
0, W-00-00, 26.28506, -94.49178, 497.030
1, W-00-01, 2.80002, -74.88295, 492.914
2, W-00-02, -21.00683, -56.07156, 495.592
3, W-00-03, -41.94297, -30.48929, 502.375
4, W-00-04, -53.03106, 11.43770, 506.475
5, W-00-05, -45.79141, 56.87496, 503.808
6, W-00-06, -26.28506, 85.50822, 497.030
7, W-00-07, -2.80002, 105.11705, 492.914
8, W-00-08, 21.00683, 123.92844, 495.592
9, W-00-09, 41.94297, 149.51071, 502.375
10, W-00-10, 53.03106, -168.56230, 506.475
11, W-00-11, 45.79141, -123.12504, 503.808
12, W-01-00, 17.69346, -41.60567, 494.824
13, W-01-01, -6.23291, -23.09257, 493.113
14, W-01-02, -29.43418, -2.78777, 497.996
15, W-01-03, -47.84491, 28.02825, 504.574
16, W-01-04, -52.48069, 74.98265, 506.276
17, W-01-05, -39.32420, 114.37472, 501.410
18, W-01-06, -17.69346, 138.39433, 494.824
19, W-01-07, 6.23291, 156.90743, 493.113
20, W-01-08, 29.43418, 177.21223, 497.996
21, W-01-09, 47.84491, -151.97175, 504.574
22, W-01-10, 52.48069, -105.01735, 506.276
23, W-01-11, 39.32420, -65.62528, 501.410
24, W-02-00, 8.80727, 10.55308, 493.360
25, W-02-01, -15.17234, 28.93293, 494.317
26, W-02-02, -37.24782, 51.92540, 500.658
27, W-02-03, -51.80187, 89.33948, 506.030
28, W-02-04, -49.20677, 137.01298, 505.078
29, W-02-05, -31.74658, 169.61216, 498.750
30, W-02-06, -8.80727, -169.44692, 493.360
31, W-02-07, 15.17234, -151.06707, 494.317
32, W-02-08, 37.24782, -128.07460, 500.658
33, W-02-09, 51.80187, -90.66052, 506.030
34, W-02-10, 49.20677, -42.98702, 505.078
35, W-02-11, 31.74658, -10.38784, 498.750
36, W-03-00, -0.21294, 62.37551, 492.863
37, W-03-01, -23.86713, 81.56625, 496.341
38, W-03-02, -44.08428, 108.71107, 503.171
39, W-03-03, -53.17039, 152.65633, 506.525
40, W-03-04, -43.79121, -163.66758, 503.062
41, W-03-05, -23.46565, -136.75472, 496.231
42, W-03-06, 0.21294, -117.62449, 492.863
43, W-03-07, 23.86713, -98.43375, 496.341
44, W-03-08, 44.08428, -71.28893, 503.171
45, W-03-09, 53.17039, -27.34367, 506.525
46, W-03-10, 43.79121, 16.33242, 503.062
47, W-03-11, 23.46565, 43.24528, 496.231
48, W-04-00, -9.23000, 114.20588, 493.409
49, W-04-01, -32.12192, 135.26123, 498.875
50, W-04-02, -49.41451, 168.16413, 505.155
51, W-04-03, -51.66924, -144.08213, 505.982
52, W-04-04, -36.89826, -106.99457, 500.533
53, W-04-05, -14.75542, -84.15941, 494.240
54, W-04-06, 9.23000, -65.79412, 493.409
55, W-04-07, 32.12192, -44.73877, 498.875
56, W-04-08, 49.41451, -11.83587, 505.155
57, W-04-09, 51.66924, 35.91787, 505.982
58, W-04-10, 36.89826, 73.00543, 500.533
59, W-04-11, 14.75542, 95.84059, 494.240
60, W-05-00, -18.10621, 166.38955, 494.914
61, W-05-01, -39.65762, -169.40979, 501.532
62, W-05-02, -52.57099, -129.69564, 506.309
63, W-05-03, -47.60510, -82.89611, 504.484
64, W-05-04, -29.04868, -52.36249, 497.874
65, W-05-05, -5.80841, -32.15291, 493.080
66, W-05-06, 18.10621, -13.61045, 494.914
67, W-05-07, 39.65762, 10.59021, 501.532
68, W-05-08, 52.57099, 50.30436, 506.309
69, W-05-09, 47.60510, 97.10389, 504.484
70, W-05-10, 29.04868, 127.63751, 497.874
71, W-05-11, 5.80841, 147.84709, 493.080
72, W-06-00, -26.67922, -140.67902, 497.147
73, W-06-01, -46.05961, -111.78792, 503.909
74, W-06-02, -52.98532, -66.13163, 506.458
75, W-06-03, -41.62827, -24.50813, 502.258
76, W-06-04, -20.59919, 0.86804, 495.492
77, W-06-05, 3.22555, 19.63484, 492.930
78, W-06-06, 26.67922, 39.32098, 497.147
79, W-06-07, 46.05961, 68.21208, 503.909
80, W-06-08, 52.98532, 113.86837, 506.458
81, W-06-09, 41.62827, 155.49187, 502.258
82, W-06-10, 20.59919, -179.13196, 495.492
83, W-06-11, -3.22555, -160.36516, 492.930
84, W-07-00, -34.73087, -86.50915, 499.767
85, W-07-01, -50.74203, -51.38972, 505.644
86, W-07-02, -50.57010, -3.39053, 505.581
87, W-07-03, -34.36743, 31.40951, 499.641
88, W-07-04, -11.79142, 53.22208, 493.749
89, W-07-05, 12.21164, 71.54318, 493.813
90, W-07-06, 34.73087, 93.49085, 499.767
91, W-07-07, 50.74203, 128.61028, 505.644
92, W-07-08, 50.57010, 176.60947, 505.581
93, W-07-09, 34.36743, -148.59049, 499.641
94, W-07-10, 11.79142, -126.77792, 493.749
95, W-07-11, -12.21164, -108.45682, 493.813

[LINKS]
Type, SourceID, TargetID
ISL, 0, 1
ISL, 0, 23
ISL, 1, 2
ISL, 1, 12
ISL, 2, 3
ISL, 2, 13
ISL, 3, 4
ISL, 3, 14
ISL, 4, 5
ISL, 4, 15
ISL, 5, 6
ISL, 5, 15
ISL, 6, 7
ISL, 6, 17
ISL, 7, 8
ISL, 7, 18
ISL, 8, 9
ISL, 8, 19
ISL, 9, 10
ISL, 9, 20
ISL, 10, 11
ISL, 10, 21
ISL, 11, 0
ISL, 11, 21
ISL, 12, 13
ISL, 12, 35
ISL, 13, 14
ISL, 13, 24
ISL, 14, 15
ISL, 14, 25
ISL, 15, 16
ISL, 15, 26
ISL, 16, 17
ISL, 16, 27
ISL, 17, 18
ISL, 17, 28
ISL, 18, 19
ISL, 18, 29
ISL, 19, 20
ISL, 19, 30
ISL, 20, 21
ISL, 20, 31
ISL, 21, 22
ISL, 21, 32
ISL, 22, 23
ISL, 22, 33
ISL, 23, 12
ISL, 23, 34
ISL, 24, 25
ISL, 24, 47
ISL, 25, 26
ISL, 25, 36
ISL, 26, 27
ISL, 26, 37
ISL, 27, 28
ISL, 27, 38
ISL, 28, 29
ISL, 28, 39
ISL, 29, 30
ISL, 29, 40
ISL, 30, 31
ISL, 30, 41
ISL, 31, 32
ISL, 31, 42
ISL, 32, 33
ISL, 32, 43
ISL, 33, 34
ISL, 33, 44
ISL, 34, 35
ISL, 34, 45
ISL, 35, 24
ISL, 35, 46
ISL, 36, 37
ISL, 36, 59
ISL, 37, 38
ISL, 37, 48
ISL, 38, 39
ISL, 38, 49
ISL, 39, 40
ISL, 39, 50
ISL, 40, 41
ISL, 40, 50
ISL, 41, 42
ISL, 41, 52
ISL, 42, 43
ISL, 42, 53
ISL, 43, 44
ISL, 43, 54
ISL, 44, 45
ISL, 44, 55
ISL, 45, 46
ISL, 45, 56
ISL, 46, 47
ISL, 46, 56
ISL, 47, 36
ISL, 47, 58
ISL, 48, 49
ISL, 48, 71
ISL, 49, 50
ISL, 49, 60
ISL, 50, 51
ISL, 50, 61
ISL, 51, 52
ISL, 51, 62
ISL, 52, 53
ISL, 52, 63
ISL, 53, 54
ISL, 53, 64
ISL, 54, 55
ISL, 54, 65
ISL, 55, 56
ISL, 55, 66
ISL, 56, 57
ISL, 56, 67
ISL, 57, 58
ISL, 57, 68
ISL, 58, 59
ISL, 58, 69
ISL, 59, 48
ISL, 59, 70
ISL, 60, 61
ISL, 60, 83
ISL, 61, 62
ISL, 61, 72
ISL, 62, 63
ISL, 62, 73
ISL, 63, 64
ISL, 63, 73
ISL, 64, 65
ISL, 64, 75
ISL, 65, 66
ISL, 65, 76
ISL, 66, 67
ISL, 66, 77
ISL, 67, 68
ISL, 67, 78
ISL, 68, 69
ISL, 68, 79
ISL, 69, 70
ISL, 69, 79
ISL, 70, 71
ISL, 70, 81
ISL, 71, 60
ISL, 71, 82
ISL, 72, 73
ISL, 72, 95
ISL, 73, 74
ISL, 73, 84
ISL, 74, 75
ISL, 74, 85
ISL, 75, 76
ISL, 75, 85
ISL, 76, 77
ISL, 76, 87
ISL, 77, 78
ISL, 77, 88
ISL, 78, 79
ISL, 78, 89
ISL, 79, 80
ISL, 79, 90
ISL, 80, 81
ISL, 80, 91
ISL, 81, 82
ISL, 81, 91
ISL, 82, 83
ISL, 82, 93
ISL, 83, 72
ISL, 83, 94
ISL, 84, 85
ISL, 84, 2
ISL, 85, 86
ISL, 85, 3
ISL, 86, 87
ISL, 86, 4
ISL, 87, 88
ISL, 87, 5
ISL, 88, 89
ISL, 88, 6
ISL, 89, 90
ISL, 89, 7
ISL, 90, 91
ISL, 90, 8
ISL, 91, 92
ISL, 91, 9
ISL, 92, 93
ISL, 92, 10
ISL, 93, 94
ISL, 93, 11
ISL, 94, 95
ISL, 94, 0
ISL, 95, 84
ISL, 95, 1
