[METADATA]
Time: 2026-04-12 03:06:13
Step: 44
Total_Sats: 96

[NODES]
ID, Name, Lat(deg), Lon(deg), Alt(km)
0, W-00-00, 42.20612, 155.88721, 502.472
1, W-00-01, 53.06465, -161.93287, 506.487
2, W-00-02, 45.56235, -116.68654, 503.723
3, W-00-03, 25.95182, -88.26790, 496.932
4, W-00-04, 2.44111, -68.72236, 492.901
5, W-00-05, -21.34995, -49.87166, 495.678
6, W-00-06, -42.20612, -24.11279, 502.472
7, W-00-07, -53.06465, 18.06713, 506.487
8, W-00-08, -45.56235, 63.31346, 503.723
9, W-00-09, -25.95182, 91.73210, 496.932
10, W-00-10, -2.44111, 111.27764, 492.901
11, W-00-11, 21.34995, 130.12834, 495.678
12, W-01-00, 48.04380, -145.48537, 504.647
13, W-01-01, 52.39977, -98.40814, 506.247
14, W-01-02, 39.04114, -59.28879, 501.307
15, W-01-03, 17.34490, -35.41918, 494.750
16, W-01-04, -6.59071, -16.92919, 493.143
17, W-01-05, -29.75822, 3.45795, 498.100
18, W-01-06, -48.04380, 34.51463, 504.647
19, W-01-07, -52.39977, 81.59186, 506.247
20, W-01-08, -39.04114, 120.71121, 501.307
21, W-01-09, -17.34490, 144.58082, 494.750
22, W-01-10, 6.59071, 163.07081, 493.143
23, W-01-11, 29.75822, -176.54205, 498.100
24, W-02-00, 51.90919, -84.06983, 506.069
25, W-02-01, 49.02790, -36.47256, 505.012
26, W-02-02, 31.42889, -4.12738, 498.644
27, W-02-03, 8.45057, 16.71922, 493.321
28, W-02-04, -15.52349, 35.11297, 494.384
29, W-02-05, -37.54094, 58.24063, 500.763
30, W-02-06, -51.90919, 95.93017, 506.069
31, W-02-07, -49.02790, 143.52744, 505.012
32, W-02-08, -31.42889, 175.87262, 498.644
33, W-02-09, -8.45057, -163.28078, 493.321
34, W-02-10, 15.52349, -144.88703, 494.384
35, W-02-11, 37.54094, -121.75937, 500.763
36, W-03-00, 53.16534, -20.71013, 506.523
37, W-03-01, 43.54155, 22.73445, 502.969
38, W-03-02, 23.12636, 49.45455, 496.140
39, W-03-03, -0.57206, 68.53555, 492.865
40, W-03-04, -24.20494, 87.77910, 496.434
41, W-03-05, -44.32884, 115.12240, 503.263
42, W-03-06, -53.16534, 159.28987, 506.523
43, W-03-07, -43.54155, -157.26555, 502.969
44, W-03-08, -23.12636, -130.54545, 496.140
45, W-03-09, 0.57206, -111.46445, 492.865
46, W-03-10, 24.20494, -92.22090, 496.434
47, W-03-11, 44.32884, -64.87760, 503.263
48, W-04-00, 51.55293, 42.50106, 505.940
49, W-04-01, 36.60186, 79.31357, 500.427
50, W-04-02, 14.40345, 102.01858, 494.176
51, W-04-03, -9.58624, 120.37320, 493.452
52, W-04-04, -32.43720, 141.52724, 498.981
53, W-04-05, -49.58593, 174.68830, 505.218
54, W-04-06, -51.55293, -137.49894, 505.940
55, W-04-07, -36.60186, -100.68643, 500.427
56, W-04-08, -14.40345, -77.98142, 494.176
57, W-04-09, 9.58624, -59.62680, 493.452
58, W-04-10, 32.43720, -38.47276, 498.981
59, W-04-11, 49.58593, -5.31170, 505.218
60, W-05-00, 47.39958, 103.58030, 504.408
61, W-05-01, 28.72259, 133.87839, 497.772
62, W-05-02, 5.45031, 154.00970, 493.054
63, W-05-03, -18.45375, 172.57856, 494.990
64, W-05-04, -39.93686, -163.06542, 501.635
65, W-05-05, -52.64233, -123.08099, 506.335
66, W-05-06, -47.39958, -76.41970, 504.408
67, W-05-07, -28.72259, -46.12161, 497.772
68, W-05-08, -5.45031, -25.99030, 493.054
69, W-05-09, 18.45375, -7.42144, 494.990
70, W-05-10, 39.93686, 16.93458, 501.635
71, W-05-11, 52.64233, 56.91901, 506.335
72, W-06-00, 41.36070, 161.85972, 502.159
73, W-06-01, 20.25483, -172.93509, 495.408
74, W-06-02, -3.58431, -154.20419, 492.946
75, W-06-03, -27.01070, -134.45095, 497.246
76, W-06-04, -46.28283, -105.33963, 503.992
77, W-06-05, -52.94177, -59.50506, 506.443
78, W-06-06, -41.36070, -18.14028, 502.159
79, W-06-07, -20.25483, 7.06491, 495.408
80, W-06-08, 3.58431, 25.79581, 492.946
81, W-06-09, 27.01070, 45.54905, 497.246
82, W-06-10, 46.28283, 74.66037, 503.992
83, W-06-11, 52.94177, 120.49494, 506.443
84, W-07-00, 34.05956, -142.30766, 499.534
85, W-07-01, 11.43675, -120.60668, 493.697
86, W-07-02, -12.56568, -102.28398, 493.868
87, W-07-03, -35.03592, -80.22002, 499.874
88, W-07-04, -50.88287, -44.83001, 505.695
89, W-07-05, -50.42101, 3.16026, 505.526
90, W-07-06, -34.05956, 37.69234, 499.534
91, W-07-07, -11.43675, 59.39332, 493.697
92, W-07-08, 12.56568, 77.71602, 493.868
93, W-07-09, 35.03592, 99.77998, 499.874
94, W-07-10, 50.88287, 135.16999, 505.695
95, W-07-11, 50.42101, -176.83974, 505.526

[LINKS]
Type, SourceID, TargetID
ISL, 0, 1
ISL, 0, 23
ISL, 1, 2
ISL, 1, 12
ISL, 2, 3
ISL, 2, 13
ISL, 3, 4
ISL, 3, 14
ISL, 4, 5
ISL, 4, 15
ISL, 5, 6
ISL, 5, 15
ISL, 6, 7
ISL, 6, 17
ISL, 7, 8
ISL, 7, 18
ISL, 8, 9
ISL, 8, 19
ISL, 9, 10
ISL, 9, 20
ISL, 10, 11
ISL, 10, 21
ISL, 11, 0
ISL, 11, 21
ISL, 12, 13
ISL, 12, 35
ISL, 13, 14
ISL, 13, 24
ISL, 14, 15
ISL, 14, 25
ISL, 15, 16
ISL, 15, 26
ISL, 16, 17
ISL, 16, 27
ISL, 17, 18
ISL, 17, 28
ISL, 18, 19
ISL, 18, 29
ISL, 19, 20
ISL, 19, 30
ISL, 20, 21
ISL, 20, 31
ISL, 21, 22
ISL, 21, 32
ISL, 22, 23
ISL, 22, 33
ISL, 23, 12
ISL, 23, 34
ISL, 24, 25
ISL, 24, 47
ISL, 25, 26
ISL, 25, 36
ISL, 26, 27
ISL, 26, 37
ISL, 27, 28
ISL, 27, 38
ISL, 28, 29
ISL, 28, 39
ISL, 29, 30
ISL, 29, 40
ISL, 30, 31
ISL, 30, 41
ISL, 31, 32
ISL, 31, 42
ISL, 32, 33
ISL, 32, 43
ISL, 33, 34
ISL, 33, 44
ISL, 34, 35
ISL, 34, 45
ISL, 35, 24
ISL, 35, 46
ISL, 36, 37
ISL, 36, 59
ISL, 37, 38
ISL, 37, 48
ISL, 38, 39
ISL, 38, 49
ISL, 39, 40
ISL, 39, 50
ISL, 40, 41
ISL, 40, 50
ISL, 41, 42
ISL, 41, 52
ISL, 42, 43
ISL, 42, 53
ISL, 43, 44
ISL, 43, 54
ISL, 44, 45
ISL, 44, 55
ISL, 45, 46
ISL, 45, 56
ISL, 46, 47
ISL, 46, 56
ISL, 47, 36
ISL, 47, 58
ISL, 48, 49
ISL, 48, 71
ISL, 49, 50
ISL, 49, 60
ISL, 50, 51
ISL, 50, 61
ISL, 51, 52
ISL, 51, 62
ISL, 52, 53
ISL, 52, 63
ISL, 53, 54
ISL, 53, 64
ISL, 54, 55
ISL, 54, 65
ISL, 55, 56
ISL, 55, 66
ISL, 56, 57
ISL, 56, 67
ISL, 57, 58
ISL, 57, 68
ISL, 58, 59
ISL, 58, 69
ISL, 59, 48
ISL, 59, 70
ISL, 60, 61
ISL, 60, 83
ISL, 61, 62
ISL, 61, 72
ISL, 62, 63
ISL, 62, 73
ISL, 63, 64
ISL, 63, 73
ISL, 64, 65
ISL, 64, 75
ISL, 65, 66
ISL, 65, 76
ISL, 66, 67
ISL, 66, 77
ISL, 67, 68
ISL, 67, 78
ISL, 68, 69
ISL, 68, 79
ISL, 69, 70
ISL, 69, 79
ISL, 70, 71
ISL, 70, 81
ISL, 71, 60
ISL, 71, 82
ISL, 72, 73
ISL, 72, 95
ISL, 73, 74
ISL, 73, 84
ISL, 74, 75
ISL, 74, 85
ISL, 75, 76
ISL, 75, 85
ISL, 76, 77
ISL, 76, 87
ISL, 77, 78
ISL, 77, 88
ISL, 78, 79
ISL, 78, 89
ISL, 79, 80
ISL, 79, 90
ISL, 80, 81
ISL, 80, 91
ISL, 81, 82
ISL, 81, 91
ISL, 82, 83
ISL, 82, 93
ISL, 83, 72
ISL, 83, 94
ISL, 84, 85
ISL, 84, 2
ISL, 85, 86
ISL, 85, 3
ISL, 86, 87
ISL, 86, 4
ISL, 87, 88
ISL, 87, 5
ISL, 88, 89
ISL, 88, 6
ISL, 89, 90
ISL, 89, 7
ISL, 90, 91
ISL, 90, 8
ISL, 91, 92
ISL, 91, 9
ISL, 92, 93
ISL, 92, 10
ISL, 93, 94
ISL, 93, 11
ISL, 94, 95
ISL, 94, 0
ISL, 95, 84
ISL, 95, 1
