[METADATA]
Time: 2026-04-12 03:25:43
Step: 83
Total_Sats: 96

[NODES]
ID, Name, Lat(deg), Lon(deg), Alt(km)
0, W-00-00, 37.05886, -106.22003, 500.590
1, W-00-01, 14.94673, -83.31312, 494.275
2, W-00-02, -9.03614, -64.94141, 493.386
3, W-00-03, -31.94995, -43.93890, 498.817
4, W-00-04, -49.31982, -11.17565, 505.120
5, W-00-05, -51.73079, 36.54266, 506.004
6, W-00-06, -37.05886, 73.77997, 500.590
7, W-00-07, -14.94673, 96.68688, 494.275
8, W-00-08, 9.03614, 115.05859, 493.386
9, W-00-09, 31.94995, 136.06110, 498.817
10, W-00-10, 49.31982, 168.82435, 505.120
11, W-00-11, 51.73079, -143.45734, 506.004
12, W-01-00, 29.22567, -51.55094, 497.930
13, W-01-01, 6.00315, -31.29801, 493.095
14, W-01-02, -17.91696, -12.76928, 494.872
15, W-01-03, -39.50499, 11.34791, 501.476
16, W-01-04, -52.53034, 50.91452, 506.294
17, W-01-05, -47.71563, 97.78631, 504.526
18, W-01-06, -29.22567, 128.44906, 497.930
19, W-01-07, -6.00315, 148.70199, 493.095
20, W-01-08, 17.91696, 167.23072, 494.872
21, W-01-09, 39.50499, -168.65209, 501.476
22, W-01-10, 52.53034, -129.08548, 506.294
23, W-01-11, 47.71563, -82.21369, 504.526
24, W-02-00, 20.78627, 1.70387, 495.538
25, W-02-01, -3.03037, 20.49086, 492.922
26, W-02-02, -26.49856, 40.14123, 497.093
27, W-02-03, -45.93705, 68.91361, 503.863
28, W-02-04, -53.00709, 114.47045, 506.466
29, W-02-05, -41.77297, 156.23362, 502.312
30, W-02-06, -20.78627, -178.29613, 495.538
31, W-02-07, 3.03037, -159.50914, 492.922
32, W-02-08, 26.49856, -139.85877, 497.093
33, W-02-09, 45.93705, -111.08639, 503.863
34, W-02-10, 53.00709, -65.52955, 506.466
35, W-02-11, 41.77297, -23.76638, 502.312
36, W-03-00, 11.98422, 54.07212, 493.778
37, W-03-01, -12.01894, 72.39297, 493.783
38, W-03-02, -34.56439, 94.27829, 499.709
39, W-03-03, -50.66383, 129.25101, 505.615
40, W-03-04, -50.64962, 177.25162, 505.610
41, W-03-05, -34.53436, -147.80204, 499.699
42, W-03-06, -11.98422, -125.92788, 493.778
43, W-03-07, 12.01894, -107.60703, 493.783
44, W-03-08, 34.56439, -85.72171, 499.709
45, W-03-09, 50.66383, -50.74899, 505.615
46, W-03-10, 50.64962, -2.74838, 505.610
47, W-03-11, 34.53436, 32.19796, 499.699
48, W-04-00, 2.99522, 105.97313, 492.921
49, W-04-01, -20.81994, 124.76379, 495.546
50, W-04-02, -41.79897, 150.25108, 502.321
51, W-04-03, -53.01087, -167.96068, 506.467
52, W-04-04, -45.91490, -122.42194, 503.855
53, W-04-05, -26.46600, -93.67086, 497.084
54, W-04-06, -2.99522, -74.02687, 492.921
55, W-04-07, 20.81994, -55.23621, 495.546
56, W-04-08, 41.79897, -29.74892, 502.321
57, W-04-09, 53.01087, 12.03932, 506.467
58, W-04-10, 45.91490, 57.57806, 503.855
59, W-04-11, 26.46600, 86.32914, 497.084
60, W-05-00, -6.03822, 157.76221, 493.098
61, W-05-01, -29.25752, 178.02301, 497.940
62, W-05-02, -47.73544, -151.29092, 504.533
63, W-05-03, -52.52288, -104.40632, 506.292
64, W-05-04, -39.47744, -64.86632, 501.466
65, W-05-05, -17.88286, -40.76410, 494.865
66, W-05-06, 6.03822, -22.23779, 493.098
67, W-05-07, 29.25752, -1.97699, 497.940
68, W-05-08, 47.73544, 28.70908, 504.533
69, W-05-09, 52.52288, 75.59368, 506.292
70, W-05-10, 39.47744, 115.13368, 501.466
71, W-05-11, 17.88286, 139.23590, 494.865
72, W-06-00, -14.98117, -150.22111, 494.281
73, W-06-01, -37.08774, -127.30120, 500.601
74, W-06-02, -51.74175, -90.03692, 506.008
75, W-06-03, -49.30266, -42.32524, 505.114
76, W-06-04, -31.91894, -9.58708, 498.807
77, W-06-05, -9.00121, 11.40598, 493.382
78, W-06-06, 14.98117, 29.77889, 494.281
79, W-06-07, 37.08774, 52.69880, 500.601
80, W-06-08, 51.74175, 89.96308, 506.008
81, W-06-09, 49.30266, 137.67476, 505.114
82, W-06-10, 31.91894, 170.41292, 498.807
83, W-06-11, 9.00121, -168.59402, 493.382
84, W-07-00, -23.68309, -97.60535, 496.290
85, W-07-01, -43.95025, -70.56738, 503.121
86, W-07-02, -53.17119, -26.74484, 506.525
87, W-07-03, -43.92604, 17.05546, 503.112
88, W-07-04, -23.64992, 44.07426, 496.281
89, W-07-05, 0.01759, 63.23196, 492.863
90, W-07-06, 23.68309, 82.39465, 496.290
91, W-07-07, 43.95025, 109.43262, 503.121
92, W-07-08, 53.17119, 153.25516, 506.525
93, W-07-09, 43.92604, -162.94454, 503.112
94, W-07-10, 23.64992, -135.92574, 496.281
95, W-07-11, -0.01759, -116.76804, 492.863

[LINKS]
Type, SourceID, TargetID
ISL, 0, 1
ISL, 0, 23
ISL, 1, 2
ISL, 1, 12
ISL, 2, 3
ISL, 2, 13
ISL, 3, 4
ISL, 3, 14
ISL, 4, 5
ISL, 4, 15
ISL, 5, 6
ISL, 5, 15
ISL, 6, 7
ISL, 6, 17
ISL, 7, 8
ISL, 7, 18
ISL, 8, 9
ISL, 8, 19
ISL, 9, 10
ISL, 9, 20
ISL, 10, 11
ISL, 10, 21
ISL, 11, 0
ISL, 11, 21
ISL, 12, 13
ISL, 12, 35
ISL, 13, 14
ISL, 13, 24
ISL, 14, 15
ISL, 14, 25
ISL, 15, 16
ISL, 15, 26
ISL, 16, 17
ISL, 16, 27
ISL, 17, 18
ISL, 17, 28
ISL, 18, 19
ISL, 18, 29
ISL, 19, 20
ISL, 19, 30
ISL, 20, 21
ISL, 20, 31
ISL, 21, 22
ISL, 21, 32
ISL, 22, 23
ISL, 22, 33
ISL, 23, 12
ISL, 23, 34
ISL, 24, 25
ISL, 24, 47
ISL, 25, 26
ISL, 25, 36
ISL, 26, 27
ISL, 26, 37
ISL, 27, 28
ISL, 27, 38
ISL, 28, 29
ISL, 28, 39
ISL, 29, 30
ISL, 29, 40
ISL, 30, 31
ISL, 30, 41
ISL, 31, 32
ISL, 31, 42
ISL, 32, 33
ISL, 32, 43
ISL, 33, 34
ISL, 33, 44
ISL, 34, 35
ISL, 34, 45
ISL, 35, 24
ISL, 35, 46
ISL, 36, 37
ISL, 36, 59
ISL, 37, 38
ISL, 37, 48
ISL, 38, 39
ISL, 38, 49
ISL, 39, 40
ISL, 39, 50
ISL, 40, 41
ISL, 40, 50
ISL, 41, 42
ISL, 41, 52
ISL, 42, 43
ISL, 42, 53
ISL, 43, 44
ISL, 43, 54
ISL, 44, 45
ISL, 44, 55
ISL, 45, 46
ISL, 45, 56
ISL, 46, 47
ISL, 46, 56
ISL, 47, 36
ISL, 47, 58
ISL, 48, 49
ISL, 48, 71
ISL, 49, 50
ISL, 49, 60
ISL, 50, 51
ISL, 50, 61
ISL, 51, 52
ISL, 51, 62
ISL, 52, 53
ISL, 52, 63
ISL, 53, 54
ISL, 53, 64
ISL, 54, 55
ISL, 54, 65
ISL, 55, 56
ISL, 55, 66
ISL, 56, 57
ISL, 56, 67
ISL, 57, 58
ISL, 57, 68
ISL, 58, 59
ISL, 58, 69
ISL, 59, 48
ISL, 59, 70
ISL, 60, 61
ISL, 60, 83
ISL, 61, 62
ISL, 61, 72
ISL, 62, 63
ISL, 62, 73
ISL, 63, 64
ISL, 63, 73
ISL, 64, 65
ISL, 64, 75
ISL, 65, 66
ISL, 65, 76
ISL, 66, 67
ISL, 66, 77
ISL, 67, 68
ISL, 67, 78
ISL, 68, 69
ISL, 68, 79
ISL, 69, 70
ISL, 69, 79
ISL, 70, 71
ISL, 70, 81
ISL, 71, 60
ISL, 71, 82
ISL, 72, 73
ISL, 72, 95
ISL, 73, 74
ISL, 73, 84
ISL, 74, 75
ISL, 74, 85
ISL, 75, 76
ISL, 75, 85
ISL, 76, 77
ISL, 76, 87
ISL, 77, 78
ISL, 77, 88
ISL, 78, 79
ISL, 78, 89
ISL, 79, 80
ISL, 79, 90
ISL, 80, 81
ISL, 80, 91
ISL, 81, 82
ISL, 81, 91
ISL, 82, 83
ISL, 82, 93
ISL, 83, 72
ISL, 83, 94
ISL, 84, 85
ISL, 84, 2
ISL, 85, 86
ISL, 85, 3
ISL, 86, 87
ISL, 86, 4
ISL, 87, 88
ISL, 87, 5
ISL, 88, 89
ISL, 88, 6
ISL, 89, 90
ISL, 89, 7
ISL, 90, 91
ISL, 90, 8
ISL, 91, 92
ISL, 91, 9
ISL, 92, 93
ISL, 92, 10
ISL, 93, 94
ISL, 93, 11
ISL, 94, 95
ISL, 94, 0
ISL, 95, 84
ISL, 95, 1
