[METADATA]
Time: 2026-04-12 04:04:43
Step: 161
Total_Sats: 96

[NODES]
ID, Name, Lat(deg), Lon(deg), Alt(km)
0, W-00-00, -52.05700, 24.60168, 506.123
1, W-00-01, -37.96203, 62.68941, 500.915
2, W-00-02, -16.03056, 86.01670, 494.482
3, W-00-03, 7.93444, 104.43315, 493.267
4, W-00-04, 30.96761, 125.14686, 498.492
5, W-00-05, 48.76335, 157.12833, 504.914
6, W-00-06, 52.05700, -155.39832, 506.123
7, W-00-07, 37.96203, -117.31059, 500.915
8, W-00-08, 16.03056, -93.98330, 494.482
9, W-00-09, -7.93444, -75.56685, 493.267
10, W-00-10, -30.96761, -54.85314, 498.492
11, W-00-11, -48.76335, -22.87167, 504.914
12, W-01-00, -48.32587, 86.16575, 504.752
13, W-01-01, -30.22504, 117.57444, 498.250
14, W-01-02, -7.10780, 138.08398, 493.188
15, W-01-03, 16.84011, 156.54319, 494.645
16, W-01-04, 38.62886, -179.79979, 501.157
17, W-01-05, 52.27510, -141.07627, 506.202
18, W-01-06, 48.32587, -93.83425, 504.752
19, W-01-07, 30.22504, -62.42556, 498.250
20, W-01-08, 7.10780, -41.91602, 493.188
21, W-01-09, -16.84011, -23.45681, 494.645
22, W-01-10, -38.62886, 0.20021, 501.157
23, W-01-11, -52.27510, 38.92373, 506.202
24, W-02-00, -42.58293, 144.95299, 502.612
25, W-02-01, -21.84506, 170.97179, 495.804
26, W-02-02, 1.92204, -170.11786, 492.887
27, W-02-03, 25.46860, -150.66081, 496.792
28, W-02-04, 45.22655, -122.54795, 503.598
29, W-02-05, 53.10512, -77.58740, 506.501
30, W-02-06, 42.58293, -35.04701, 502.612
31, W-02-07, 21.84506, -9.02821, 495.804
32, W-02-08, -1.92204, 9.88214, 492.887
33, W-02-09, -25.46860, 29.33919, 496.792
34, W-02-10, -45.22655, 57.45205, 503.598
35, W-02-11, -53.10512, 102.41260, 506.501
36, W-03-00, -35.47466, -158.81156, 500.028
37, W-03-01, -13.07706, -136.57558, 493.950
38, W-03-02, 10.92342, -118.24800, 493.625
39, W-03-03, 33.61218, -96.70460, 499.380
40, W-03-04, 50.19887, -62.55758, 505.444
41, W-03-05, 51.07969, -14.59461, 505.767
42, W-03-06, 35.47466, 21.18844, 500.028
43, W-03-07, 13.07706, 43.42442, 493.950
44, W-03-08, -10.92342, 61.75200, 493.625
45, W-03-09, -33.61218, 83.29540, 499.380
46, W-03-10, -50.19887, 117.44242, 505.444
47, W-03-11, -51.07969, 165.40539, 505.767
48, W-04-00, -27.48857, -104.49059, 497.391
49, W-04-01, -4.10291, -84.63721, 492.972
50, W-04-02, 19.75594, -65.95549, 495.289
51, W-04-03, 40.97034, -40.99304, 502.015
52, W-04-04, 52.87080, -0.00643, 506.417
53, W-04-05, 46.60074, 46.07518, 504.110
54, W-04-06, 27.48857, 75.50941, 497.391
55, W-04-07, 4.10291, 95.36279, 492.972
56, W-04-08, -19.75594, 114.04451, 495.289
57, W-04-09, -40.97034, 139.00696, 502.015
58, W-04-10, -52.87080, 179.99357, 506.417
59, W-04-11, -46.60074, -133.92482, 504.110
60, W-05-00, -18.95543, -51.46226, 495.104
61, W-05-01, 4.93227, -32.85254, 493.020
62, W-05-02, 28.24945, -12.83115, 497.624
63, W-05-03, 47.09717, 17.13058, 504.295
64, W-05-04, 52.73767, 63.57995, 506.369
65, W-05-05, 40.33744, 103.95267, 501.782
66, W-05-06, 18.95543, 128.53774, 495.104
67, W-05-07, -4.93227, 147.14746, 493.020
68, W-05-08, -28.24945, 167.16885, 497.624
69, W-05-09, -47.09717, -162.86942, 504.295
70, W-05-10, -52.73767, -116.42005, 506.369
71, W-05-11, -40.33744, -76.04733, 501.782
72, W-06-00, -10.10094, 0.77557, 493.516
73, W-06-01, 13.89388, 19.11734, 494.087
74, W-06-02, 36.17069, 41.63819, 500.274
75, W-06-03, 51.37759, 78.05373, 505.876
76, W-06-04, 49.82763, 125.93773, 505.308
77, W-06-05, 32.89107, 159.47523, 499.134
78, W-06-06, 10.10094, -179.22443, 493.516
79, W-06-07, -13.89388, -160.88266, 494.087
80, W-06-08, -36.17069, -138.36181, 500.274
81, W-06-09, -51.37759, -101.94627, 505.876
82, W-06-10, -49.82763, -54.06227, 505.308
83, W-06-11, -32.89107, -20.52477, 499.134
84, W-07-00, -1.09132, 52.62470, 492.871
85, W-07-01, 22.63461, 71.63738, 496.009
86, W-07-02, 43.17654, 98.08339, 502.833
87, W-07-03, 53.14988, 141.18625, 506.517
88, W-07-04, 44.67822, -174.33308, 503.393
89, W-07-05, 24.69216, -146.69816, 496.571
90, W-07-06, 1.09132, -127.37530, 492.871
91, W-07-07, -22.63461, -108.36262, 496.009
92, W-07-08, -43.17654, -81.91661, 502.833
93, W-07-09, -53.14988, -38.81375, 506.517
94, W-07-10, -44.67822, 5.66692, 503.393
95, W-07-11, -24.69216, 33.30184, 496.571

[LINKS]
Type, SourceID, TargetID
ISL, 0, 1
ISL, 0, 23
ISL, 1, 2
ISL, 1, 12
ISL, 2, 3
ISL, 2, 13
ISL, 3, 4
ISL, 3, 14
ISL, 4, 5
ISL, 4, 15
ISL, 5, 6
ISL, 5, 15
ISL, 6, 7
ISL, 6, 17
ISL, 7, 8
ISL, 7, 18
ISL, 8, 9
ISL, 8, 19
ISL, 9, 10
ISL, 9, 20
ISL, 10, 11
ISL, 10, 21
ISL, 11, 0
ISL, 11, 21
ISL, 12, 13
ISL, 12, 35
ISL, 13, 14
ISL, 13, 24
ISL, 14, 15
ISL, 14, 25
ISL, 15, 16
ISL, 15, 26
ISL, 16, 17
ISL, 16, 27
ISL, 17, 18
ISL, 17, 28
ISL, 18, 19
ISL, 18, 29
ISL, 19, 20
ISL, 19, 30
ISL, 20, 21
ISL, 20, 31
ISL, 21, 22
ISL, 21, 32
ISL, 22, 23
ISL, 22, 33
ISL, 23, 12
ISL, 23, 34
ISL, 24, 25
ISL, 24, 47
ISL, 25, 26
ISL, 25, 36
ISL, 26, 27
ISL, 26, 37
ISL, 27, 28
ISL, 27, 38
ISL, 28, 29
ISL, 28, 39
ISL, 29, 30
ISL, 29, 40
ISL, 30, 31
ISL, 30, 41
ISL, 31, 32
ISL, 31, 42
ISL, 32, 33
ISL, 32, 43
ISL, 33, 34
ISL, 33, 44
ISL, 34, 35
ISL, 34, 45
ISL, 35, 24
ISL, 35, 46
ISL, 36, 37
ISL, 36, 59
ISL, 37, 38
ISL, 37, 48
ISL, 38, 39
ISL, 38, 49
ISL, 39, 40
ISL, 39, 50
ISL, 40, 41
ISL, 40, 50
ISL, 41, 42
ISL, 41, 52
ISL, 42, 43
ISL, 42, 53
ISL, 43, 44
ISL, 43, 54
ISL, 44, 45
ISL, 44, 55
ISL, 45, 46
ISL, 45, 56
ISL, 46, 47
ISL, 46, 56
ISL, 47, 36
ISL, 47, 58
ISL, 48, 49
ISL, 48, 71
ISL, 49, 50
ISL, 49, 60
ISL, 50, 51
ISL, 50, 61
ISL, 51, 52
ISL, 51, 62
ISL, 52, 53
ISL, 52, 63
ISL, 53, 54
ISL, 53, 64
ISL, 54, 55
ISL, 54, 65
ISL, 55, 56
ISL, 55, 66
ISL, 56, 57
ISL, 56, 67
ISL, 57, 58
ISL, 57, 68
ISL, 58, 59
ISL, 58, 69
ISL, 59, 48
ISL, 59, 70
ISL, 60, 61
ISL, 60, 83
ISL, 61, 62
ISL, 61, 72
ISL, 62, 63
ISL, 62, 73
ISL, 63, 64
ISL, 63, 73
ISL, 64, 65
ISL, 64, 75
ISL, 65, 66
ISL, 65, 76
ISL, 66, 67
ISL, 66, 77
ISL, 67, 68
ISL, 67, 78
ISL, 68, 69
ISL, 68, 79
ISL, 69, 70
ISL, 69, 79
ISL, 70, 71
ISL, 70, 81
ISL, 71, 60
ISL, 71, 82
ISL, 72, 73
ISL, 72, 95
ISL, 73, 74
ISL, 73, 84
ISL, 74, 75
ISL, 74, 85
ISL, 75, 76
ISL, 75, 85
ISL, 76, 77
ISL, 76, 87
ISL, 77, 78
ISL, 77, 88
ISL, 78, 79
ISL, 78, 89
ISL, 79, 80
ISL, 79, 90
ISL, 80, 81
ISL, 80, 91
ISL, 81, 82
ISL, 81, 91
ISL, 82, 83
ISL, 82, 93
ISL, 83, 72
ISL, 83, 94
ISL, 84, 85
ISL, 84, 2
ISL, 85, 86
ISL, 85, 3
ISL, 86, 87
ISL, 86, 4
ISL, 87, 88
ISL, 87, 5
ISL, 88, 89
ISL, 88, 6
ISL, 89, 90
ISL, 89, 7
ISL, 90, 91
ISL, 90, 8
ISL, 91, 92
ISL, 91, 9
ISL, 92, 93
ISL, 92, 10
ISL, 93, 94
ISL, 93, 11
ISL, 94, 95
ISL, 94, 0
ISL, 95, 84
ISL, 95, 1
