[METADATA]
Time: 2026-04-12 03:04:13
Step: 40
Total_Sats: 96

[NODES]
ID, Name, Lat(deg), Lon(deg), Alt(km)
0, W-00-00, 37.46137, 148.62632, 500.735
1, W-00-01, 51.88041, -173.75907, 506.059
2, W-00-02, 49.07688, -126.14030, 505.030
3, W-00-03, 31.51540, -93.72623, 498.673
4, W-00-04, 8.54760, -72.85417, 493.332
5, W-00-05, -15.42803, -54.46435, 494.365
6, W-00-06, -37.46137, -31.37368, 500.735
7, W-00-07, -51.88041, 6.24093, 506.059
8, W-00-08, -49.07688, 53.85970, 505.030
9, W-00-09, -31.51540, 86.27377, 498.673
10, W-00-10, -8.54760, 107.14583, 493.332
11, W-00-11, 15.42803, 125.53565, 494.365
12, W-01-00, 44.26256, -154.51815, 503.238
13, W-01-01, 53.16717, -110.41067, 506.524
14, W-01-02, 43.60968, -66.90273, 502.994
15, W-01-03, 23.21871, -40.13046, 496.165
16, W-01-04, -0.47439, -21.03623, 492.864
17, W-01-05, -24.11313, -1.80721, 496.409
18, W-01-06, -44.26256, 25.48185, 503.238
19, W-01-07, -53.16717, 69.58933, 506.524
20, W-01-08, -43.60968, 113.09727, 502.994
21, W-01-09, -23.21871, 139.86954, 496.165
22, W-01-10, 0.47439, 158.96377, 492.864
23, W-01-11, 24.11313, 178.19279, 496.409
24, W-02-00, 49.53965, -94.98296, 505.201
25, W-02-01, 51.58497, -47.18546, 505.951
26, W-02-02, 36.68262, -10.29817, 500.456
27, W-02-03, 14.49922, 12.44201, 494.194
28, W-02-04, -9.48937, 30.79938, 493.440
29, W-02-05, -32.35156, 51.92638, 498.952
30, W-02-06, -49.53965, 85.01704, 505.201
31, W-02-07, -51.58497, 132.81454, 505.951
32, W-02-08, -36.68262, 169.70183, 500.456
33, W-02-09, -14.49922, -167.55799, 494.194
34, W-02-10, 9.48937, -149.20062, 493.440
35, W-02-11, 32.35156, -128.07362, 498.952
36, W-03-00, 52.62337, -32.77665, 506.328
37, W-03-01, 47.45577, 13.92293, 504.429
38, W-03-02, 28.81137, 44.28484, 497.800
39, W-03-03, 5.54772, 64.43725, 493.061
40, W-03-04, -18.35927, 82.99878, 494.969
41, W-03-05, -39.86109, 107.31231, 501.607
42, W-03-06, -52.62337, 147.22335, 506.328
43, W-03-07, -47.45577, -166.07707, 504.429
44, W-03-08, -28.81137, -135.71516, 497.800
45, W-03-09, -5.54772, -115.56275, 493.061
46, W-03-10, 18.35927, -97.00122, 494.969
47, W-03-11, 39.86109, -72.68769, 501.607
48, W-04-00, 52.95406, 30.79642, 506.447
49, W-04-01, 41.43367, 72.23181, 502.186
50, W-04-02, 20.34854, 97.48325, 495.431
51, W-04-03, -3.48674, 116.22375, 492.941
52, W-04-04, -26.92063, 135.95857, 497.219
53, W-04-05, -46.22239, 165.00974, 503.969
54, W-04-06, -52.95406, -149.20358, 506.447
55, W-04-07, -41.43367, -107.76819, 502.186
56, W-04-08, -20.34854, -82.51675, 495.431
57, W-04-09, 3.48674, -63.77625, 492.941
58, W-04-10, 26.92063, -44.04143, 497.219
59, W-04-11, 46.22239, -14.99026, 503.969
60, W-05-00, 50.46192, 93.48261, 505.541
61, W-05-01, 34.14342, 128.08744, 499.563
62, W-05-02, 11.53324, 149.81856, 493.711
63, W-05-03, -12.46942, 168.14068, 493.852
64, W-05-04, -34.95308, -169.82720, 499.845
65, W-05-05, -50.84494, -134.51089, 505.681
66, W-05-06, -50.46192, -86.51739, 505.541
67, W-05-07, -34.14342, -51.91256, 499.563
68, W-05-08, -11.53324, -30.18144, 493.711
69, W-05-09, 12.46942, -11.85932, 493.852
70, W-05-10, 34.95308, 10.17280, 499.845
71, W-05-11, 50.84494, 45.48911, 505.681
72, W-06-00, 45.62491, 153.66639, 503.746
73, W-06-01, 26.04253, -177.85686, 496.959
74, W-06-02, 2.53873, -158.29428, 492.905
75, W-06-03, -21.25668, -139.45442, 495.655
76, W-06-04, -42.13475, -113.74384, 502.446
77, W-06-05, -53.05596, -71.63242, 506.484
78, W-06-06, -45.62491, -26.33361, 503.746
79, W-06-07, -26.04253, 2.14314, 496.959
80, W-06-08, -2.53873, 21.70572, 492.905
81, W-06-09, 21.25668, 40.54558, 495.655
82, W-06-10, 42.13475, 66.25616, 502.446
83, W-06-11, 53.05596, 108.36758, 506.484
84, W-07-00, 39.11830, -148.90821, 501.335
85, W-07-01, 17.43974, -124.99804, 494.770
86, W-07-02, -6.49341, -106.50191, 493.134
87, W-07-03, -29.67018, -86.13736, 498.072
88, W-07-04, -47.99001, -55.14636, 504.627
89, W-07-05, -52.42221, -8.10182, 506.255
90, W-07-06, -39.11830, 31.09179, 501.335
91, W-07-07, -17.43974, 55.00196, 494.770
92, W-07-08, 6.49341, 73.49809, 493.134
93, W-07-09, 29.67018, 93.86264, 498.072
94, W-07-10, 47.99001, 124.85364, 504.627
95, W-07-11, 52.42221, 171.89818, 506.255

[LINKS]
Type, SourceID, TargetID
ISL, 0, 1
ISL, 0, 23
ISL, 1, 2
ISL, 1, 12
ISL, 2, 3
ISL, 2, 13
ISL, 3, 4
ISL, 3, 14
ISL, 4, 5
ISL, 4, 15
ISL, 5, 6
ISL, 5, 15
ISL, 6, 7
ISL, 6, 17
ISL, 7, 8
ISL, 7, 18
ISL, 8, 9
ISL, 8, 19
ISL, 9, 10
ISL, 9, 20
ISL, 10, 11
ISL, 10, 21
ISL, 11, 0
ISL, 11, 21
ISL, 12, 13
ISL, 12, 35
ISL, 13, 14
ISL, 13, 24
ISL, 14, 15
ISL, 14, 25
ISL, 15, 16
ISL, 15, 26
ISL, 16, 17
ISL, 16, 27
ISL, 17, 18
ISL, 17, 28
ISL, 18, 19
ISL, 18, 29
ISL, 19, 20
ISL, 19, 30
ISL, 20, 21
ISL, 20, 31
ISL, 21, 22
ISL, 21, 32
ISL, 22, 23
ISL, 22, 33
ISL, 23, 12
ISL, 23, 34
ISL, 24, 25
ISL, 24, 47
ISL, 25, 26
ISL, 25, 36
ISL, 26, 27
ISL, 26, 37
ISL, 27, 28
ISL, 27, 38
ISL, 28, 29
ISL, 28, 39
ISL, 29, 30
ISL, 29, 40
ISL, 30, 31
ISL, 30, 41
ISL, 31, 32
ISL, 31, 42
ISL, 32, 33
ISL, 32, 43
ISL, 33, 34
ISL, 33, 44
ISL, 34, 35
ISL, 34, 45
ISL, 35, 24
ISL, 35, 46
ISL, 36, 37
ISL, 36, 59
ISL, 37, 38
ISL, 37, 48
ISL, 38, 39
ISL, 38, 49
ISL, 39, 40
ISL, 39, 50
ISL, 40, 41
ISL, 40, 50
ISL, 41, 42
ISL, 41, 52
ISL, 42, 43
ISL, 42, 53
ISL, 43, 44
ISL, 43, 54
ISL, 44, 45
ISL, 44, 55
ISL, 45, 46
ISL, 45, 56
ISL, 46, 47
ISL, 46, 56
ISL, 47, 36
ISL, 47, 58
ISL, 48, 49
ISL, 48, 71
ISL, 49, 50
ISL, 49, 60
ISL, 50, 51
ISL, 50, 61
ISL, 51, 52
ISL, 51, 62
ISL, 52, 53
ISL, 52, 63
ISL, 53, 54
ISL, 53, 64
ISL, 54, 55
ISL, 54, 65
ISL, 55, 56
ISL, 55, 66
ISL, 56, 57
ISL, 56, 67
ISL, 57, 58
ISL, 57, 68
ISL, 58, 59
ISL, 58, 69
ISL, 59, 48
ISL, 59, 70
ISL, 60, 61
ISL, 60, 83
ISL, 61, 62
ISL, 61, 72
ISL, 62, 63
ISL, 62, 73
ISL, 63, 64
ISL, 63, 73
ISL, 64, 65
ISL, 64, 75
ISL, 65, 66
ISL, 65, 76
ISL, 66, 67
ISL, 66, 77
ISL, 67, 68
ISL, 67, 78
ISL, 68, 69
ISL, 68, 79
ISL, 69, 70
ISL, 69, 79
ISL, 70, 71
ISL, 70, 81
ISL, 71, 60
ISL, 71, 82
ISL, 72, 73
ISL, 72, 95
ISL, 73, 74
ISL, 73, 84
ISL, 74, 75
ISL, 74, 85
ISL, 75, 76
ISL, 75, 85
ISL, 76, 77
ISL, 76, 87
ISL, 77, 78
ISL, 77, 88
ISL, 78, 79
ISL, 78, 89
ISL, 79, 80
ISL, 79, 90
ISL, 80, 81
ISL, 80, 91
ISL, 81, 82
ISL, 81, 91
ISL, 82, 83
ISL, 82, 93
ISL, 83, 72
ISL, 83, 94
ISL, 84, 85
ISL, 84, 2
ISL, 85, 86
ISL, 85, 3
ISL, 86, 87
ISL, 86, 4
ISL, 87, 88
ISL, 87, 5
ISL, 88, 89
ISL, 88, 6
ISL, 89, 90
ISL, 89, 7
ISL, 90, 91
ISL, 90, 8
ISL, 91, 92
ISL, 91, 9
ISL, 92, 93
ISL, 92, 10
ISL, 93, 94
ISL, 93, 11
ISL, 94, 95
ISL, 94, 0
ISL, 95, 84
ISL, 95, 1
