[METADATA]
Time: 2026-04-12 04:03:43
Step: 159
Total_Sats: 96

[NODES]
ID, Name, Lat(deg), Lon(deg), Alt(km)
0, W-00-00, -52.74616, 18.73163, 506.372
1, W-00-01, -40.37492, 59.14070, 501.795
2, W-00-02, -19.00255, 83.74758, 495.114
3, W-00-03, 4.88354, 102.36130, 493.017
4, W-00-04, 28.20486, 122.37255, 497.611
5, W-00-05, 47.06841, 152.30291, 504.285
6, W-00-06, 52.74616, -161.26837, 506.372
7, W-00-07, 40.37492, -120.85930, 501.795
8, W-00-08, 19.00255, -96.25242, 495.114
9, W-00-09, -4.88354, -77.63870, 493.017
10, W-00-10, -28.20486, -57.62745, 497.611
11, W-00-11, -47.06841, -27.69709, 504.285
12, W-01-00, -49.84998, 81.10112, 505.316
13, W-01-01, -32.93364, 114.67421, 499.149
14, W-01-02, -10.14932, 135.98853, 493.522
15, W-01-03, 13.84592, 154.32925, 494.079
16, W-01-04, 36.12999, 176.83303, 500.259
17, W-01-05, 51.36066, -146.78872, 505.870
18, W-01-06, 49.84998, -98.89888, 505.316
19, W-01-07, 32.93364, -65.32579, 499.149
20, W-01-08, 10.14932, -44.01147, 493.522
21, W-01-09, -13.84592, -25.67075, 494.079
22, W-01-10, -36.12999, -3.16697, 500.259
23, W-01-11, -51.36066, 33.21128, 505.870
24, W-02-00, -44.71082, 140.84568, 503.405
25, W-02-01, -24.73791, 168.50830, 496.583
26, W-02-02, -1.14016, -172.16120, 492.871
27, W-02-03, 22.58830, -153.15478, 495.997
28, W-02-04, 43.14198, -126.73426, 502.820
29, W-02-05, 53.14793, -83.66394, 506.517
30, W-02-06, 44.71082, -39.15432, 503.405
31, W-02-07, 24.73791, -11.49170, 496.583
32, W-02-08, 1.14016, 7.83880, 492.871
33, W-02-09, -22.58830, 26.84522, 495.997
34, W-02-10, -43.14198, 53.26574, 502.820
35, W-02-11, -53.14793, 96.33606, 506.517
36, W-03-00, -38.00147, -162.11850, 500.929
37, W-03-01, -16.07821, -138.77218, 494.491
38, W-03-02, 7.88587, -120.35344, 493.262
39, W-03-03, 30.92412, -99.65201, 498.478
40, W-03-04, 48.73811, -67.70452, 504.905
41, W-03-05, 52.07045, -20.24365, 506.128
42, W-03-06, 38.00147, 17.88150, 500.929
43, W-03-07, 16.07821, 41.22782, 494.491
44, W-03-08, -7.88587, 59.64656, 493.262
45, W-03-09, -30.92412, 80.34799, 498.478
46, W-03-10, -48.73811, 112.29548, 504.905
47, W-03-11, -52.07045, 159.75635, 506.128
48, W-04-00, -30.26884, -107.22373, 498.264
49, W-04-01, -7.15641, -86.70248, 493.192
50, W-04-02, 16.79259, -68.24600, 494.635
51, W-04-03, 38.58991, -44.60872, 501.143
52, W-04-04, 52.26291, -5.92249, 506.198
53, W-04-05, 48.35206, 41.33424, 504.762
54, W-04-06, 30.26884, 72.77627, 498.264
55, W-04-07, 7.15641, 93.29752, 493.192
56, W-04-08, -16.79259, 111.75400, 494.635
57, W-04-09, -38.58991, 135.39128, 501.143
58, W-04-10, -52.26291, 174.07751, 506.198
59, W-04-11, -48.35206, -138.66576, 504.762
60, W-05-00, -21.89156, -53.81991, 495.816
61, W-05-01, 1.87322, -34.90379, 492.886
62, W-05-02, 25.42307, -15.45487, 496.779
63, W-05-03, 45.19469, 12.62951, 503.586
64, W-05-04, 53.10843, 57.56261, 506.502
65, W-05-05, 42.61814, 100.13656, 502.625
66, W-05-06, 21.89156, 126.18009, 495.816
67, W-05-07, -1.87322, 145.09621, 492.886
68, W-05-08, -25.42307, 164.54513, 496.779
69, W-05-09, -45.19469, -167.37049, 503.586
70, W-05-10, -53.10843, -122.43739, 506.502
71, W-05-11, -42.61814, -79.86344, 502.625
72, W-06-00, -13.12512, -1.36343, 493.957
73, W-06-01, 10.87511, 16.96478, 493.618
74, W-06-02, 33.56997, 38.49358, 499.366
75, W-06-03, 50.17758, 72.60454, 505.436
76, W-06-04, 51.09778, 120.56407, 505.774
77, W-06-05, 35.51578, 156.38418, 500.042
78, W-06-06, 13.12512, 178.63657, 493.957
79, W-06-07, -10.87511, -163.03522, 493.618
80, W-06-08, -33.56997, -141.50642, 499.366
81, W-06-09, -50.17758, -107.39546, 505.436
82, W-06-10, -51.09778, -59.43593, 505.774
83, W-06-11, -35.51578, -23.61582, 500.042
84, W-07-00, -4.15168, 50.57671, 492.974
85, W-07-01, 19.70897, 69.25397, 495.278
86, W-07-02, 40.93342, 94.19387, 502.001
87, W-07-03, 52.86364, 135.14468, 506.414
88, W-07-04, 46.63034, -178.75114, 504.121
89, W-07-05, 27.53342, -149.28628, 497.404
90, W-07-06, 4.15168, -129.42329, 492.974
91, W-07-07, -19.70897, -110.74603, 495.278
92, W-07-08, -40.93342, -85.80613, 502.001
93, W-07-09, -52.86364, -44.85532, 506.414
94, W-07-10, -46.63034, 1.24886, 504.121
95, W-07-11, -27.53342, 30.71372, 497.404

[LINKS]
Type, SourceID, TargetID
ISL, 0, 1
ISL, 0, 23
ISL, 1, 2
ISL, 1, 12
ISL, 2, 3
ISL, 2, 13
ISL, 3, 4
ISL, 3, 14
ISL, 4, 5
ISL, 4, 15
ISL, 5, 6
ISL, 5, 15
ISL, 6, 7
ISL, 6, 17
ISL, 7, 8
ISL, 7, 18
ISL, 8, 9
ISL, 8, 19
ISL, 9, 10
ISL, 9, 20
ISL, 10, 11
ISL, 10, 21
ISL, 11, 0
ISL, 11, 21
ISL, 12, 13
ISL, 12, 35
ISL, 13, 14
ISL, 13, 24
ISL, 14, 15
ISL, 14, 25
ISL, 15, 16
ISL, 15, 26
ISL, 16, 17
ISL, 16, 27
ISL, 17, 18
ISL, 17, 28
ISL, 18, 19
ISL, 18, 29
ISL, 19, 20
ISL, 19, 30
ISL, 20, 21
ISL, 20, 31
ISL, 21, 22
ISL, 21, 32
ISL, 22, 23
ISL, 22, 33
ISL, 23, 12
ISL, 23, 34
ISL, 24, 25
ISL, 24, 47
ISL, 25, 26
ISL, 25, 36
ISL, 26, 27
ISL, 26, 37
ISL, 27, 28
ISL, 27, 38
ISL, 28, 29
ISL, 28, 39
ISL, 29, 30
ISL, 29, 40
ISL, 30, 31
ISL, 30, 41
ISL, 31, 32
ISL, 31, 42
ISL, 32, 33
ISL, 32, 43
ISL, 33, 34
ISL, 33, 44
ISL, 34, 35
ISL, 34, 45
ISL, 35, 24
ISL, 35, 46
ISL, 36, 37
ISL, 36, 59
ISL, 37, 38
ISL, 37, 48
ISL, 38, 39
ISL, 38, 49
ISL, 39, 40
ISL, 39, 50
ISL, 40, 41
ISL, 40, 50
ISL, 41, 42
ISL, 41, 52
ISL, 42, 43
ISL, 42, 53
ISL, 43, 44
ISL, 43, 54
ISL, 44, 45
ISL, 44, 55
ISL, 45, 46
ISL, 45, 56
ISL, 46, 47
ISL, 46, 56
ISL, 47, 36
ISL, 47, 58
ISL, 48, 49
ISL, 48, 71
ISL, 49, 50
ISL, 49, 60
ISL, 50, 51
ISL, 50, 61
ISL, 51, 52
ISL, 51, 62
ISL, 52, 53
ISL, 52, 63
ISL, 53, 54
ISL, 53, 64
ISL, 54, 55
ISL, 54, 65
ISL, 55, 56
ISL, 55, 66
ISL, 56, 57
ISL, 56, 67
ISL, 57, 58
ISL, 57, 68
ISL, 58, 59
ISL, 58, 69
ISL, 59, 48
ISL, 59, 70
ISL, 60, 61
ISL, 60, 83
ISL, 61, 62
ISL, 61, 72
ISL, 62, 63
ISL, 62, 73
ISL, 63, 64
ISL, 63, 73
ISL, 64, 65
ISL, 64, 75
ISL, 65, 66
ISL, 65, 76
ISL, 66, 67
ISL, 66, 77
ISL, 67, 68
ISL, 67, 78
ISL, 68, 69
ISL, 68, 79
ISL, 69, 70
ISL, 69, 79
ISL, 70, 71
ISL, 70, 81
ISL, 71, 60
ISL, 71, 82
ISL, 72, 73
ISL, 72, 95
ISL, 73, 74
ISL, 73, 84
ISL, 74, 75
ISL, 74, 85
ISL, 75, 76
ISL, 75, 85
ISL, 76, 77
ISL, 76, 87
ISL, 77, 78
ISL, 77, 88
ISL, 78, 79
ISL, 78, 89
ISL, 79, 80
ISL, 79, 90
ISL, 80, 81
ISL, 80, 91
ISL, 81, 82
ISL, 81, 91
ISL, 82, 83
ISL, 82, 93
ISL, 83, 72
ISL, 83, 94
ISL, 84, 85
ISL, 84, 2
ISL, 85, 86
ISL, 85, 3
ISL, 86, 87
ISL, 86, 4
ISL, 87, 88
ISL, 87, 5
ISL, 88, 89
ISL, 88, 6
ISL, 89, 90
ISL, 89, 7
ISL, 90, 91
ISL, 90, 8
ISL, 91, 92
ISL, 91, 9
ISL, 92, 93
ISL, 92, 10
ISL, 93, 94
ISL, 93, 11
ISL, 94, 95
ISL, 94, 0
ISL, 95, 84
ISL, 95, 1
