[METADATA]
Time: 2026-04-12 03:16:43
Step: 65
Total_Sats: 96

[NODES]
ID, Name, Lat(deg), Lon(deg), Alt(km)
0, W-00-00, 52.61305, -148.03418, 506.324
1, W-00-01, 39.82035, -108.16258, 501.592
2, W-00-02, 18.30852, -83.87180, 494.958
3, W-00-03, -5.60002, -65.31417, 493.065
4, W-00-04, -28.85902, -45.15036, 497.815
5, W-00-05, -47.48585, -14.75410, 504.440
6, W-00-06, -52.61305, 31.96582, 506.324
7, W-00-07, -39.82035, 71.83742, 501.592
8, W-00-08, -18.30852, 96.12820, 494.958
9, W-00-09, 5.60002, 114.68583, 493.065
10, W-00-10, 28.85902, 134.84964, 497.815
11, W-00-11, 47.48585, 165.24590, 504.440
12, W-01-00, 49.51469, -85.84104, 505.192
13, W-01-01, 32.30554, -52.78812, 498.936
14, W-01-02, 9.43735, -31.67558, 493.434
15, W-01-03, -14.55063, -13.31669, 494.203
16, W-01-04, -36.72594, 9.44245, 500.471
17, W-01-05, -51.60205, 46.36990, 505.958
18, W-01-06, -49.51469, 94.15896, 505.192
19, W-01-07, -32.30554, 127.21188, 498.936
20, W-01-08, -9.43735, 148.32442, 493.434
21, W-01-09, 14.55063, 166.68331, 494.203
22, W-01-10, 36.72594, -170.55755, 500.471
23, W-01-11, 51.60205, -133.63010, 505.958
24, W-02-00, 44.22689, -26.32233, 503.225
25, W-02-01, 24.06381, 0.93768, 496.395
26, W-02-02, 0.42194, 20.15895, 492.864
27, W-02-03, -23.26827, 39.26034, 496.178
28, W-02-04, -43.64619, 66.06070, 503.008
29, W-02-05, -53.16801, 109.60254, 506.524
30, W-02-06, -44.22689, 153.67767, 503.225
31, W-02-07, -24.06381, -179.06232, 496.395
32, W-02-08, -0.42194, -159.84105, 492.864
33, W-02-09, 23.26827, -140.73966, 496.178
34, W-02-10, 43.64619, -113.93930, 503.008
35, W-02-11, 53.16801, -70.39746, 506.524
36, W-03-00, 37.41860, 30.51914, 500.719
37, W-03-01, 15.37675, 53.59001, 494.356
38, W-03-02, -8.59971, 71.97777, 493.337
39, W-03-03, -31.56182, 92.86356, 498.688
40, W-03-04, -49.10308, 125.31468, 505.040
41, W-03-05, -51.86483, 172.94476, 506.053
42, W-03-06, -37.41860, -149.48086, 500.719
43, W-03-07, -15.37675, -126.40999, 494.356
44, W-03-08, 8.59971, -108.02223, 493.337
45, W-03-09, 31.56182, -87.13644, 498.688
46, W-03-10, 49.10308, -54.68532, 505.040
47, W-03-11, 51.86483, -7.05524, 506.053
48, W-04-00, 29.62288, 85.27264, 498.057
49, W-04-01, 6.44116, 105.62513, 493.130
50, W-04-02, -17.49066, 124.12460, 494.781
51, W-04-03, -39.15968, 148.05662, 501.350
52, W-04-04, -52.43413, -172.70992, 506.259
53, W-04-05, -47.96103, -125.68315, 504.617
54, W-04-06, -29.62288, -94.72736, 498.057
55, W-04-07, -6.44116, -74.37487, 493.130
56, W-04-08, 17.49066, -55.87540, 494.781
57, W-04-09, 39.15968, -31.94338, 501.350
58, W-04-10, 52.43413, 7.29008, 506.259
59, W-04-11, 47.96103, 54.31685, 504.617
60, W-05-00, 21.20659, 138.58299, 495.642
61, W-05-01, -2.59115, 157.41707, 492.906
62, W-05-02, -26.09122, 176.98886, 496.973
63, W-05-03, -45.65842, -154.50310, 503.759
64, W-05-04, -53.05116, -109.17627, 506.482
65, W-05-05, -42.09637, -67.10174, 502.432
66, W-05-06, -21.20659, -41.41701, 495.642
67, W-05-07, 2.59115, -22.58293, 492.906
68, W-05-08, 26.09122, -3.01114, 496.973
69, W-05-09, 45.65842, 25.49690, 503.759
70, W-05-10, 53.05116, 70.82373, 506.482
71, W-05-11, 42.09637, 112.89826, 502.432
72, W-06-00, 12.41772, -169.01608, 493.844
73, W-06-01, -11.58505, -150.69422, 493.719
74, W-06-02, -34.18841, -128.94685, 499.579
75, W-06-03, -50.48378, -94.30292, 505.549
76, W-06-04, -50.82446, -46.30793, 505.674
77, W-06-05, -34.90856, -11.03116, 499.829
78, W-06-06, -12.41772, 10.98392, 493.844
79, W-06-07, 11.58505, 29.30578, 493.719
80, W-06-08, 34.18841, 51.05315, 499.579
81, W-06-09, 50.48378, 85.69708, 505.549
82, W-06-10, 50.82446, 133.69207, 505.674
83, W-06-11, 34.90856, 168.96884, 499.829
84, W-07-00, 3.43435, -117.10089, 492.939
85, W-07-01, -20.39885, -98.35518, 495.443
86, W-07-02, -41.47279, -73.07883, 502.201
87, W-07-03, -52.96053, -31.60560, 506.449
88, W-07-04, -46.18985, 14.15518, 503.957
89, W-07-05, -26.87223, 43.17413, 497.205
90, W-07-06, -3.43435, 62.89911, 492.939
91, W-07-07, 20.39885, 81.64482, 495.443
92, W-07-08, 41.47279, 106.92117, 502.201
93, W-07-09, 52.96053, 148.39440, 506.449
94, W-07-10, 46.18985, -165.84482, 503.957
95, W-07-11, 26.87223, -136.82587, 497.205

[LINKS]
Type, SourceID, TargetID
ISL, 0, 1
ISL, 0, 23
ISL, 1, 2
ISL, 1, 12
ISL, 2, 3
ISL, 2, 13
ISL, 3, 4
ISL, 3, 14
ISL, 4, 5
ISL, 4, 15
ISL, 5, 6
ISL, 5, 15
ISL, 6, 7
ISL, 6, 17
ISL, 7, 8
ISL, 7, 18
ISL, 8, 9
ISL, 8, 19
ISL, 9, 10
ISL, 9, 20
ISL, 10, 11
ISL, 10, 21
ISL, 11, 0
ISL, 11, 21
ISL, 12, 13
ISL, 12, 35
ISL, 13, 14
ISL, 13, 24
ISL, 14, 15
ISL, 14, 25
ISL, 15, 16
ISL, 15, 26
ISL, 16, 17
ISL, 16, 27
ISL, 17, 18
ISL, 17, 28
ISL, 18, 19
ISL, 18, 29
ISL, 19, 20
ISL, 19, 30
ISL, 20, 21
ISL, 20, 31
ISL, 21, 22
ISL, 21, 32
ISL, 22, 23
ISL, 22, 33
ISL, 23, 12
ISL, 23, 34
ISL, 24, 25
ISL, 24, 47
ISL, 25, 26
ISL, 25, 36
ISL, 26, 27
ISL, 26, 37
ISL, 27, 28
ISL, 27, 38
ISL, 28, 29
ISL, 28, 39
ISL, 29, 30
ISL, 29, 40
ISL, 30, 31
ISL, 30, 41
ISL, 31, 32
ISL, 31, 42
ISL, 32, 33
ISL, 32, 43
ISL, 33, 34
ISL, 33, 44
ISL, 34, 35
ISL, 34, 45
ISL, 35, 24
ISL, 35, 46
ISL, 36, 37
ISL, 36, 59
ISL, 37, 38
ISL, 37, 48
ISL, 38, 39
ISL, 38, 49
ISL, 39, 40
ISL, 39, 50
ISL, 40, 41
ISL, 40, 50
ISL, 41, 42
ISL, 41, 52
ISL, 42, 43
ISL, 42, 53
ISL, 43, 44
ISL, 43, 54
ISL, 44, 45
ISL, 44, 55
ISL, 45, 46
ISL, 45, 56
ISL, 46, 47
ISL, 46, 56
ISL, 47, 36
ISL, 47, 58
ISL, 48, 49
ISL, 48, 71
ISL, 49, 50
ISL, 49, 60
ISL, 50, 51
ISL, 50, 61
ISL, 51, 52
ISL, 51, 62
ISL, 52, 53
ISL, 52, 63
ISL, 53, 54
ISL, 53, 64
ISL, 54, 55
ISL, 54, 65
ISL, 55, 56
ISL, 55, 66
ISL, 56, 57
ISL, 56, 67
ISL, 57, 58
ISL, 57, 68
ISL, 58, 59
ISL, 58, 69
ISL, 59, 48
ISL, 59, 70
ISL, 60, 61
ISL, 60, 83
ISL, 61, 62
ISL, 61, 72
ISL, 62, 63
ISL, 62, 73
ISL, 63, 64
ISL, 63, 73
ISL, 64, 65
ISL, 64, 75
ISL, 65, 66
ISL, 65, 76
ISL, 66, 67
ISL, 66, 77
ISL, 67, 68
ISL, 67, 78
ISL, 68, 69
ISL, 68, 79
ISL, 69, 70
ISL, 69, 79
ISL, 70, 71
ISL, 70, 81
ISL, 71, 60
ISL, 71, 82
ISL, 72, 73
ISL, 72, 95
ISL, 73, 74
ISL, 73, 84
ISL, 74, 75
ISL, 74, 85
ISL, 75, 76
ISL, 75, 85
ISL, 76, 77
ISL, 76, 87
ISL, 77, 78
ISL, 77, 88
ISL, 78, 79
ISL, 78, 89
ISL, 79, 80
ISL, 79, 90
ISL, 80, 81
ISL, 80, 91
ISL, 81, 82
ISL, 81, 91
ISL, 82, 83
ISL, 82, 93
ISL, 83, 72
ISL, 83, 94
ISL, 84, 85
ISL, 84, 2
ISL, 85, 86
ISL, 85, 3
ISL, 86, 87
ISL, 86, 4
ISL, 87, 88
ISL, 87, 5
ISL, 88, 89
ISL, 88, 6
ISL, 89, 90
ISL, 89, 7
ISL, 90, 91
ISL, 90, 8
ISL, 91, 92
ISL, 91, 9
ISL, 92, 93
ISL, 92, 10
ISL, 93, 94
ISL, 93, 11
ISL, 94, 95
ISL, 94, 0
ISL, 95, 84
ISL, 95, 1
