[METADATA]
Time: 2026-04-12 03:43:13
Step: 118
Total_Sats: 96

[NODES]
ID, Name, Lat(deg), Lon(deg), Alt(km)
0, W-00-00, -14.34217, -65.12948, 494.165
1, W-00-01, -36.55013, -42.44689, 500.408
2, W-00-02, -51.53227, -5.68220, 505.932
3, W-00-03, -49.61540, 42.14003, 505.229
4, W-00-04, -32.49194, 75.34619, 498.999
5, W-00-05, -9.64820, 96.51761, 493.459
6, W-00-06, 14.34217, 114.87052, 494.165
7, W-00-07, 36.55013, 137.55311, 500.408
8, W-00-08, 51.53227, 174.31780, 505.932
9, W-00-09, 49.61540, -137.85997, 505.229
10, W-00-10, 32.49194, -104.65381, 498.999
11, W-00-11, 9.64820, -83.48239, 493.459
12, W-01-00, -23.06726, -12.57082, 496.124
13, W-01-01, -43.49787, 14.11601, 502.953
14, W-01-02, -53.16399, 57.51989, 506.522
15, W-01-03, -44.37115, 101.72557, 503.278
16, W-01-04, -24.26365, 129.10367, 496.451
17, W-01-05, -0.63455, 148.35658, 492.866
18, W-01-06, 23.06726, 167.42918, 496.124
19, W-01-07, 43.49787, -165.88399, 502.953
20, W-01-08, 53.16399, -122.48011, 506.522
21, W-01-09, 44.37115, -78.27443, 503.278
22, W-01-10, 24.26365, -50.89633, 496.451
23, W-01-11, 0.63455, -31.64342, 492.866
24, W-02-00, -31.37349, 41.00230, 498.626
25, W-02-01, -48.99643, 73.30348, 505.001
26, W-02-02, -51.92744, 120.88669, 506.076
27, W-02-03, -37.59178, 158.62416, 500.782
28, W-02-04, -15.58456, -178.22442, 494.395
29, W-02-05, 8.38848, -159.82810, 493.315
30, W-02-06, 31.37349, -138.99770, 498.626
31, W-02-07, 48.99643, -106.69652, 505.001
32, W-02-08, 51.92744, -59.11331, 506.076
33, W-02-09, 37.59178, -21.37584, 500.782
34, W-02-10, 15.58456, 1.77558, 494.395
35, W-02-11, -8.38848, 20.17190, 493.315
36, W-03-00, -38.99172, 96.15058, 501.289
37, W-03-01, -52.38525, 135.22238, 506.242
38, W-03-02, -48.07809, -177.67975, 504.660
39, W-03-03, -29.81450, -146.58095, 498.118
40, W-03-04, -6.65295, -126.17930, 493.148
41, W-03-05, 17.28420, -107.69318, 494.737
42, W-03-06, 38.99172, -83.84942, 501.289
43, W-03-07, 52.38525, -44.77762, 506.242
44, W-03-08, 48.07809, 2.32025, 504.660
45, W-03-09, 29.81450, 33.41905, 498.118
46, W-03-10, 6.65295, 53.82070, 493.148
47, W-03-11, -17.28420, 72.30682, 494.737
48, W-04-00, -45.52223, 153.53067, 503.708
49, W-04-01, -53.07002, -161.25679, 506.489
50, W-04-02, -42.25169, -119.03315, 502.489
51, W-04-03, -21.40959, -93.24329, 495.693
52, W-04-04, 2.37865, -74.38558, 492.900
53, W-04-05, 25.89376, -54.85088, 496.915
54, W-04-06, 45.52223, -26.46933, 503.708
55, W-04-07, 53.07002, 18.74321, 506.489
56, W-04-08, 42.25169, 60.96685, 502.489
57, W-04-09, 21.40959, 86.75671, 495.693
58, W-04-10, -2.37865, 105.61442, 492.900
59, W-04-11, -25.89376, 125.14912, 496.915
60, W-05-00, -50.39468, -146.33569, 505.516
61, W-05-01, -50.90698, -98.34781, 505.704
62, W-05-02, -35.08887, -62.91061, 499.892
63, W-05-03, -12.62725, -40.82619, 493.877
64, W-05-04, 11.37501, -22.50307, 493.689
65, W-05-05, 34.00586, -0.82128, 499.516
66, W-05-06, 50.39468, 33.66431, 505.516
67, W-05-07, 50.90698, 81.65219, 505.704
68, W-05-08, 35.08887, 117.08939, 499.892
69, W-05-09, 12.62725, 139.17381, 493.877
70, W-05-10, -11.37501, 157.49693, 493.689
71, W-05-11, -34.00586, 179.17872, 499.516
72, W-06-00, -52.93373, -83.68383, 506.440
73, W-06-01, -46.32139, -37.81885, 504.006
74, W-06-02, -27.06830, -8.66895, 497.263
75, W-06-03, -3.64672, 11.09614, 492.949
76, W-06-04, 20.19486, 29.82095, 495.394
77, W-06-05, 41.31394, 54.99665, 502.142
78, W-06-06, 52.93373, 96.31617, 506.440
79, W-06-07, 46.32139, 142.18115, 504.006
80, W-06-08, 27.06830, 171.33105, 497.263
81, W-06-09, 3.64672, -168.90386, 492.949
82, W-06-10, -20.19486, -150.17905, 495.394
83, W-06-11, -41.31394, -125.00335, 502.142
84, W-07-00, -52.65430, -20.10622, 506.339
85, W-07-01, -39.98526, 19.92510, 501.652
86, W-07-02, -18.51417, 44.30841, 495.004
87, W-07-03, 5.38798, 62.88202, 493.050
88, W-07-04, 28.66575, 82.99990, 497.754
89, W-07-05, 47.36351, 113.25724, 504.395
90, W-07-06, 52.65430, 159.89378, 506.339
91, W-07-07, 39.98526, -160.07490, 501.652
92, W-07-08, 18.51417, -135.69159, 495.004
93, W-07-09, -5.38798, -117.11798, 493.050
94, W-07-10, -28.66575, -97.00010, 497.754
95, W-07-11, -47.36351, -66.74276, 504.395

[LINKS]
Type, SourceID, TargetID
ISL, 0, 1
ISL, 0, 23
ISL, 1, 2
ISL, 1, 12
ISL, 2, 3
ISL, 2, 13
ISL, 3, 4
ISL, 3, 14
ISL, 4, 5
ISL, 4, 15
ISL, 5, 6
ISL, 5, 15
ISL, 6, 7
ISL, 6, 17
ISL, 7, 8
ISL, 7, 18
ISL, 8, 9
ISL, 8, 19
ISL, 9, 10
ISL, 9, 20
ISL, 10, 11
ISL, 10, 21
ISL, 11, 0
ISL, 11, 21
ISL, 12, 13
ISL, 12, 35
ISL, 13, 14
ISL, 13, 24
ISL, 14, 15
ISL, 14, 25
ISL, 15, 16
ISL, 15, 26
ISL, 16, 17
ISL, 16, 27
ISL, 17, 18
ISL, 17, 28
ISL, 18, 19
ISL, 18, 29
ISL, 19, 20
ISL, 19, 30
ISL, 20, 21
ISL, 20, 31
ISL, 21, 22
ISL, 21, 32
ISL, 22, 23
ISL, 22, 33
ISL, 23, 12
ISL, 23, 34
ISL, 24, 25
ISL, 24, 47
ISL, 25, 26
ISL, 25, 36
ISL, 26, 27
ISL, 26, 37
ISL, 27, 28
ISL, 27, 38
ISL, 28, 29
ISL, 28, 39
ISL, 29, 30
ISL, 29, 40
ISL, 30, 31
ISL, 30, 41
ISL, 31, 32
ISL, 31, 42
ISL, 32, 33
ISL, 32, 43
ISL, 33, 34
ISL, 33, 44
ISL, 34, 35
ISL, 34, 45
ISL, 35, 24
ISL, 35, 46
ISL, 36, 37
ISL, 36, 59
ISL, 37, 38
ISL, 37, 48
ISL, 38, 39
ISL, 38, 49
ISL, 39, 40
ISL, 39, 50
ISL, 40, 41
ISL, 40, 50
ISL, 41, 42
ISL, 41, 52
ISL, 42, 43
ISL, 42, 53
ISL, 43, 44
ISL, 43, 54
ISL, 44, 45
ISL, 44, 55
ISL, 45, 46
ISL, 45, 56
ISL, 46, 47
ISL, 46, 56
ISL, 47, 36
ISL, 47, 58
ISL, 48, 49
ISL, 48, 71
ISL, 49, 50
ISL, 49, 60
ISL, 50, 51
ISL, 50, 61
ISL, 51, 52
ISL, 51, 62
ISL, 52, 53
ISL, 52, 63
ISL, 53, 54
ISL, 53, 64
ISL, 54, 55
ISL, 54, 65
ISL, 55, 56
ISL, 55, 66
ISL, 56, 57
ISL, 56, 67
ISL, 57, 58
ISL, 57, 68
ISL, 58, 59
ISL, 58, 69
ISL, 59, 48
ISL, 59, 70
ISL, 60, 61
ISL, 60, 83
ISL, 61, 62
ISL, 61, 72
ISL, 62, 63
ISL, 62, 73
ISL, 63, 64
ISL, 63, 73
ISL, 64, 65
ISL, 64, 75
ISL, 65, 66
ISL, 65, 76
ISL, 66, 67
ISL, 66, 77
ISL, 67, 68
ISL, 67, 78
ISL, 68, 69
ISL, 68, 79
ISL, 69, 70
ISL, 69, 79
ISL, 70, 71
ISL, 70, 81
ISL, 71, 60
ISL, 71, 82
ISL, 72, 73
ISL, 72, 95
ISL, 73, 74
ISL, 73, 84
ISL, 74, 75
ISL, 74, 85
ISL, 75, 76
ISL, 75, 85
ISL, 76, 77
ISL, 76, 87
ISL, 77, 78
ISL, 77, 88
ISL, 78, 79
ISL, 78, 89
ISL, 79, 80
ISL, 79, 90
ISL, 80, 81
ISL, 80, 91
ISL, 81, 82
ISL, 81, 91
ISL, 82, 83
ISL, 82, 93
ISL, 83, 72
ISL, 83, 94
ISL, 84, 85
ISL, 84, 2
ISL, 85, 86
ISL, 85, 3
ISL, 86, 87
ISL, 86, 4
ISL, 87, 88
ISL, 87, 5
ISL, 88, 89
ISL, 88, 6
ISL, 89, 90
ISL, 89, 7
ISL, 90, 91
ISL, 90, 8
ISL, 91, 92
ISL, 91, 9
ISL, 92, 93
ISL, 92, 10
ISL, 93, 94
ISL, 93, 11
ISL, 94, 95
ISL, 94, 0
ISL, 95, 84
ISL, 95, 1
