[METADATA]
Time: 2026-04-12 03:05:13
Step: 42
Total_Sats: 96

[NODES]
ID, Name, Lat(deg), Lon(deg), Alt(km)
0, W-00-00, 39.89899, 152.12341, 501.621
1, W-00-01, 52.63289, -167.92884, 506.331
2, W-00-02, 47.42770, -121.24834, 504.418
3, W-00-03, 28.76699, -90.91837, 497.786
4, W-00-04, 5.49902, -70.77652, 493.058
5, W-00-05, -18.40651, -52.21134, 494.980
6, W-00-06, -39.89899, -27.87659, 501.621
7, W-00-07, -52.63289, 12.07116, 506.331
8, W-00-08, -47.42770, 58.75166, 504.418
9, W-00-09, -28.76699, 89.08163, 497.786
10, W-00-10, -5.49902, 109.22348, 493.058
11, W-00-11, 18.40651, 127.78866, 494.980
12, W-01-00, 46.25263, -150.16499, 503.981
13, W-01-01, 52.94796, -104.35431, 506.445
14, W-01-02, 41.39721, -62.95420, 502.173
15, W-01-03, 20.30169, -37.72591, 495.420
16, W-01-04, -3.53552, -18.99022, 492.944
17, W-01-05, -26.96567, 0.75379, 497.233
18, W-01-06, -46.25263, 29.83501, 503.981
19, W-01-07, -52.94796, 75.64569, 506.445
20, W-01-08, -41.39721, 117.04580, 502.173
21, W-01-09, -20.30169, 142.27409, 495.420
22, W-01-10, 3.53552, 161.00978, 492.944
23, W-01-11, 26.96567, -179.24621, 497.233
24, W-02-00, 50.86394, -89.67048, 505.688
25, W-02-01, 50.44150, -41.67853, 505.533
26, W-02-02, 34.10150, -7.11008, 499.549
27, W-02-03, 11.48500, 14.60595, 493.704
28, W-02-04, -12.51755, 32.92834, 493.860
29, W-02-05, -34.99451, 54.97636, 499.859
30, W-02-06, -50.86394, 90.32952, 505.688
31, W-02-07, -50.44150, 138.32147, 505.533
32, W-02-08, -34.10150, 172.88992, 499.549
33, W-02-09, -11.48500, -165.39405, 493.704
34, W-02-10, 12.51755, -147.07166, 493.860
35, W-02-11, 34.99451, -125.02364, 499.859
36, W-03-00, 53.06035, -26.78266, 506.485
37, W-03-01, 45.59366, 18.48997, 503.735
38, W-03-02, 25.99718, 46.93764, 496.945
39, W-03-03, 2.48992, 66.49168, 492.903
40, W-03-04, -21.30332, 85.33695, 495.666
41, W-03-05, -42.17045, 111.07165, 502.459
42, W-03-06, -53.06035, 153.21734, 506.485
43, W-03-07, -45.59366, -161.51003, 503.735
44, W-03-08, -25.99718, -133.06236, 496.945
45, W-03-09, -2.48992, -113.50832, 492.903
46, W-03-10, 21.30332, -94.66305, 495.666
47, W-03-11, 42.17045, -68.92835, 502.459
48, W-04-00, 52.41103, 36.74505, 506.251
49, W-04-01, 39.07974, 75.90153, 501.321
50, W-04-02, 17.39233, 99.79140, 494.760
51, W-04-03, -6.54206, 118.28445, 493.138
52, W-04-04, -29.71421, 138.66027, 498.086
53, W-04-05, -48.01693, 169.68409, 504.637
54, W-04-06, -52.41103, -143.25495, 506.251
55, W-04-07, -39.07974, -104.09847, 501.321
56, W-04-08, -17.39233, -80.20860, 494.760
57, W-04-09, 6.54206, -61.71555, 493.138
58, W-04-10, 29.71421, -41.33973, 498.086
59, W-04-11, 48.01693, -10.31591, 504.637
60, W-05-00, 49.05242, 98.69361, 505.021
61, W-05-01, 31.47215, 131.07322, 498.658
62, W-05-02, 8.49909, 151.93253, 493.327
63, W-05-03, -15.47576, 170.32430, 494.374
64, W-05-04, -37.50117, -166.56656, 500.749
65, W-05-05, -51.89484, -128.91448, 506.064
66, W-05-06, -49.05242, -81.30639, 505.021
67, W-05-07, -31.47215, -48.92678, 498.658
68, W-05-08, -8.49909, -28.06747, 493.327
69, W-05-09, 15.47576, -9.67570, 494.374
70, W-05-10, 37.50117, 13.43344, 500.749
71, W-05-11, 51.89484, 51.08552, 506.064
72, W-06-00, 43.57563, 157.91590, 502.982
73, W-06-01, 23.17254, -175.33794, 496.152
74, W-06-02, -0.52323, -156.25034, 492.865
75, W-06-03, -24.15904, -137.01407, 496.421
76, W-06-04, -44.29572, -109.69791, 503.250
77, W-06-05, -53.16630, -65.56040, 506.523
78, W-06-06, -43.57563, -22.08410, 502.982
79, W-06-07, -23.17254, 4.66206, 496.152
80, W-06-08, 0.52323, 23.74966, 492.865
81, W-06-09, 24.15904, 42.98593, 496.421
82, W-06-10, 44.29572, 70.30209, 503.250
83, W-06-11, 53.16630, 114.43960, 506.523
84, W-07-00, 36.64225, -145.49227, 500.441
85, W-07-01, 14.45134, -122.76970, 494.185
86, W-07-02, -9.53781, -104.41372, 493.446
87, W-07-03, -32.39439, -83.27321, 498.966
88, W-07-04, -49.56282, -50.14737, 505.210
89, W-07-05, -51.56899, -2.34217, 505.946
90, W-07-06, -36.64225, 34.50773, 500.441
91, W-07-07, -14.45134, 57.23030, 494.185
92, W-07-08, 9.53781, 75.58628, 493.446
93, W-07-09, 32.39439, 96.72679, 498.966
94, W-07-10, 49.56282, 129.85263, 505.210
95, W-07-11, 51.56899, 177.65783, 505.946

[LINKS]
Type, SourceID, TargetID
ISL, 0, 1
ISL, 0, 23
ISL, 1, 2
ISL, 1, 12
ISL, 2, 3
ISL, 2, 13
ISL, 3, 4
ISL, 3, 14
ISL, 4, 5
ISL, 4, 15
ISL, 5, 6
ISL, 5, 15
ISL, 6, 7
ISL, 6, 17
ISL, 7, 8
ISL, 7, 18
ISL, 8, 9
ISL, 8, 19
ISL, 9, 10
ISL, 9, 20
ISL, 10, 11
ISL, 10, 21
ISL, 11, 0
ISL, 11, 21
ISL, 12, 13
ISL, 12, 35
ISL, 13, 14
ISL, 13, 24
ISL, 14, 15
ISL, 14, 25
ISL, 15, 16
ISL, 15, 26
ISL, 16, 17
ISL, 16, 27
ISL, 17, 18
ISL, 17, 28
ISL, 18, 19
ISL, 18, 29
ISL, 19, 20
ISL, 19, 30
ISL, 20, 21
ISL, 20, 31
ISL, 21, 22
ISL, 21, 32
ISL, 22, 23
ISL, 22, 33
ISL, 23, 12
ISL, 23, 34
ISL, 24, 25
ISL, 24, 47
ISL, 25, 26
ISL, 25, 36
ISL, 26, 27
ISL, 26, 37
ISL, 27, 28
ISL, 27, 38
ISL, 28, 29
ISL, 28, 39
ISL, 29, 30
ISL, 29, 40
ISL, 30, 31
ISL, 30, 41
ISL, 31, 32
ISL, 31, 42
ISL, 32, 33
ISL, 32, 43
ISL, 33, 34
ISL, 33, 44
ISL, 34, 35
ISL, 34, 45
ISL, 35, 24
ISL, 35, 46
ISL, 36, 37
ISL, 36, 59
ISL, 37, 38
ISL, 37, 48
ISL, 38, 39
ISL, 38, 49
ISL, 39, 40
ISL, 39, 50
ISL, 40, 41
ISL, 40, 50
ISL, 41, 42
ISL, 41, 52
ISL, 42, 43
ISL, 42, 53
ISL, 43, 44
ISL, 43, 54
ISL, 44, 45
ISL, 44, 55
ISL, 45, 46
ISL, 45, 56
ISL, 46, 47
ISL, 46, 56
ISL, 47, 36
ISL, 47, 58
ISL, 48, 49
ISL, 48, 71
ISL, 49, 50
ISL, 49, 60
ISL, 50, 51
ISL, 50, 61
ISL, 51, 52
ISL, 51, 62
ISL, 52, 53
ISL, 52, 63
ISL, 53, 54
ISL, 53, 64
ISL, 54, 55
ISL, 54, 65
ISL, 55, 56
ISL, 55, 66
ISL, 56, 57
ISL, 56, 67
ISL, 57, 58
ISL, 57, 68
ISL, 58, 59
ISL, 58, 69
ISL, 59, 48
ISL, 59, 70
ISL, 60, 61
ISL, 60, 83
ISL, 61, 62
ISL, 61, 72
ISL, 62, 63
ISL, 62, 73
ISL, 63, 64
ISL, 63, 73
ISL, 64, 65
ISL, 64, 75
ISL, 65, 66
ISL, 65, 76
ISL, 66, 67
ISL, 66, 77
ISL, 67, 68
ISL, 67, 78
ISL, 68, 69
ISL, 68, 79
ISL, 69, 70
ISL, 69, 79
ISL, 70, 71
ISL, 70, 81
ISL, 71, 60
ISL, 71, 82
ISL, 72, 73
ISL, 72, 95
ISL, 73, 74
ISL, 73, 84
ISL, 74, 75
ISL, 74, 85
ISL, 75, 76
ISL, 75, 85
ISL, 76, 77
ISL, 76, 87
ISL, 77, 78
ISL, 77, 88
ISL, 78, 79
ISL, 78, 89
ISL, 79, 80
ISL, 79, 90
ISL, 80, 81
ISL, 80, 91
ISL, 81, 82
ISL, 81, 91
ISL, 82, 83
ISL, 82, 93
ISL, 83, 72
ISL, 83, 94
ISL, 84, 85
ISL, 84, 2
ISL, 85, 86
ISL, 85, 3
ISL, 86, 87
ISL, 86, 4
ISL, 87, 88
ISL, 87, 5
ISL, 88, 89
ISL, 88, 6
ISL, 89, 90
ISL, 89, 7
ISL, 90, 91
ISL, 90, 8
ISL, 91, 92
ISL, 91, 9
ISL, 92, 93
ISL, 92, 10
ISL, 93, 94
ISL, 93, 11
ISL, 94, 95
ISL, 94, 0
ISL, 95, 84
ISL, 95, 1
