[METADATA]
Time: 2026-04-12 03:28:43
Step: 89
Total_Sats: 96

[NODES]
ID, Name, Lat(deg), Lon(deg), Alt(km)
0, W-00-00, 29.09296, -97.15954, 497.888
1, W-00-01, 5.85710, -76.93917, 493.084
2, W-00-02, -18.05891, -58.40019, 494.903
3, W-00-03, -39.61951, -34.22047, 501.518
4, W-00-04, -52.56095, 5.45683, 506.305
5, W-00-05, -47.63281, 52.27462, 504.495
6, W-00-06, -29.09296, 82.84046, 497.888
7, W-00-07, -5.85710, 103.06083, 493.084
8, W-00-08, 18.05891, 121.59981, 494.903
9, W-00-09, 39.61951, 145.77953, 501.518
10, W-00-10, 52.56095, -174.54317, 506.305
11, W-00-11, 47.63281, -127.72538, 504.495
12, W-01-00, 20.64597, -43.92296, 495.503
13, W-01-01, -3.17676, -25.15116, 492.928
14, W-01-02, -26.63407, -5.47401, 497.133
15, W-01-03, -46.02904, 23.38734, 503.897
16, W-01-04, -52.99089, 69.01893, 506.460
17, W-01-05, -41.66450, 110.67742, 502.272
18, W-01-06, -20.64597, 136.07704, 495.503
19, W-01-07, 3.17676, 154.84884, 492.928
20, W-01-08, 26.63407, 174.52599, 497.133
21, W-01-09, 46.02904, -156.61266, 503.897
22, W-01-10, 52.99089, -110.98107, 506.460
23, W-01-11, 41.66450, -69.32258, 502.272
24, W-02-00, 11.83963, 8.43461, 493.756
25, W-02-01, -12.16348, 26.75560, 493.805
26, W-02-02, -34.68929, 48.68763, 499.753
27, W-02-03, -50.72259, 83.77035, 505.636
28, W-02-04, -50.59008, 131.77012, 505.588
29, W-02-05, -34.40920, 166.60670, 499.655
30, W-02-06, -11.83963, -171.56539, 493.756
31, W-02-07, 12.16348, -153.24440, 493.805
32, W-02-08, 34.68929, -131.31237, 499.753
33, W-02-09, 50.72259, -96.22965, 505.636
34, W-02-10, 50.59008, -48.22988, 505.588
35, W-02-11, 34.40920, -13.39330, 499.655
36, W-03-00, 2.84882, 60.33108, 492.915
37, W-03-01, -20.96012, 79.13724, 495.581
38, W-03-02, -41.90703, 104.69569, 502.361
39, W-03-03, -53.02614, 146.58807, 506.473
40, W-03-04, -45.82236, -167.94914, 503.820
41, W-03-05, -26.33032, -139.28650, 497.043
42, W-03-06, -2.84882, -119.66892, 492.915
43, W-03-07, 20.96012, -100.86276, 495.581
44, W-03-08, 41.90703, -75.30431, 502.361
45, W-03-09, 53.02614, -33.41193, 506.473
46, W-03-10, 45.82236, 12.05086, 503.820
47, W-03-11, 26.33032, 40.71350, 497.043
48, W-04-00, -6.18424, 112.12112, 493.109
49, W-04-01, -29.39004, 132.41486, 497.982
50, W-04-02, -47.81763, 163.19833, 504.563
51, W-04-03, -52.49136, -149.86452, 506.280
52, W-04-04, -39.36256, -110.43544, 501.424
53, W-04-05, -17.74082, -86.39524, 494.834
54, W-04-06, 6.18424, -67.87888, 493.109
55, W-04-07, 29.39004, -47.58514, 497.982
56, W-04-08, 47.81763, -16.80167, 504.563
57, W-04-09, 52.49136, 30.13548, 506.280
58, W-04-10, 39.36256, 69.56456, 501.424
59, W-04-11, 17.74082, 93.60476, 494.834
60, W-05-00, -15.12456, 164.14440, 494.308
61, W-05-01, -37.20785, -172.88134, 500.644
62, W-05-02, -51.78695, -135.50471, 506.025
63, W-05-03, -49.23084, -87.82145, 505.087
64, W-05-04, -31.78970, -55.18758, 498.764
65, W-05-05, -8.85576, -34.23368, 493.366
66, W-05-06, 15.12456, -15.85560, 494.308
67, W-05-07, 37.20785, 7.11866, 500.644
68, W-05-08, 51.78695, 44.49529, 506.025
69, W-05-09, 49.23084, 92.17855, 505.087
70, W-05-10, 31.78970, 124.81242, 498.764
71, W-05-11, 8.85576, 145.76632, 493.366
72, W-06-00, -23.82114, -143.22670, 496.328
73, W-06-01, -44.05083, -116.10866, 503.159
74, W-06-02, -53.17072, -72.19396, 506.525
75, W-06-03, -43.82498, -28.48670, 503.075
76, W-06-04, -23.51173, -1.54743, 496.244
77, W-06-05, 0.16410, 17.58962, 492.863
78, W-06-06, 23.82114, 36.77330, 496.328
79, W-06-07, 44.05083, 63.89134, 503.159
80, W-06-08, 53.17072, 107.80604, 506.525
81, W-06-09, 43.82498, 151.51330, 503.075
82, W-06-10, 23.51173, 178.45257, 496.244
83, W-06-11, -0.16410, -162.41038, 492.863
84, W-07-00, -32.07895, -89.53887, 498.860
85, W-07-01, -49.39093, -56.67094, 505.146
86, W-07-02, -51.68474, -8.92584, 505.988
87, W-07-03, -36.93845, 28.19916, 500.547
88, W-07-04, -14.80326, 51.05219, 494.249
89, W-07-05, 9.18154, 69.41904, 493.403
90, W-07-06, 32.07895, 90.46113, 498.860
91, W-07-07, 49.39093, 123.32906, 505.146
92, W-07-08, 51.68474, 171.07416, 505.988
93, W-07-09, 36.93845, -151.80084, 500.547
94, W-07-10, 14.80326, -128.94781, 494.249
95, W-07-11, -9.18154, -110.58096, 493.403

[LINKS]
Type, SourceID, TargetID
ISL, 0, 1
ISL, 0, 23
ISL, 1, 2
ISL, 1, 12
ISL, 2, 3
ISL, 2, 13
ISL, 3, 4
ISL, 3, 14
ISL, 4, 5
ISL, 4, 15
ISL, 5, 6
ISL, 5, 15
ISL, 6, 7
ISL, 6, 17
ISL, 7, 8
ISL, 7, 18
ISL, 8, 9
ISL, 8, 19
ISL, 9, 10
ISL, 9, 20
ISL, 10, 11
ISL, 10, 21
ISL, 11, 0
ISL, 11, 21
ISL, 12, 13
ISL, 12, 35
ISL, 13, 14
ISL, 13, 24
ISL, 14, 15
ISL, 14, 25
ISL, 15, 16
ISL, 15, 26
ISL, 16, 17
ISL, 16, 27
ISL, 17, 18
ISL, 17, 28
ISL, 18, 19
ISL, 18, 29
ISL, 19, 20
ISL, 19, 30
ISL, 20, 21
ISL, 20, 31
ISL, 21, 22
ISL, 21, 32
ISL, 22, 23
ISL, 22, 33
ISL, 23, 12
ISL, 23, 34
ISL, 24, 25
ISL, 24, 47
ISL, 25, 26
ISL, 25, 36
ISL, 26, 27
ISL, 26, 37
ISL, 27, 28
ISL, 27, 38
ISL, 28, 29
ISL, 28, 39
ISL, 29, 30
ISL, 29, 40
ISL, 30, 31
ISL, 30, 41
ISL, 31, 32
ISL, 31, 42
ISL, 32, 33
ISL, 32, 43
ISL, 33, 34
ISL, 33, 44
ISL, 34, 35
ISL, 34, 45
ISL, 35, 24
ISL, 35, 46
ISL, 36, 37
ISL, 36, 59
ISL, 37, 38
ISL, 37, 48
ISL, 38, 39
ISL, 38, 49
ISL, 39, 40
ISL, 39, 50
ISL, 40, 41
ISL, 40, 50
ISL, 41, 42
ISL, 41, 52
ISL, 42, 43
ISL, 42, 53
ISL, 43, 44
ISL, 43, 54
ISL, 44, 45
ISL, 44, 55
ISL, 45, 46
ISL, 45, 56
ISL, 46, 47
ISL, 46, 56
ISL, 47, 36
ISL, 47, 58
ISL, 48, 49
ISL, 48, 71
ISL, 49, 50
ISL, 49, 60
ISL, 50, 51
ISL, 50, 61
ISL, 51, 52
ISL, 51, 62
ISL, 52, 53
ISL, 52, 63
ISL, 53, 54
ISL, 53, 64
ISL, 54, 55
ISL, 54, 65
ISL, 55, 56
ISL, 55, 66
ISL, 56, 57
ISL, 56, 67
ISL, 57, 58
ISL, 57, 68
ISL, 58, 59
ISL, 58, 69
ISL, 59, 48
ISL, 59, 70
ISL, 60, 61
ISL, 60, 83
ISL, 61, 62
ISL, 61, 72
ISL, 62, 63
ISL, 62, 73
ISL, 63, 64
ISL, 63, 73
ISL, 64, 65
ISL, 64, 75
ISL, 65, 66
ISL, 65, 76
ISL, 66, 67
ISL, 66, 77
ISL, 67, 68
ISL, 67, 78
ISL, 68, 69
ISL, 68, 79
ISL, 69, 70
ISL, 69, 79
ISL, 70, 71
ISL, 70, 81
ISL, 71, 60
ISL, 71, 82
ISL, 72, 73
ISL, 72, 95
ISL, 73, 74
ISL, 73, 84
ISL, 74, 75
ISL, 74, 85
ISL, 75, 76
ISL, 75, 85
ISL, 76, 77
ISL, 76, 87
ISL, 77, 78
ISL, 77, 88
ISL, 78, 79
ISL, 78, 89
ISL, 79, 80
ISL, 79, 90
ISL, 80, 81
ISL, 80, 91
ISL, 81, 82
ISL, 81, 91
ISL, 82, 83
ISL, 82, 93
ISL, 83, 72
ISL, 83, 94
ISL, 84, 85
ISL, 84, 2
ISL, 85, 86
ISL, 85, 3
ISL, 86, 87
ISL, 86, 4
ISL, 87, 88
ISL, 87, 5
ISL, 88, 89
ISL, 88, 6
ISL, 89, 90
ISL, 89, 7
ISL, 90, 91
ISL, 90, 8
ISL, 91, 92
ISL, 91, 9
ISL, 92, 93
ISL, 92, 10
ISL, 93, 94
ISL, 93, 11
ISL, 94, 95
ISL, 94, 0
ISL, 95, 84
ISL, 95, 1
