[METADATA]
Time: 2026-04-12 03:55:13
Step: 142
Total_Sats: 96

[NODES]
ID, Name, Lat(deg), Lon(deg), Alt(km)
0, W-00-00, -45.89540, -28.58320, 503.847
1, W-00-01, -53.01416, 16.93959, 506.469
2, W-00-02, -41.82180, 58.74984, 502.330
3, W-00-03, -20.84954, 84.25211, 495.553
4, W-00-04, 2.96432, 103.04603, 492.920
5, W-00-05, 26.43737, 122.68442, 497.075
6, W-00-06, 45.89540, 151.41680, 503.847
7, W-00-07, 53.01416, -163.06041, 506.469
8, W-00-08, 41.82180, -121.25016, 502.330
9, W-00-09, 20.84954, -95.74789, 495.553
10, W-00-10, -2.96432, -76.95397, 492.920
11, W-00-11, -26.43737, -57.31558, 497.075
12, W-01-00, -50.63711, 31.73360, 505.605
13, W-01-01, -50.67628, 79.73414, 505.619
14, W-01-02, -34.59077, 114.73006, 499.718
15, W-01-03, -12.04945, 136.62521, 493.788
16, W-01-04, 11.95371, 154.94607, 493.773
17, W-01-05, 34.50797, 176.81044, 499.690
18, W-01-06, 50.63711, -148.26640, 505.605
19, W-01-07, 50.67628, -100.26586, 505.619
20, W-01-08, 34.59077, -65.26994, 499.718
21, W-01-09, 12.04945, -43.37479, 493.788
22, W-01-10, -11.95371, -25.05393, 493.773
23, W-01-11, -34.50797, -3.18956, 499.690
24, W-02-00, -53.00374, 94.50848, 506.465
25, W-02-01, -45.95651, 140.08117, 503.870
26, W-02-02, -26.52717, 168.87229, 497.102
27, W-02-03, -3.06127, -171.47170, 492.924
28, W-02-04, 20.75667, -152.68795, 495.530
29, W-02-05, 41.75011, -127.23263, 502.303
30, W-02-06, 53.00374, -85.49152, 506.465
31, W-02-07, 45.95651, -39.91883, 503.870
32, W-02-08, 26.52717, -11.12771, 497.102
33, W-02-09, 3.06127, 8.52830, 492.924
34, W-02-10, -20.75667, 27.31205, 495.530
35, W-02-11, -41.75011, 52.76737, 502.303
36, W-03-00, -52.53686, 158.06577, 506.297
37, W-03-01, -39.52918, -162.34425, 501.485
38, W-03-02, -17.94692, -138.21390, 494.879
39, W-03-03, 5.97233, -119.68303, 493.093
40, W-03-04, 29.19768, -99.43700, 497.921
41, W-03-05, 47.69819, -68.79473, 504.519
42, W-03-06, 52.53686, -21.93423, 506.297
43, W-03-07, 39.52918, 17.65575, 501.485
44, W-03-08, 17.94692, 41.78610, 494.879
45, W-03-09, -5.97233, 60.31697, 493.093
46, W-03-10, -29.19768, 80.56300, 497.921
47, W-03-11, -47.69819, 111.20527, 504.519
48, W-04-00, -49.33487, -139.83611, 505.126
49, W-04-01, -31.97719, -107.05079, 498.826
50, W-04-02, -9.06683, -86.03995, 493.390
51, W-04-03, 14.91645, -67.66929, 494.270
52, W-04-04, 37.03347, -44.77378, 500.581
53, W-04-05, 51.72113, -7.56018, 506.001
54, W-04-06, 49.33487, 40.16389, 505.126
55, W-04-07, 31.97719, 72.94921, 498.826
56, W-04-08, 9.06683, 93.96005, 493.390
57, W-04-09, -14.91645, 112.33071, 494.270
58, W-04-10, -37.03347, 135.22622, 500.581
59, W-04-11, -51.72113, 172.43982, 506.001
60, W-05-00, -43.97151, -80.43467, 503.129
61, W-05-01, -23.71223, -53.37984, 496.298
62, W-05-02, -0.04851, -34.21274, 492.863
63, W-05-03, 23.62077, -15.05942, 496.273
64, W-05-04, 43.90475, 11.94256, 503.104
65, W-05-05, 53.17116, 55.72328, 506.525
66, W-05-06, 43.97151, 99.56533, 503.129
67, W-05-07, 23.71223, 126.62016, 496.298
68, W-05-08, 0.04851, 145.78726, 492.863
69, W-05-09, -23.62077, 164.94058, 496.273
70, W-05-10, -43.90475, -168.05744, 503.104
71, W-05-11, -53.17116, -124.27672, 506.525
72, W-06-00, -37.11311, -23.69267, 500.610
73, W-06-01, -15.01144, -0.76132, 494.287
74, W-06-02, 8.97052, 17.61267, 493.379
75, W-06-03, 31.89168, 38.59743, 498.798
76, W-06-04, 49.28755, 71.31356, 505.108
77, W-06-05, 51.75135, 119.01935, 506.012
78, W-06-06, 37.11311, 156.30733, 500.610
79, W-06-07, 15.01144, 179.23868, 494.287
80, W-06-08, -8.97052, -162.38733, 493.379
81, W-06-09, -31.89168, -141.40257, 498.798
82, W-06-10, -49.28755, -108.68644, 505.108
83, W-06-11, -51.75135, -60.98065, 506.012
84, W-07-00, -29.28550, 30.98903, 497.949
85, W-07-01, -6.06904, 51.25675, 493.100
86, W-07-02, 17.85289, 69.78094, 494.859
87, W-07-03, 39.45322, 93.87004, 501.457
88, W-07-04, 52.51628, 133.38664, 506.289
89, W-07-05, 47.75283, -179.71757, 504.539
90, W-07-06, 29.28550, -149.01097, 497.949
91, W-07-07, 6.06904, -128.74325, 493.100
92, W-07-08, -17.85289, -110.21906, 494.859
93, W-07-09, -39.45322, -86.12996, 501.457
94, W-07-10, -52.51628, -46.61336, 506.289
95, W-07-11, -47.75283, 0.28243, 504.539

[LINKS]
Type, SourceID, TargetID
ISL, 0, 1
ISL, 0, 23
ISL, 1, 2
ISL, 1, 12
ISL, 2, 3
ISL, 2, 13
ISL, 3, 4
ISL, 3, 14
ISL, 4, 5
ISL, 4, 15
ISL, 5, 6
ISL, 5, 15
ISL, 6, 7
ISL, 6, 17
ISL, 7, 8
ISL, 7, 18
ISL, 8, 9
ISL, 8, 19
ISL, 9, 10
ISL, 9, 20
ISL, 10, 11
ISL, 10, 21
ISL, 11, 0
ISL, 11, 21
ISL, 12, 13
ISL, 12, 35
ISL, 13, 14
ISL, 13, 24
ISL, 14, 15
ISL, 14, 25
ISL, 15, 16
ISL, 15, 26
ISL, 16, 17
ISL, 16, 27
ISL, 17, 18
ISL, 17, 28
ISL, 18, 19
ISL, 18, 29
ISL, 19, 20
ISL, 19, 30
ISL, 20, 21
ISL, 20, 31
ISL, 21, 22
ISL, 21, 32
ISL, 22, 23
ISL, 22, 33
ISL, 23, 12
ISL, 23, 34
ISL, 24, 25
ISL, 24, 47
ISL, 25, 26
ISL, 25, 36
ISL, 26, 27
ISL, 26, 37
ISL, 27, 28
ISL, 27, 38
ISL, 28, 29
ISL, 28, 39
ISL, 29, 30
ISL, 29, 40
ISL, 30, 31
ISL, 30, 41
ISL, 31, 32
ISL, 31, 42
ISL, 32, 33
ISL, 32, 43
ISL, 33, 34
ISL, 33, 44
ISL, 34, 35
ISL, 34, 45
ISL, 35, 24
ISL, 35, 46
ISL, 36, 37
ISL, 36, 59
ISL, 37, 38
ISL, 37, 48
ISL, 38, 39
ISL, 38, 49
ISL, 39, 40
ISL, 39, 50
ISL, 40, 41
ISL, 40, 50
ISL, 41, 42
ISL, 41, 52
ISL, 42, 43
ISL, 42, 53
ISL, 43, 44
ISL, 43, 54
ISL, 44, 45
ISL, 44, 55
ISL, 45, 46
ISL, 45, 56
ISL, 46, 47
ISL, 46, 56
ISL, 47, 36
ISL, 47, 58
ISL, 48, 49
ISL, 48, 71
ISL, 49, 50
ISL, 49, 60
ISL, 50, 51
ISL, 50, 61
ISL, 51, 52
ISL, 51, 62
ISL, 52, 53
ISL, 52, 63
ISL, 53, 54
ISL, 53, 64
ISL, 54, 55
ISL, 54, 65
ISL, 55, 56
ISL, 55, 66
ISL, 56, 57
ISL, 56, 67
ISL, 57, 58
ISL, 57, 68
ISL, 58, 59
ISL, 58, 69
ISL, 59, 48
ISL, 59, 70
ISL, 60, 61
ISL, 60, 83
ISL, 61, 62
ISL, 61, 72
ISL, 62, 63
ISL, 62, 73
ISL, 63, 64
ISL, 63, 73
ISL, 64, 65
ISL, 64, 75
ISL, 65, 66
ISL, 65, 76
ISL, 66, 67
ISL, 66, 77
ISL, 67, 68
ISL, 67, 78
ISL, 68, 69
ISL, 68, 79
ISL, 69, 70
ISL, 69, 79
ISL, 70, 71
ISL, 70, 81
ISL, 71, 60
ISL, 71, 82
ISL, 72, 73
ISL, 72, 95
ISL, 73, 74
ISL, 73, 84
ISL, 74, 75
ISL, 74, 85
ISL, 75, 76
ISL, 75, 85
ISL, 76, 77
ISL, 76, 87
ISL, 77, 78
ISL, 77, 88
ISL, 78, 79
ISL, 78, 89
ISL, 79, 80
ISL, 79, 90
ISL, 80, 81
ISL, 80, 91
ISL, 81, 82
ISL, 81, 91
ISL, 82, 83
ISL, 82, 93
ISL, 83, 72
ISL, 83, 94
ISL, 84, 85
ISL, 84, 2
ISL, 85, 86
ISL, 85, 3
ISL, 86, 87
ISL, 86, 4
ISL, 87, 88
ISL, 87, 5
ISL, 88, 89
ISL, 88, 6
ISL, 89, 90
ISL, 89, 7
ISL, 90, 91
ISL, 90, 8
ISL, 91, 92
ISL, 91, 9
ISL, 92, 93
ISL, 92, 10
ISL, 93, 94
ISL, 93, 11
ISL, 94, 95
ISL, 94, 0
ISL, 95, 84
ISL, 95, 1
