[METADATA]
Time: 2026-04-12 04:01:13
Step: 154
Total_Sats: 96

[NODES]
ID, Name, Lat(deg), Lon(deg), Alt(km)
0, W-00-00, -53.03420, 3.60600, 506.476
1, W-00-01, -45.77138, 49.02670, 503.801
2, W-00-02, -26.25580, 77.64099, 497.021
3, W-00-03, -2.76847, 97.24419, 492.912
4, W-00-04, 21.03701, 116.05897, 495.600
5, W-00-05, 41.96619, 141.65666, 502.383
6, W-00-06, 53.03420, -176.39400, 506.476
7, W-00-07, 45.77138, -130.97330, 503.801
8, W-00-08, 26.25580, -102.35901, 497.021
9, W-00-09, 2.76847, -82.75581, 492.912
10, W-00-10, -21.03701, -63.94103, 495.600
11, W-00-11, -41.96619, -38.34334, 502.383
12, W-01-00, -52.47375, 67.14933, 506.274
13, W-01-01, -39.29938, 106.51746, 501.401
14, W-01-02, -17.66283, 130.52378, 494.818
15, W-01-03, 6.26437, 149.03479, 493.116
16, W-01-04, 29.46271, 169.34675, 498.006
17, W-01-05, 47.86252, -159.81617, 504.580
18, W-01-06, 52.47375, -112.85067, 506.274
19, W-01-07, 39.29938, -73.48254, 501.401
20, W-01-08, 17.66283, -49.47622, 494.818
21, W-01-09, -6.26437, -30.96521, 493.116
22, W-01-10, -29.46271, -10.65325, 498.006
23, W-01-11, -47.86252, 20.18383, 504.580
24, W-02-00, -49.19118, 129.17140, 505.073
25, W-02-01, -31.71870, 161.74817, 498.740
26, W-02-02, -8.77592, -177.31928, 493.357
27, W-02-03, 15.20323, -158.93826, 494.323
28, W-02-04, 37.27365, -135.93400, 500.667
29, W-02-05, 51.81147, -98.49571, 506.034
30, W-02-06, 49.19118, -50.82860, 505.073
31, W-02-07, 31.71870, -18.25183, 498.740
32, W-02-08, 8.77592, 2.68072, 493.357
33, W-02-09, -15.20323, 21.06174, 494.323
34, W-02-10, -37.27365, 44.06600, 500.667
35, W-02-11, -51.81147, 81.50429, 506.034
36, W-03-00, -43.76935, -171.51905, 503.054
37, W-03-01, -23.43585, -144.62325, 496.223
38, W-03-02, 0.24451, -125.49741, 492.863
39, W-03-03, 23.89685, -106.30210, 496.349
40, W-03-04, 44.10587, -79.13993, 503.179
41, W-03-05, 53.17013, -35.17496, 506.525
42, W-03-06, 43.76935, 8.48095, 503.054
43, W-03-07, 23.43585, 35.37675, 496.223
44, W-03-08, -0.24451, 54.50259, 492.863
45, W-03-09, -23.89685, 73.69790, 496.349
46, W-03-10, -44.10587, 100.86007, 503.179
47, W-03-11, -53.17013, 144.82504, 506.525
48, W-04-00, -36.87226, -114.85433, 500.523
49, W-04-01, -14.72450, -92.03071, 494.234
50, W-04-02, 9.26133, -73.66642, 493.413
51, W-04-03, 32.14968, -52.60248, 498.884
52, W-04-04, 49.42972, -19.67696, 505.161
53, W-04-05, 51.65918, 28.08229, 505.978
54, W-04-06, 36.87226, 65.14567, 500.523
55, W-04-07, 14.72450, 87.96929, 494.234
56, W-04-08, -9.26133, 106.33358, 493.413
57, W-04-09, -32.14968, 127.39752, 498.884
58, W-04-10, -49.42972, 160.32304, 505.161
59, W-04-11, -51.65918, -151.91771, 505.978
60, W-05-00, -29.02005, -60.22821, 497.865
61, W-05-01, -5.77694, -40.02559, 493.078
62, W-05-02, 18.13678, -21.48087, 494.920
63, W-05-03, 39.68224, 2.73335, 501.541
64, W-05-04, 52.57744, 42.47131, 506.311
65, W-05-05, 47.58715, 89.25896, 504.478
66, W-05-06, 29.02005, 119.77179, 497.865
67, W-05-07, 5.77694, 139.97441, 493.078
68, W-05-08, -18.13678, 158.51913, 494.920
69, W-05-09, -39.68224, -177.26665, 501.541
70, W-05-10, -52.57744, -137.52869, 506.311
71, W-05-11, -47.58715, -90.74104, 504.478
72, W-06-00, -20.56894, -7.00158, 495.484
73, W-06-01, 3.25709, 11.76200, 492.931
74, W-06-02, 26.70839, 31.45396, 497.156
75, W-06-03, 46.07934, 60.36432, 503.916
76, W-06-04, 52.98167, 106.03653, 506.457
77, W-06-05, 41.60483, 147.63738, 502.249
78, W-06-06, 20.56894, 172.99842, 495.484
79, W-06-07, -3.25709, -168.23800, 492.931
80, W-06-08, -26.70839, -148.54604, 497.156
81, W-06-09, -46.07934, -119.63568, 503.916
82, W-06-10, -52.98167, -73.96347, 506.457
83, W-06-11, -41.60483, -32.36262, 502.249
84, W-07-00, -11.76025, 45.35017, 493.745
85, W-07-01, 12.24278, 63.67136, 493.817
86, W-07-02, 34.75774, 85.62916, 499.776
87, W-07-03, 50.75457, 120.77234, 505.648
88, W-07-04, 50.55714, 168.77107, 505.576
89, W-07-05, 34.34042, -156.45250, 499.631
90, W-07-06, 11.76025, -134.64983, 493.745
91, W-07-07, -12.24278, -116.32864, 493.817
92, W-07-08, -34.75774, -94.37084, 499.776
93, W-07-09, -50.75457, -59.22766, 505.648
94, W-07-10, -50.55714, -11.22893, 505.576
95, W-07-11, -34.34042, 23.54750, 499.631

[LINKS]
Type, SourceID, TargetID
ISL, 0, 1
ISL, 0, 23
ISL, 1, 2
ISL, 1, 12
ISL, 2, 3
ISL, 2, 13
ISL, 3, 4
ISL, 3, 14
ISL, 4, 5
ISL, 4, 15
ISL, 5, 6
ISL, 5, 15
ISL, 6, 7
ISL, 6, 17
ISL, 7, 8
ISL, 7, 18
ISL, 8, 9
ISL, 8, 19
ISL, 9, 10
ISL, 9, 20
ISL, 10, 11
ISL, 10, 21
ISL, 11, 0
ISL, 11, 21
ISL, 12, 13
ISL, 12, 35
ISL, 13, 14
ISL, 13, 24
ISL, 14, 15
ISL, 14, 25
ISL, 15, 16
ISL, 15, 26
ISL, 16, 17
ISL, 16, 27
ISL, 17, 18
ISL, 17, 28
ISL, 18, 19
ISL, 18, 29
ISL, 19, 20
ISL, 19, 30
ISL, 20, 21
ISL, 20, 31
ISL, 21, 22
ISL, 21, 32
ISL, 22, 23
ISL, 22, 33
ISL, 23, 12
ISL, 23, 34
ISL, 24, 25
ISL, 24, 47
ISL, 25, 26
ISL, 25, 36
ISL, 26, 27
ISL, 26, 37
ISL, 27, 28
ISL, 27, 38
ISL, 28, 29
ISL, 28, 39
ISL, 29, 30
ISL, 29, 40
ISL, 30, 31
ISL, 30, 41
ISL, 31, 32
ISL, 31, 42
ISL, 32, 33
ISL, 32, 43
ISL, 33, 34
ISL, 33, 44
ISL, 34, 35
ISL, 34, 45
ISL, 35, 24
ISL, 35, 46
ISL, 36, 37
ISL, 36, 59
ISL, 37, 38
ISL, 37, 48
ISL, 38, 39
ISL, 38, 49
ISL, 39, 40
ISL, 39, 50
ISL, 40, 41
ISL, 40, 50
ISL, 41, 42
ISL, 41, 52
ISL, 42, 43
ISL, 42, 53
ISL, 43, 44
ISL, 43, 54
ISL, 44, 45
ISL, 44, 55
ISL, 45, 46
ISL, 45, 56
ISL, 46, 47
ISL, 46, 56
ISL, 47, 36
ISL, 47, 58
ISL, 48, 49
ISL, 48, 71
ISL, 49, 50
ISL, 49, 60
ISL, 50, 51
ISL, 50, 61
ISL, 51, 52
ISL, 51, 62
ISL, 52, 53
ISL, 52, 63
ISL, 53, 54
ISL, 53, 64
ISL, 54, 55
ISL, 54, 65
ISL, 55, 56
ISL, 55, 66
ISL, 56, 57
ISL, 56, 67
ISL, 57, 58
ISL, 57, 68
ISL, 58, 59
ISL, 58, 69
ISL, 59, 48
ISL, 59, 70
ISL, 60, 61
ISL, 60, 83
ISL, 61, 62
ISL, 61, 72
ISL, 62, 63
ISL, 62, 73
ISL, 63, 64
ISL, 63, 73
ISL, 64, 65
ISL, 64, 75
ISL, 65, 66
ISL, 65, 76
ISL, 66, 67
ISL, 66, 77
ISL, 67, 68
ISL, 67, 78
ISL, 68, 69
ISL, 68, 79
ISL, 69, 70
ISL, 69, 79
ISL, 70, 71
ISL, 70, 81
ISL, 71, 60
ISL, 71, 82
ISL, 72, 73
ISL, 72, 95
ISL, 73, 74
ISL, 73, 84
ISL, 74, 75
ISL, 74, 85
ISL, 75, 76
ISL, 75, 85
ISL, 76, 77
ISL, 76, 87
ISL, 77, 78
ISL, 77, 88
ISL, 78, 79
ISL, 78, 89
ISL, 79, 80
ISL, 79, 90
ISL, 80, 81
ISL, 80, 91
ISL, 81, 82
ISL, 81, 91
ISL, 82, 83
ISL, 82, 93
ISL, 83, 72
ISL, 83, 94
ISL, 84, 85
ISL, 84, 2
ISL, 85, 86
ISL, 85, 3
ISL, 86, 87
ISL, 86, 4
ISL, 87, 88
ISL, 87, 5
ISL, 88, 89
ISL, 88, 6
ISL, 89, 90
ISL, 89, 7
ISL, 90, 91
ISL, 90, 8
ISL, 91, 92
ISL, 91, 9
ISL, 92, 93
ISL, 92, 10
ISL, 93, 94
ISL, 93, 11
ISL, 94, 95
ISL, 94, 0
ISL, 95, 84
ISL, 95, 1
