[METADATA]
Time: 2026-04-12 02:46:13
Step: 4
Total_Sats: 96

[NODES]
ID, Name, Lat(deg), Lon(deg), Alt(km)
0, W-00-00, -15.35987, 106.24978, 494.352
1, W-00-01, 8.61686, 124.63687, 493.339
2, W-00-02, 31.57710, 145.52719, 498.693
3, W-00-03, 49.11169, 177.99051, 505.043
4, W-00-04, 51.85969, -134.37572, 506.051
5, W-00-05, 37.40451, -96.81458, 500.714
6, W-00-06, 15.35987, -73.75022, 494.352
7, W-00-07, -8.61686, -55.36313, 493.339
8, W-00-08, -31.57710, -34.47281, 498.693
9, W-00-09, -49.11169, -2.00949, 505.043
10, W-00-10, -51.85969, 45.62428, 506.051
11, W-00-11, -37.40451, 83.18542, 500.714
12, W-01-00, -6.42395, 158.28410, 493.129
13, W-01-01, 17.50742, 176.78468, 494.784
14, W-01-02, 39.17329, -159.27610, 501.355
15, W-01-03, 52.43803, -120.02952, 506.261
16, W-01-04, 47.95148, -73.00864, 504.613
17, W-01-05, 29.60730, -42.06442, 498.052
18, W-01-06, 6.42395, -21.71590, 493.129
19, W-01-07, -17.50742, -3.21532, 494.784
20, W-01-08, -39.17329, 20.72390, 501.355
21, W-01-09, -52.43803, 59.97048, 506.261
22, W-01-10, -47.95148, 106.99136, 504.613
23, W-01-11, -29.60730, 137.93558, 498.052
24, W-02-00, 2.60840, -149.92409, 492.907
25, W-02-01, 26.10724, -130.34927, 496.978
26, W-02-02, 45.66944, -101.83092, 503.763
27, W-02-03, 53.04956, -56.49490, 506.481
28, W-02-04, 42.08372, -14.43251, 502.427
29, W-02-05, 21.19009, 11.24372, 495.638
30, W-02-06, -2.60840, 30.07591, 492.907
31, W-02-07, -26.10724, 49.65073, 496.978
32, W-02-08, -45.66944, 78.16908, 503.763
33, W-02-09, -53.04956, 123.50510, 506.481
34, W-02-10, -42.08372, 165.56749, 502.427
35, W-02-11, -21.19009, -168.75628, 495.638
36, W-03-00, 11.60210, -98.03488, 493.721
37, W-03-01, 34.20322, -76.28215, 499.584
38, W-03-02, 50.49096, -41.62533, 505.551
39, W-03-03, 50.81770, 6.37010, 505.671
40, W-03-04, 34.89390, 41.63387, 499.824
41, W-03-05, 12.40070, 63.64335, 493.842
42, W-03-06, -11.60210, 81.96512, 493.721
43, W-03-07, -34.20322, 103.71785, 499.584
44, W-03-08, -50.49096, 138.37467, 505.551
45, W-03-09, -50.81770, -173.62990, 505.671
46, W-03-10, -34.89390, -138.36613, 499.824
47, W-03-11, -12.40070, -116.35665, 493.842
48, W-04-00, 20.41541, -45.69460, 495.447
49, W-04-01, 41.48566, -20.41004, 502.205
50, W-04-02, 52.96263, 21.07564, 506.450
51, W-04-03, 46.17912, 66.82785, 503.953
52, W-04-04, 26.85630, 95.83621, 497.200
53, W-04-05, 3.41710, 115.55796, 492.938
54, W-04-06, -20.41541, 134.30540, 495.447
55, W-04-07, -41.48566, 159.58996, 502.205
56, W-04-08, -52.96263, -158.92436, 506.450
57, W-04-09, -46.17912, -113.17215, 503.953
58, W-04-10, -26.85630, -84.16379, 497.200
59, W-04-11, -3.41710, -64.44204, 492.938
60, W-05-00, 28.87470, 7.51233, 497.819
61, W-05-01, 47.49574, 37.91990, 504.444
62, W-05-02, 52.60963, 84.64649, 506.323
63, W-05-03, 39.80693, 124.50510, 501.587
64, W-05-04, 18.29182, 148.78840, 494.955
65, W-05-05, -5.61724, 167.34476, 493.066
66, W-05-06, -28.87470, -172.48767, 497.819
67, W-05-07, -47.49574, -142.08010, 504.444
68, W-05-08, -52.60963, -95.35351, 506.323
69, W-05-09, -39.80693, -55.49490, 501.587
70, W-05-10, -18.29182, -31.21160, 494.955
71, W-05-11, 5.61724, -12.65524, 493.066
72, W-06-00, 36.74020, 62.10837, 500.476
73, W-06-01, 51.60765, 99.04904, 505.960
74, W-06-02, 49.50646, 146.83528, 505.189
75, W-06-03, 32.29038, 179.87579, 498.931
76, W-06-04, 9.42022, -159.01642, 493.431
77, W-06-05, -14.56755, -140.65702, 494.206
78, W-06-06, -36.74020, -117.89163, 500.476
79, W-06-07, -51.60765, -80.95096, 505.960
80, W-06-08, -49.50646, -33.16472, 505.189
81, W-06-09, -32.29038, -0.12421, 498.931
82, W-06-10, -9.42022, 20.98358, 493.431
83, W-06-11, 14.56755, 39.34298, 494.206
84, W-07-00, 43.65820, 118.73113, 503.013
85, W-07-01, 53.16827, 162.28412, 506.524
86, W-07-02, 44.21514, -153.65143, 503.220
87, W-07-03, 24.04757, -126.40097, 496.391
88, W-07-04, 0.40468, -107.18224, 492.864
89, W-07-05, -23.28459, -88.07849, 496.182
90, W-07-06, -43.65820, -61.26887, 503.013
91, W-07-07, -53.16827, -17.71588, 506.524
92, W-07-08, -44.21514, 26.34857, 503.220
93, W-07-09, -24.04757, 53.59903, 496.391
94, W-07-10, -0.40468, 72.81776, 492.864
95, W-07-11, 23.28459, 91.92151, 496.182

[LINKS]
Type, SourceID, TargetID
ISL, 0, 1
ISL, 0, 23
ISL, 1, 2
ISL, 1, 12
ISL, 2, 3
ISL, 2, 13
ISL, 3, 4
ISL, 3, 14
ISL, 4, 5
ISL, 4, 15
ISL, 5, 6
ISL, 5, 15
ISL, 6, 7
ISL, 6, 17
ISL, 7, 8
ISL, 7, 18
ISL, 8, 9
ISL, 8, 19
ISL, 9, 10
ISL, 9, 20
ISL, 10, 11
ISL, 10, 21
ISL, 11, 0
ISL, 11, 21
ISL, 12, 13
ISL, 12, 35
ISL, 13, 14
ISL, 13, 24
ISL, 14, 15
ISL, 14, 25
ISL, 15, 16
ISL, 15, 26
ISL, 16, 17
ISL, 16, 27
ISL, 17, 18
ISL, 17, 28
ISL, 18, 19
ISL, 18, 29
ISL, 19, 20
ISL, 19, 30
ISL, 20, 21
ISL, 20, 31
ISL, 21, 22
ISL, 21, 32
ISL, 22, 23
ISL, 22, 33
ISL, 23, 12
ISL, 23, 34
ISL, 24, 25
ISL, 24, 47
ISL, 25, 26
ISL, 25, 36
ISL, 26, 27
ISL, 26, 37
ISL, 27, 28
ISL, 27, 38
ISL, 28, 29
ISL, 28, 39
ISL, 29, 30
ISL, 29, 40
ISL, 30, 31
ISL, 30, 41
ISL, 31, 32
ISL, 31, 42
ISL, 32, 33
ISL, 32, 43
ISL, 33, 34
ISL, 33, 44
ISL, 34, 35
ISL, 34, 45
ISL, 35, 24
ISL, 35, 46
ISL, 36, 37
ISL, 36, 59
ISL, 37, 38
ISL, 37, 48
ISL, 38, 39
ISL, 38, 49
ISL, 39, 40
ISL, 39, 50
ISL, 40, 41
ISL, 40, 50
ISL, 41, 42
ISL, 41, 52
ISL, 42, 43
ISL, 42, 53
ISL, 43, 44
ISL, 43, 54
ISL, 44, 45
ISL, 44, 55
ISL, 45, 46
ISL, 45, 56
ISL, 46, 47
ISL, 46, 56
ISL, 47, 36
ISL, 47, 58
ISL, 48, 49
ISL, 48, 71
ISL, 49, 50
ISL, 49, 60
ISL, 50, 51
ISL, 50, 61
ISL, 51, 52
ISL, 51, 62
ISL, 52, 53
ISL, 52, 63
ISL, 53, 54
ISL, 53, 64
ISL, 54, 55
ISL, 54, 65
ISL, 55, 56
ISL, 55, 66
ISL, 56, 57
ISL, 56, 67
ISL, 57, 58
ISL, 57, 68
ISL, 58, 59
ISL, 58, 69
ISL, 59, 48
ISL, 59, 70
ISL, 60, 61
ISL, 60, 83
ISL, 61, 62
ISL, 61, 72
ISL, 62, 63
ISL, 62, 73
ISL, 63, 64
ISL, 63, 73
ISL, 64, 65
ISL, 64, 75
ISL, 65, 66
ISL, 65, 76
ISL, 66, 67
ISL, 66, 77
ISL, 67, 68
ISL, 67, 78
ISL, 68, 69
ISL, 68, 79
ISL, 69, 70
ISL, 69, 79
ISL, 70, 71
ISL, 70, 81
ISL, 71, 60
ISL, 71, 82
ISL, 72, 73
ISL, 72, 95
ISL, 73, 74
ISL, 73, 84
ISL, 74, 75
ISL, 74, 85
ISL, 75, 76
ISL, 75, 85
ISL, 76, 77
ISL, 76, 87
ISL, 77, 78
ISL, 77, 88
ISL, 78, 79
ISL, 78, 89
ISL, 79, 80
ISL, 79, 90
ISL, 80, 81
ISL, 80, 91
ISL, 81, 82
ISL, 81, 91
ISL, 82, 83
ISL, 82, 93
ISL, 83, 72
ISL, 83, 94
ISL, 84, 85
ISL, 84, 2
ISL, 85, 86
ISL, 85, 3
ISL, 86, 87
ISL, 86, 4
ISL, 87, 88
ISL, 87, 5
ISL, 88, 89
ISL, 88, 6
ISL, 89, 90
ISL, 89, 7
ISL, 90, 91
ISL, 90, 8
ISL, 91, 92
ISL, 91, 9
ISL, 92, 93
ISL, 92, 10
ISL, 93, 94
ISL, 93, 11
ISL, 94, 95
ISL, 94, 0
ISL, 95, 84
ISL, 95, 1
