[METADATA]
Time: 2026-04-12 03:04:43
Step: 41
Total_Sats: 96

[NODES]
ID, Name, Lat(deg), Lon(deg), Alt(km)
0, W-00-00, 38.69529, 150.34318, 501.181
1, W-00-01, 52.29572, -170.86965, 506.209
2, W-00-02, 48.28103, -123.65305, 504.736
3, W-00-03, 30.15023, -92.30119, 498.226
4, W-00-04, 7.02481, -71.81157, 493.180
5, W-00-05, -16.92121, -53.34763, 494.662
6, W-00-06, -38.69529, -29.65682, 501.181
7, W-00-07, -52.29572, 9.13035, 506.209
8, W-00-08, -48.28103, 56.34695, 504.736
9, W-00-09, -30.15023, 87.69881, 498.226
10, W-00-10, -7.02481, 108.18843, 493.180
11, W-00-11, 16.92121, 126.65237, 494.662
12, W-01-00, 45.28082, -152.38168, 503.618
13, W-01-01, 53.09926, -107.37450, 506.499
14, W-01-02, 42.52273, -64.89154, 502.590
15, W-01-03, 21.76566, -38.91483, 495.783
16, W-01-04, -2.00538, -20.01429, 492.889
17, W-01-05, -25.54628, -0.54327, 496.814
18, W-01-06, -45.28082, 27.61832, 503.618
19, W-01-07, -53.09926, 72.62550, 506.499
20, W-01-08, -42.52273, 115.10846, 502.590
21, W-01-09, -21.76566, 141.08517, 495.783
22, W-01-10, 2.00538, 159.98571, 492.889
23, W-01-11, 25.54628, 179.45673, 496.814
24, W-02-00, 50.23505, -92.36514, 505.458
25, W-02-01, 51.04864, -44.39665, 505.756
26, W-02-02, 35.40441, -8.67683, 500.003
27, W-02-03, 12.99500, 13.53122, 493.936
28, W-02-04, -11.00587, 31.85782, 493.636
29, W-02-05, -33.68418, 53.42622, 499.405
30, W-02-06, -50.23505, 87.63486, 505.458
31, W-02-07, -51.04864, 135.60335, 505.756
32, W-02-08, -35.40441, 171.32317, 500.003
33, W-02-09, -12.99500, -166.46878, 493.936
34, W-02-10, 11.00587, -148.14218, 493.636
35, W-02-11, 33.68418, -126.57378, 499.405
36, W-03-00, 52.88283, -29.79531, 506.421
37, W-03-01, 46.55009, 16.24752, 504.091
38, W-03-02, 27.41197, 45.62955, 497.367
39, W-03-03, 4.01967, 65.46660, 492.967
40, W-03-04, -19.83611, 84.15600, 495.308
41, W-03-05, -41.03328, 109.15706, 502.038
42, W-03-06, -52.88283, 150.20469, 506.421
43, W-03-07, -46.55009, -163.75248, 504.091
44, W-03-08, -27.41197, -134.37045, 497.367
45, W-03-09, -4.01967, -114.53340, 492.967
46, W-03-10, 19.83611, -95.84400, 495.308
47, W-03-11, 41.03328, -70.84294, 502.038
48, W-04-00, 52.72299, 33.78993, 506.364
49, W-04-01, 40.27339, 74.10054, 501.758
50, W-04-02, 18.87495, 98.64849, 495.085
51, W-04-03, -5.01546, 117.25143, 493.025
52, W-04-04, -28.32554, 137.29021, 497.648
53, W-04-05, -47.14613, 167.30560, 504.314
54, W-04-06, -52.72299, -146.21007, 506.364
55, W-04-07, -40.27339, -105.89946, 501.758
56, W-04-08, -18.87495, -81.35151, 495.085
57, W-04-09, 5.01546, -62.74857, 493.025
58, W-04-10, 28.32554, -42.70979, 497.648
59, W-04-11, 47.14613, -12.69440, 504.314
60, W-05-00, 49.78932, 96.12763, 505.293
61, W-05-01, 32.81837, 129.60445, 499.110
62, W-05-02, 10.01834, 150.88101, 493.505
63, W-05-03, -13.97574, 169.22464, 494.101
64, W-05-04, -36.24012, -168.22526, 500.298
65, W-05-05, -51.40630, -131.74607, 505.886
66, W-05-06, -49.78932, -83.87237, 505.293
67, W-05-07, -32.81837, -50.39555, 499.110
68, W-05-08, -10.01834, -29.11899, 493.505
69, W-05-09, 13.97574, -10.77536, 494.101
70, W-05-10, 36.24012, 11.77474, 500.298
71, W-05-11, 51.40630, 48.25393, 505.886
72, W-06-00, 44.62247, 155.83060, 503.372
73, W-06-01, 24.61404, -176.58167, 496.549
74, W-06-02, 1.00796, -157.27178, 492.870
75, W-06-03, -22.71365, -138.24836, 496.030
76, W-06-04, -43.23546, -111.75871, 502.855
77, W-06-05, -53.15302, -68.60045, 506.518
78, W-06-06, -44.62247, -24.16940, 503.372
79, W-06-07, -24.61404, 3.41833, 496.549
80, W-06-08, -1.00796, 22.72822, 492.870
81, W-06-09, 22.71365, 41.75164, 496.030
82, W-06-10, 43.23546, 68.24129, 502.855
83, W-06-11, 53.15302, 111.39955, 506.518
84, W-07-00, 37.89465, -147.16965, 500.891
85, W-07-01, 15.94921, -123.87473, 494.466
86, W-07-02, -8.01733, -105.46214, 493.276
87, W-07-03, -31.04181, -84.72737, 498.516
88, W-07-04, -48.80628, -52.68779, 504.930
89, W-07-05, -52.03386, -5.19347, 506.115
90, W-07-06, -37.89465, 32.83035, 500.891
91, W-07-07, -15.94921, 56.12527, 494.466
92, W-07-08, 8.01733, 74.53786, 493.276
93, W-07-09, 31.04181, 95.27263, 498.516
94, W-07-10, 48.80628, 127.31221, 504.930
95, W-07-11, 52.03386, 174.80653, 506.115

[LINKS]
Type, SourceID, TargetID
ISL, 0, 1
ISL, 0, 23
ISL, 1, 2
ISL, 1, 12
ISL, 2, 3
ISL, 2, 13
ISL, 3, 4
ISL, 3, 14
ISL, 4, 5
ISL, 4, 15
ISL, 5, 6
ISL, 5, 15
ISL, 6, 7
ISL, 6, 17
ISL, 7, 8
ISL, 7, 18
ISL, 8, 9
ISL, 8, 19
ISL, 9, 10
ISL, 9, 20
ISL, 10, 11
ISL, 10, 21
ISL, 11, 0
ISL, 11, 21
ISL, 12, 13
ISL, 12, 35
ISL, 13, 14
ISL, 13, 24
ISL, 14, 15
ISL, 14, 25
ISL, 15, 16
ISL, 15, 26
ISL, 16, 17
ISL, 16, 27
ISL, 17, 18
ISL, 17, 28
ISL, 18, 19
ISL, 18, 29
ISL, 19, 20
ISL, 19, 30
ISL, 20, 21
ISL, 20, 31
ISL, 21, 22
ISL, 21, 32
ISL, 22, 23
ISL, 22, 33
ISL, 23, 12
ISL, 23, 34
ISL, 24, 25
ISL, 24, 47
ISL, 25, 26
ISL, 25, 36
ISL, 26, 27
ISL, 26, 37
ISL, 27, 28
ISL, 27, 38
ISL, 28, 29
ISL, 28, 39
ISL, 29, 30
ISL, 29, 40
ISL, 30, 31
ISL, 30, 41
ISL, 31, 32
ISL, 31, 42
ISL, 32, 33
ISL, 32, 43
ISL, 33, 34
ISL, 33, 44
ISL, 34, 35
ISL, 34, 45
ISL, 35, 24
ISL, 35, 46
ISL, 36, 37
ISL, 36, 59
ISL, 37, 38
ISL, 37, 48
ISL, 38, 39
ISL, 38, 49
ISL, 39, 40
ISL, 39, 50
ISL, 40, 41
ISL, 40, 50
ISL, 41, 42
ISL, 41, 52
ISL, 42, 43
ISL, 42, 53
ISL, 43, 44
ISL, 43, 54
ISL, 44, 45
ISL, 44, 55
ISL, 45, 46
ISL, 45, 56
ISL, 46, 47
ISL, 46, 56
ISL, 47, 36
ISL, 47, 58
ISL, 48, 49
ISL, 48, 71
ISL, 49, 50
ISL, 49, 60
ISL, 50, 51
ISL, 50, 61
ISL, 51, 52
ISL, 51, 62
ISL, 52, 53
ISL, 52, 63
ISL, 53, 54
ISL, 53, 64
ISL, 54, 55
ISL, 54, 65
ISL, 55, 56
ISL, 55, 66
ISL, 56, 57
ISL, 56, 67
ISL, 57, 58
ISL, 57, 68
ISL, 58, 59
ISL, 58, 69
ISL, 59, 48
ISL, 59, 70
ISL, 60, 61
ISL, 60, 83
ISL, 61, 62
ISL, 61, 72
ISL, 62, 63
ISL, 62, 73
ISL, 63, 64
ISL, 63, 73
ISL, 64, 65
ISL, 64, 75
ISL, 65, 66
ISL, 65, 76
ISL, 66, 67
ISL, 66, 77
ISL, 67, 68
ISL, 67, 78
ISL, 68, 69
ISL, 68, 79
ISL, 69, 70
ISL, 69, 79
ISL, 70, 71
ISL, 70, 81
ISL, 71, 60
ISL, 71, 82
ISL, 72, 73
ISL, 72, 95
ISL, 73, 74
ISL, 73, 84
ISL, 74, 75
ISL, 74, 85
ISL, 75, 76
ISL, 75, 85
ISL, 76, 77
ISL, 76, 87
ISL, 77, 78
ISL, 77, 88
ISL, 78, 79
ISL, 78, 89
ISL, 79, 80
ISL, 79, 90
ISL, 80, 81
ISL, 80, 91
ISL, 81, 82
ISL, 81, 91
ISL, 82, 83
ISL, 82, 93
ISL, 83, 72
ISL, 83, 94
ISL, 84, 85
ISL, 84, 2
ISL, 85, 86
ISL, 85, 3
ISL, 86, 87
ISL, 86, 4
ISL, 87, 88
ISL, 87, 5
ISL, 88, 89
ISL, 88, 6
ISL, 89, 90
ISL, 89, 7
ISL, 90, 91
ISL, 90, 8
ISL, 91, 92
ISL, 91, 9
ISL, 92, 93
ISL, 92, 10
ISL, 93, 94
ISL, 93, 11
ISL, 94, 95
ISL, 94, 0
ISL, 95, 84
ISL, 95, 1
