[METADATA]
Time: 2026-04-12 03:01:43
Step: 35
Total_Sats: 96

[NODES]
ID, Name, Lat(deg), Lon(deg), Alt(km)
0, W-00-00, 30.91137, 140.87592, 498.474
1, W-00-01, 48.73071, 172.81346, 504.902
2, W-00-02, 52.07437, -139.72935, 506.129
3, W-00-03, 38.01301, -101.59324, 500.934
4, W-00-04, 16.09216, -78.24133, 494.494
5, W-00-05, -7.87165, -59.82191, 493.261
6, W-00-06, -30.91137, -39.12408, 498.474
7, W-00-07, -48.73071, -7.18654, 504.902
8, W-00-08, -52.07437, 40.27065, 506.129
9, W-00-09, -38.01301, 78.40676, 500.934
10, W-00-10, -16.09216, 101.75867, 494.494
11, W-00-11, 7.87165, 120.17809, 493.261
12, W-01-00, 38.57849, -164.08373, 501.139
13, W-01-01, 52.25933, -125.40842, 506.196
14, W-01-02, 48.35972, -78.14742, 504.765
15, W-01-03, 30.28166, -46.69561, 498.268
16, W-01-04, 7.17065, -26.17092, 493.194
17, W-01-05, -16.77867, -7.71524, 494.632
18, W-01-06, -38.57849, 15.91627, 501.139
19, W-01-07, -52.25933, 54.59158, 506.196
20, W-01-08, -48.35972, 101.85258, 504.765
21, W-01-09, -30.28166, 133.30439, 498.268
22, W-01-10, -7.17065, 153.82908, 493.194
23, W-01-11, 16.77867, 172.28476, 494.632
24, W-02-00, 45.18535, -106.84949, 503.582
25, W-02-01, 53.10938, -61.92444, 506.503
26, W-02-02, 42.62845, -19.34068, 502.629
27, W-02-03, 21.90518, 6.71010, 495.819
28, W-02-04, -1.85891, 25.62792, 492.885
29, W-02-05, -25.40973, 45.07446, 496.775
30, W-02-06, -45.18535, 73.15051, 503.582
31, W-02-07, -53.10938, 118.07556, 506.503
32, W-02-08, -42.62845, 160.65932, 502.629
33, W-02-09, -21.90518, -173.28990, 495.819
34, W-02-10, 1.85891, -154.37208, 492.885
35, W-02-11, 25.40973, -134.92554, 496.775
36, W-03-00, 50.17133, -46.87894, 505.434
37, W-03-01, 51.10307, 1.07954, 505.776
38, W-03-02, 35.52781, 36.91051, 500.046
39, W-03-03, 13.13919, 59.16772, 493.960
40, W-03-04, -10.86096, 77.49611, 493.616
41, W-03-05, -33.55761, 99.02064, 499.361
42, W-03-06, -50.17133, 133.12106, 505.434
43, W-03-07, -51.10307, -178.92046, 505.776
44, W-03-08, -35.52781, -143.08949, 500.046
45, W-03-09, -13.13919, -120.83228, 493.960
46, W-03-10, 10.86096, -102.50389, 493.616
47, W-03-11, 33.55761, -80.97936, 499.361
48, W-04-00, 52.86152, 15.65796, 506.414
49, W-04-01, 46.63900, 61.76872, 504.125
50, W-04-02, 27.54655, 91.24257, 497.408
51, W-04-03, 4.16596, 111.10838, 492.975
52, W-04-04, -19.69521, 129.78434, 495.275
53, W-04-05, -40.92260, 154.71764, 501.997
54, W-04-06, -52.86152, -164.34204, 506.414
55, W-04-07, -46.63900, -118.23128, 504.125
56, W-04-08, -27.54655, -88.75743, 497.408
57, W-04-09, -4.16596, -68.89162, 492.975
58, W-04-10, 19.69521, -50.21566, 495.275
59, W-04-11, 40.92260, -25.28236, 501.997
60, W-05-00, 52.74863, 79.24506, 506.373
61, W-05-01, 40.38589, 119.66478, 501.799
62, W-05-02, 19.01636, 144.27805, 495.117
63, W-05-03, -4.86927, 162.89295, 493.016
64, W-05-04, -28.19179, -177.09876, 497.606
65, W-05-05, -47.05998, -147.17758, 504.281
66, W-05-06, -52.74863, -100.75494, 506.373
67, W-05-07, -40.38589, -60.33522, 501.799
68, W-05-08, -19.01636, -35.72195, 495.117
69, W-05-09, 4.86927, -17.10705, 493.016
70, W-05-10, 28.19179, 2.90124, 497.606
71, W-05-11, 47.05998, 32.82242, 504.281
72, W-06-00, 49.85651, 141.61798, 505.318
73, W-06-01, 32.94610, 175.20149, 499.153
74, W-06-02, 10.16349, -163.48008, 493.524
75, W-06-03, -13.83187, -145.13967, 494.076
76, W-06-04, -36.11806, -122.64088, 500.255
77, W-06-05, -51.35569, -86.27354, 505.868
78, W-06-06, -49.85651, -38.38202, 505.318
79, W-06-07, -32.94610, -4.79851, 499.153
80, W-06-08, -10.16349, 16.51992, 493.524
81, W-06-09, 13.83187, 34.86033, 494.076
82, W-06-10, 36.11806, 57.35912, 500.255
83, W-06-11, 51.35569, 93.72646, 505.868
84, W-07-00, 44.72036, -158.63297, 503.409
85, W-07-01, 24.75131, -130.96222, 496.587
86, W-07-02, 1.15446, -111.62948, 492.872
87, W-07-03, -22.57473, -92.62488, 495.993
88, W-07-04, -43.13184, -66.21183, 502.817
89, W-07-05, -53.14735, -23.15104, 506.516
90, W-07-06, -44.72036, 21.36703, 503.409
91, W-07-07, -24.75131, 49.03778, 496.587
92, W-07-08, -1.15446, 68.37052, 492.872
93, W-07-09, 22.57473, 87.37512, 495.993
94, W-07-10, 43.13184, 113.78817, 502.817
95, W-07-11, 53.14735, 156.84896, 506.516

[LINKS]
Type, SourceID, TargetID
ISL, 0, 1
ISL, 0, 23
ISL, 1, 2
ISL, 1, 12
ISL, 2, 3
ISL, 2, 13
ISL, 3, 4
ISL, 3, 14
ISL, 4, 5
ISL, 4, 15
ISL, 5, 6
ISL, 5, 15
ISL, 6, 7
ISL, 6, 17
ISL, 7, 8
ISL, 7, 18
ISL, 8, 9
ISL, 8, 19
ISL, 9, 10
ISL, 9, 20
ISL, 10, 11
ISL, 10, 21
ISL, 11, 0
ISL, 11, 21
ISL, 12, 13
ISL, 12, 35
ISL, 13, 14
ISL, 13, 24
ISL, 14, 15
ISL, 14, 25
ISL, 15, 16
ISL, 15, 26
ISL, 16, 17
ISL, 16, 27
ISL, 17, 18
ISL, 17, 28
ISL, 18, 19
ISL, 18, 29
ISL, 19, 20
ISL, 19, 30
ISL, 20, 21
ISL, 20, 31
ISL, 21, 22
ISL, 21, 32
ISL, 22, 23
ISL, 22, 33
ISL, 23, 12
ISL, 23, 34
ISL, 24, 25
ISL, 24, 47
ISL, 25, 26
ISL, 25, 36
ISL, 26, 27
ISL, 26, 37
ISL, 27, 28
ISL, 27, 38
ISL, 28, 29
ISL, 28, 39
ISL, 29, 30
ISL, 29, 40
ISL, 30, 31
ISL, 30, 41
ISL, 31, 32
ISL, 31, 42
ISL, 32, 33
ISL, 32, 43
ISL, 33, 34
ISL, 33, 44
ISL, 34, 35
ISL, 34, 45
ISL, 35, 24
ISL, 35, 46
ISL, 36, 37
ISL, 36, 59
ISL, 37, 38
ISL, 37, 48
ISL, 38, 39
ISL, 38, 49
ISL, 39, 40
ISL, 39, 50
ISL, 40, 41
ISL, 40, 50
ISL, 41, 42
ISL, 41, 52
ISL, 42, 43
ISL, 42, 53
ISL, 43, 44
ISL, 43, 54
ISL, 44, 45
ISL, 44, 55
ISL, 45, 46
ISL, 45, 56
ISL, 46, 47
ISL, 46, 56
ISL, 47, 36
ISL, 47, 58
ISL, 48, 49
ISL, 48, 71
ISL, 49, 50
ISL, 49, 60
ISL, 50, 51
ISL, 50, 61
ISL, 51, 52
ISL, 51, 62
ISL, 52, 53
ISL, 52, 63
ISL, 53, 54
ISL, 53, 64
ISL, 54, 55
ISL, 54, 65
ISL, 55, 56
ISL, 55, 66
ISL, 56, 57
ISL, 56, 67
ISL, 57, 58
ISL, 57, 68
ISL, 58, 59
ISL, 58, 69
ISL, 59, 48
ISL, 59, 70
ISL, 60, 61
ISL, 60, 83
ISL, 61, 62
ISL, 61, 72
ISL, 62, 63
ISL, 62, 73
ISL, 63, 64
ISL, 63, 73
ISL, 64, 65
ISL, 64, 75
ISL, 65, 66
ISL, 65, 76
ISL, 66, 67
ISL, 66, 77
ISL, 67, 68
ISL, 67, 78
ISL, 68, 69
ISL, 68, 79
ISL, 69, 70
ISL, 69, 79
ISL, 70, 71
ISL, 70, 81
ISL, 71, 60
ISL, 71, 82
ISL, 72, 73
ISL, 72, 95
ISL, 73, 74
ISL, 73, 84
ISL, 74, 75
ISL, 74, 85
ISL, 75, 76
ISL, 75, 85
ISL, 76, 77
ISL, 76, 87
ISL, 77, 78
ISL, 77, 88
ISL, 78, 79
ISL, 78, 89
ISL, 79, 80
ISL, 79, 90
ISL, 80, 81
ISL, 80, 91
ISL, 81, 82
ISL, 81, 91
ISL, 82, 83
ISL, 82, 93
ISL, 83, 72
ISL, 83, 94
ISL, 84, 85
ISL, 84, 2
ISL, 85, 86
ISL, 85, 3
ISL, 86, 87
ISL, 86, 4
ISL, 87, 88
ISL, 87, 5
ISL, 88, 89
ISL, 88, 6
ISL, 89, 90
ISL, 89, 7
ISL, 90, 91
ISL, 90, 8
ISL, 91, 92
ISL, 91, 9
ISL, 92, 93
ISL, 92, 10
ISL, 93, 94
ISL, 93, 11
ISL, 94, 95
ISL, 94, 0
ISL, 95, 84
ISL, 95, 1
