[METADATA]
Time: 2026-04-12 03:23:43
Step: 79
Total_Sats: 96

[NODES]
ID, Name, Lat(deg), Lon(deg), Alt(km)
0, W-00-00, 41.84510, -113.39595, 502.338
1, W-00-01, 20.87975, -87.87836, 495.561
2, W-00-02, -2.93278, -69.08112, 492.919
3, W-00-03, -26.40814, -49.44843, 497.066
4, W-00-04, -45.87548, -20.73512, 503.840
5, W-00-05, -53.01748, 24.77134, 506.470
6, W-00-06, -41.84510, 66.60405, 502.338
7, W-00-07, -20.87975, 92.12164, 495.561
8, W-00-08, 2.93278, 110.91888, 492.919
9, W-00-09, 26.40814, 130.55157, 497.066
10, W-00-10, 45.87548, 159.26488, 503.840
11, W-00-11, 53.01748, -155.22866, 506.470
12, W-01-00, 34.61769, -57.40813, 499.728
13, W-01-01, 12.08060, -35.50294, 493.793
14, W-01-02, -11.92256, -17.18206, 493.769
15, W-01-03, -34.48101, 4.67233, 499.680
16, W-01-04, -50.62430, 39.57183, 505.600
17, W-01-05, -50.68897, 87.57225, 505.624
18, W-01-06, -34.61769, 122.59187, 499.728
19, W-01-07, -12.08060, 144.49706, 493.793
20, W-01-08, 11.92256, 162.81794, 493.769
21, W-01-09, 34.48101, -175.32767, 499.680
22, W-01-10, 50.62430, -140.42817, 505.600
23, W-01-11, 50.68897, -92.42775, 505.624
24, W-02-00, 26.55638, -3.26061, 497.110
25, W-02-01, 3.09281, 16.40115, 492.925
26, W-02-02, -20.72644, 35.18162, 495.523
27, W-02-03, -41.72675, 60.62170, 502.295
28, W-02-04, -53.00027, 102.34027, 506.464
29, W-02-05, -45.97635, 147.92911, 503.877
30, W-02-06, -26.55638, 176.73939, 497.110
31, W-02-07, -3.09281, -163.59885, 492.925
32, W-02-08, 20.72644, -144.81838, 495.523
33, W-02-09, 41.72675, -119.37830, 502.295
34, W-02-10, 53.00027, -77.65973, 506.464
35, W-02-11, 45.97635, -32.07089, 503.877
36, W-03-00, 17.97751, 49.65656, 494.886
37, W-03-01, -5.94086, 68.18964, 493.090
38, W-03-02, -29.16908, 88.42864, 497.912
39, W-03-03, -47.68037, 119.05001, 504.512
40, W-03-04, -52.54348, 165.89891, 506.299
41, W-03-05, -39.55387, -154.48725, 501.494
42, W-03-06, -17.97751, -130.34344, 494.886
43, W-03-07, 5.94086, -111.81036, 493.090
44, W-03-08, 29.16908, -91.57136, 497.912
45, W-03-09, 47.68037, -60.94999, 504.512
46, W-03-10, 52.54348, -14.10109, 506.299
47, W-03-11, 39.55387, 25.51275, 501.494
48, W-04-00, 9.09816, 101.83237, 493.394
49, W-04-01, -14.88554, 120.20198, 494.264
50, W-04-02, -37.00754, 143.08586, 500.572
51, W-04-03, -51.71124, -179.72474, 505.997
52, W-04-04, -49.35022, -131.99485, 505.131
53, W-04-05, -32.00499, -99.18698, 498.836
54, W-04-06, -9.09816, -78.16763, 493.394
55, W-04-07, 14.88554, -59.79802, 494.264
56, W-04-08, 37.00754, -36.91414, 500.572
57, W-04-09, 51.71124, 0.27526, 505.997
58, W-04-10, 49.35022, 48.00515, 505.131
59, W-04-11, 32.00499, 80.81302, 498.836
60, W-05-00, 0.08008, 153.66018, 492.863
61, W-05-01, -23.59100, 172.80904, 496.265
62, W-05-02, -43.88298, -160.20614, 503.096
63, W-05-03, -53.17108, -116.44543, 506.525
64, W-05-04, -43.99320, -72.58350, 503.137
65, W-05-05, -23.74199, -45.51143, 496.307
66, W-05-06, -0.08008, -26.33982, 492.863
67, W-05-07, 23.59100, -7.19096, 496.265
68, W-05-08, 43.88298, 19.79386, 503.096
69, W-05-09, 53.17108, 63.55457, 506.525
70, W-05-10, 43.99320, 107.41650, 503.137
71, W-05-11, 23.74199, 134.48857, 496.307
72, W-06-00, -8.93918, -154.51499, 493.375
73, W-06-01, -31.86384, -133.53868, 498.789
74, W-06-02, -49.27209, -100.84504, 505.103
75, W-06-03, -51.76112, -53.14532, 506.015
76, W-06-04, -37.13900, -15.83313, 500.619
77, W-06-05, -15.04234, 7.10992, 494.293
78, W-06-06, 8.93918, 25.48501, 493.375
79, W-06-07, 31.86384, 46.46132, 498.789
80, W-06-08, 49.27209, 79.15496, 505.103
81, W-06-09, 51.76112, 126.85468, 506.015
82, W-06-10, 37.13900, 164.16687, 500.619
83, W-06-11, 15.04234, -172.89008, 494.293
84, W-07-00, -17.82229, -102.34856, 494.852
85, W-07-01, -39.42848, -78.27284, 501.448
86, W-07-02, -52.50952, -38.78013, 506.287
87, W-07-03, -47.77056, 8.12702, 504.546
88, W-07-04, -29.31406, 38.85459, 497.958
89, W-07-05, -6.10050, 59.12940, 493.103
90, W-07-06, 17.82229, 77.65144, 494.852
91, W-07-07, 39.42848, 101.72716, 501.448
92, W-07-08, 52.50952, 141.21987, 506.287
93, W-07-09, 47.77056, -171.87298, 504.546
94, W-07-10, 29.31406, -141.14541, 497.958
95, W-07-11, 6.10050, -120.87060, 493.103

[LINKS]
Type, SourceID, TargetID
ISL, 0, 1
ISL, 0, 23
ISL, 1, 2
ISL, 1, 12
ISL, 2, 3
ISL, 2, 13
ISL, 3, 4
ISL, 3, 14
ISL, 4, 5
ISL, 4, 15
ISL, 5, 6
ISL, 5, 15
ISL, 6, 7
ISL, 6, 17
ISL, 7, 8
ISL, 7, 18
ISL, 8, 9
ISL, 8, 19
ISL, 9, 10
ISL, 9, 20
ISL, 10, 11
ISL, 10, 21
ISL, 11, 0
ISL, 11, 21
ISL, 12, 13
ISL, 12, 35
ISL, 13, 14
ISL, 13, 24
ISL, 14, 15
ISL, 14, 25
ISL, 15, 16
ISL, 15, 26
ISL, 16, 17
ISL, 16, 27
ISL, 17, 18
ISL, 17, 28
ISL, 18, 19
ISL, 18, 29
ISL, 19, 20
ISL, 19, 30
ISL, 20, 21
ISL, 20, 31
ISL, 21, 22
ISL, 21, 32
ISL, 22, 23
ISL, 22, 33
ISL, 23, 12
ISL, 23, 34
ISL, 24, 25
ISL, 24, 47
ISL, 25, 26
ISL, 25, 36
ISL, 26, 27
ISL, 26, 37
ISL, 27, 28
ISL, 27, 38
ISL, 28, 29
ISL, 28, 39
ISL, 29, 30
ISL, 29, 40
ISL, 30, 31
ISL, 30, 41
ISL, 31, 32
ISL, 31, 42
ISL, 32, 33
ISL, 32, 43
ISL, 33, 34
ISL, 33, 44
ISL, 34, 35
ISL, 34, 45
ISL, 35, 24
ISL, 35, 46
ISL, 36, 37
ISL, 36, 59
ISL, 37, 38
ISL, 37, 48
ISL, 38, 39
ISL, 38, 49
ISL, 39, 40
ISL, 39, 50
ISL, 40, 41
ISL, 40, 50
ISL, 41, 42
ISL, 41, 52
ISL, 42, 43
ISL, 42, 53
ISL, 43, 44
ISL, 43, 54
ISL, 44, 45
ISL, 44, 55
ISL, 45, 46
ISL, 45, 56
ISL, 46, 47
ISL, 46, 56
ISL, 47, 36
ISL, 47, 58
ISL, 48, 49
ISL, 48, 71
ISL, 49, 50
ISL, 49, 60
ISL, 50, 51
ISL, 50, 61
ISL, 51, 52
ISL, 51, 62
ISL, 52, 53
ISL, 52, 63
ISL, 53, 54
ISL, 53, 64
ISL, 54, 55
ISL, 54, 65
ISL, 55, 56
ISL, 55, 66
ISL, 56, 57
ISL, 56, 67
ISL, 57, 58
ISL, 57, 68
ISL, 58, 59
ISL, 58, 69
ISL, 59, 48
ISL, 59, 70
ISL, 60, 61
ISL, 60, 83
ISL, 61, 62
ISL, 61, 72
ISL, 62, 63
ISL, 62, 73
ISL, 63, 64
ISL, 63, 73
ISL, 64, 65
ISL, 64, 75
ISL, 65, 66
ISL, 65, 76
ISL, 66, 67
ISL, 66, 77
ISL, 67, 68
ISL, 67, 78
ISL, 68, 69
ISL, 68, 79
ISL, 69, 70
ISL, 69, 79
ISL, 70, 71
ISL, 70, 81
ISL, 71, 60
ISL, 71, 82
ISL, 72, 73
ISL, 72, 95
ISL, 73, 74
ISL, 73, 84
ISL, 74, 75
ISL, 74, 85
ISL, 75, 76
ISL, 75, 85
ISL, 76, 77
ISL, 76, 87
ISL, 77, 78
ISL, 77, 88
ISL, 78, 79
ISL, 78, 89
ISL, 79, 80
ISL, 79, 90
ISL, 80, 81
ISL, 80, 91
ISL, 81, 82
ISL, 81, 91
ISL, 82, 83
ISL, 82, 93
ISL, 83, 72
ISL, 83, 94
ISL, 84, 85
ISL, 84, 2
ISL, 85, 86
ISL, 85, 3
ISL, 86, 87
ISL, 86, 4
ISL, 87, 88
ISL, 87, 5
ISL, 88, 89
ISL, 88, 6
ISL, 89, 90
ISL, 89, 7
ISL, 90, 91
ISL, 90, 8
ISL, 91, 92
ISL, 91, 9
ISL, 92, 93
ISL, 92, 10
ISL, 93, 94
ISL, 93, 11
ISL, 94, 95
ISL, 94, 0
ISL, 95, 84
ISL, 95, 1
