[METADATA]
Time: 2026-04-12 04:05:13
Step: 162
Total_Sats: 96

[NODES]
ID, Name, Lat(deg), Lon(deg), Alt(km)
0, W-00-00, -51.59622, 27.45630, 505.955
1, W-00-01, -36.71115, 64.37003, 500.466
2, W-00-02, -14.53307, 87.12268, 494.200
3, W-00-03, 9.45512, 105.48106, 493.436
4, W-00-04, 32.32126, 126.59853, 498.942
5, W-00-05, 49.52323, 159.66434, 505.195
6, W-00-06, 51.59622, -152.54370, 505.955
7, W-00-07, 36.71115, -115.62997, 500.466
8, W-00-08, 14.53307, -92.87732, 494.200
9, W-00-09, -9.45512, -74.51894, 493.436
10, W-00-10, -32.32126, -53.40147, 498.942
11, W-00-11, -49.52323, -20.33566, 505.195
12, W-01-00, -47.47558, 88.57497, 504.436
13, W-01-01, -28.84274, 118.95948, 497.809
14, W-01-02, -5.58216, 139.11940, 493.064
15, W-01-03, 18.32586, 157.67836, 494.962
16, W-01-04, 39.83427, -178.02310, 501.597
17, W-01-05, 52.61658, -138.13802, 506.325
18, W-01-06, 47.47558, -91.42503, 504.436
19, W-01-07, 28.84274, -61.04052, 497.809
20, W-01-08, 5.58216, -40.88060, 493.064
21, W-01-09, -18.32586, -22.32164, 494.962
22, W-01-10, -39.83427, 1.97690, 501.597
23, W-01-11, -52.61658, 41.86198, 506.325
24, W-02-00, -41.45943, 146.89428, 502.196
25, W-02-01, -20.38167, 172.16211, 495.439
26, W-02-02, 3.45225, -169.09395, 492.940
27, W-02-03, 26.88877, -149.36562, 497.210
28, W-02-04, 46.20097, -120.33567, 503.961
29, W-02-05, 52.95833, -74.56603, 506.448
30, W-02-06, 41.45943, -33.10572, 502.196
31, W-02-07, 20.38167, -7.83789, 495.439
32, W-02-08, -3.45225, 10.90605, 492.940
33, W-02-09, -26.88877, 30.63438, 497.210
34, W-02-10, -46.20097, 59.66433, 503.961
35, W-02-11, -52.95833, 105.43397, 506.448
36, W-03-00, -34.17305, -157.24193, 499.573
37, W-03-01, -11.56735, -135.50012, 493.716
38, W-03-02, 12.43538, -117.17818, 493.847
39, W-03-03, 34.92377, -95.15728, 499.834
40, W-03-04, 50.83147, -59.86700, 505.676
41, W-03-05, 50.47633, -11.87251, 505.546
42, W-03-06, 34.17305, 22.75807, 499.573
43, W-03-07, 11.56735, 44.49988, 493.716
44, W-03-08, -12.43538, 62.82182, 493.847
45, W-03-09, -34.92377, 84.84272, 499.834
46, W-03-10, -50.83147, 120.13300, 505.676
47, W-03-11, -50.47633, 168.12749, 505.546
48, W-04-00, -26.07459, -103.18058, 496.968
49, W-04-01, -2.57324, -83.61194, 492.906
50, W-04-02, 21.22370, -64.77589, 495.646
51, W-04-03, 42.10948, -39.08234, 502.437
52, W-04-04, 53.05281, 3.00481, 506.482
53, W-04-05, 45.64698, 48.32207, 503.755
54, W-04-06, 26.07459, 76.81942, 496.968
55, W-04-07, 2.57324, 96.38806, 492.906
56, W-04-08, -21.22370, 115.22411, 495.646
57, W-04-09, -42.10948, 140.91766, 502.437
58, W-04-10, -53.05281, -176.99519, 506.482
59, W-04-11, -45.64698, -131.67793, 503.755
60, W-05-00, -17.47327, -50.31818, 494.777
61, W-05-01, 6.45901, -31.81986, 493.132
62, W-05-02, 29.63904, -11.46325, 498.062
63, W-05-03, 47.97094, 19.50456, 504.620
64, W-05-04, 52.43007, 66.53742, 506.258
65, W-05-05, 39.14555, 105.75727, 501.345
66, W-05-06, 17.47327, 129.68182, 494.777
67, W-05-07, -6.45901, 148.18014, 493.132
68, W-05-08, -29.63904, 168.53675, 498.062
69, W-05-09, -47.97094, -160.49544, 504.620
70, W-05-10, -52.43007, -113.46258, 506.258
71, W-05-11, -39.14555, -74.24273, 501.345
72, W-06-00, -8.58191, 1.82764, 493.336
73, W-06-01, 15.39427, 20.21610, 494.359
74, W-06-02, 37.43321, 43.29372, 500.725
75, W-06-03, 51.87017, 80.88185, 506.055
76, W-06-04, 49.09414, 128.50809, 505.037
77, W-06-05, 31.54597, 160.94654, 498.683
78, W-06-06, 8.58191, -178.17236, 493.336
79, W-06-07, -15.39427, -159.78390, 494.359
80, W-06-08, -37.43321, -136.70628, 500.725
81, W-06-09, -51.87017, -99.11815, 506.055
82, W-06-10, -49.09414, -51.49191, 505.037
83, W-06-11, -31.54597, -19.05346, 498.683
84, W-07-00, 0.43986, 53.64615, 492.864
85, W-07-01, 24.08066, 72.87007, 496.400
86, W-07-02, 44.23908, 100.14000, 503.229
87, W-07-03, 53.16774, 144.22618, 506.524
88, W-07-04, 43.63372, -172.24354, 503.003
89, W-07-05, 23.25134, -145.45278, 496.173
90, W-07-06, -0.43986, -126.35385, 492.864
91, W-07-07, -24.08066, -107.12993, 496.400
92, W-07-08, -44.23908, -79.86000, 503.229
93, W-07-09, -53.16774, -35.77382, 506.524
94, W-07-10, -43.63372, 7.75646, 503.003
95, W-07-11, -23.25134, 34.54722, 496.173

[LINKS]
Type, SourceID, TargetID
ISL, 0, 1
ISL, 0, 23
ISL, 1, 2
ISL, 1, 12
ISL, 2, 3
ISL, 2, 13
ISL, 3, 4
ISL, 3, 14
ISL, 4, 5
ISL, 4, 15
ISL, 5, 6
ISL, 5, 15
ISL, 6, 7
ISL, 6, 17
ISL, 7, 8
ISL, 7, 18
ISL, 8, 9
ISL, 8, 19
ISL, 9, 10
ISL, 9, 20
ISL, 10, 11
ISL, 10, 21
ISL, 11, 0
ISL, 11, 21
ISL, 12, 13
ISL, 12, 35
ISL, 13, 14
ISL, 13, 24
ISL, 14, 15
ISL, 14, 25
ISL, 15, 16
ISL, 15, 26
ISL, 16, 17
ISL, 16, 27
ISL, 17, 18
ISL, 17, 28
ISL, 18, 19
ISL, 18, 29
ISL, 19, 20
ISL, 19, 30
ISL, 20, 21
ISL, 20, 31
ISL, 21, 22
ISL, 21, 32
ISL, 22, 23
ISL, 22, 33
ISL, 23, 12
ISL, 23, 34
ISL, 24, 25
ISL, 24, 47
ISL, 25, 26
ISL, 25, 36
ISL, 26, 27
ISL, 26, 37
ISL, 27, 28
ISL, 27, 38
ISL, 28, 29
ISL, 28, 39
ISL, 29, 30
ISL, 29, 40
ISL, 30, 31
ISL, 30, 41
ISL, 31, 32
ISL, 31, 42
ISL, 32, 33
ISL, 32, 43
ISL, 33, 34
ISL, 33, 44
ISL, 34, 35
ISL, 34, 45
ISL, 35, 24
ISL, 35, 46
ISL, 36, 37
ISL, 36, 59
ISL, 37, 38
ISL, 37, 48
ISL, 38, 39
ISL, 38, 49
ISL, 39, 40
ISL, 39, 50
ISL, 40, 41
ISL, 40, 50
ISL, 41, 42
ISL, 41, 52
ISL, 42, 43
ISL, 42, 53
ISL, 43, 44
ISL, 43, 54
ISL, 44, 45
ISL, 44, 55
ISL, 45, 46
ISL, 45, 56
ISL, 46, 47
ISL, 46, 56
ISL, 47, 36
ISL, 47, 58
ISL, 48, 49
ISL, 48, 71
ISL, 49, 50
ISL, 49, 60
ISL, 50, 51
ISL, 50, 61
ISL, 51, 52
ISL, 51, 62
ISL, 52, 53
ISL, 52, 63
ISL, 53, 54
ISL, 53, 64
ISL, 54, 55
ISL, 54, 65
ISL, 55, 56
ISL, 55, 66
ISL, 56, 57
ISL, 56, 67
ISL, 57, 58
ISL, 57, 68
ISL, 58, 59
ISL, 58, 69
ISL, 59, 48
ISL, 59, 70
ISL, 60, 61
ISL, 60, 83
ISL, 61, 62
ISL, 61, 72
ISL, 62, 63
ISL, 62, 73
ISL, 63, 64
ISL, 63, 73
ISL, 64, 65
ISL, 64, 75
ISL, 65, 66
ISL, 65, 76
ISL, 66, 67
ISL, 66, 77
ISL, 67, 68
ISL, 67, 78
ISL, 68, 69
ISL, 68, 79
ISL, 69, 70
ISL, 69, 79
ISL, 70, 71
ISL, 70, 81
ISL, 71, 60
ISL, 71, 82
ISL, 72, 73
ISL, 72, 95
ISL, 73, 74
ISL, 73, 84
ISL, 74, 75
ISL, 74, 85
ISL, 75, 76
ISL, 75, 85
ISL, 76, 77
ISL, 76, 87
ISL, 77, 78
ISL, 77, 88
ISL, 78, 79
ISL, 78, 89
ISL, 79, 80
ISL, 79, 90
ISL, 80, 81
ISL, 80, 91
ISL, 81, 82
ISL, 81, 91
ISL, 82, 83
ISL, 82, 93
ISL, 83, 72
ISL, 83, 94
ISL, 84, 85
ISL, 84, 2
ISL, 85, 86
ISL, 85, 3
ISL, 86, 87
ISL, 86, 4
ISL, 87, 88
ISL, 87, 5
ISL, 88, 89
ISL, 88, 6
ISL, 89, 90
ISL, 89, 7
ISL, 90, 91
ISL, 90, 8
ISL, 91, 92
ISL, 91, 9
ISL, 92, 93
ISL, 92, 10
ISL, 93, 94
ISL, 93, 11
ISL, 94, 95
ISL, 94, 0
ISL, 95, 84
ISL, 95, 1
