[METADATA]
Time: 2026-04-12 04:10:13
Step: 172
Total_Sats: 96

[NODES]
ID, Name, Lat(deg), Lon(deg), Alt(km)
0, W-00-00, -43.46324, 51.84909, 502.940
1, W-00-01, -23.02044, 78.50963, 496.111
2, W-00-02, 0.68404, 97.57561, 492.866
3, W-00-03, 24.31013, 116.83597, 496.463
4, W-00-04, 44.40461, 144.24169, 503.291
5, W-00-05, 53.16282, -171.52247, 506.522
6, W-00-06, 43.46324, -128.15091, 502.940
7, W-00-07, 23.02044, -101.49037, 496.111
8, W-00-08, -0.68404, -82.42439, 492.866
9, W-00-09, -24.31013, -63.16403, 496.463
10, W-00-10, -44.40461, -35.75831, 503.291
11, W-00-11, -53.16282, 8.47753, 506.522
12, W-01-00, -36.50914, 108.39916, 500.394
13, W-01-01, -14.29363, 131.06405, 494.157
14, W-01-02, 9.69727, 149.41564, 493.465
15, W-01-03, 32.53527, 170.60087, 499.014
16, W-01-04, 49.63867, -156.15721, 505.238
17, W-01-05, 51.51583, -108.32767, 505.926
18, W-01-06, 36.50914, -71.60084, 500.394
19, W-01-07, 14.29363, -48.93595, 494.157
20, W-01-08, -9.69727, -30.58436, 493.465
21, W-01-09, -32.53527, -9.39913, 499.014
22, W-01-10, -49.63867, 23.84279, 505.238
23, W-01-11, -51.51583, 71.67233, 505.926
24, W-02-00, -28.62072, 162.94320, 497.740
25, W-02-01, -5.33862, -176.94951, 493.047
26, W-02-02, 18.56201, -158.37211, 495.015
27, W-02-03, 40.02356, -133.96713, 501.666
28, W-02-04, 52.66368, -93.89871, 506.342
29, W-02-05, 47.33489, -47.28192, 504.384
30, W-02-06, 28.62072, -17.05680, 497.740
31, W-02-07, 5.33862, 3.05049, 493.047
32, W-02-08, -18.56201, 21.62789, 495.015
33, W-02-09, -40.02356, 46.03287, 501.666
34, W-02-10, -52.66368, 86.10129, 506.342
35, W-02-11, -47.33489, 132.71808, 504.384
36, W-03-00, -20.14735, -143.88383, 495.382
37, W-03-01, 3.69615, -125.16381, 492.951
38, W-03-02, 27.11390, -105.38929, 497.277
39, W-03-03, 46.35187, -76.20878, 504.018
40, W-03-04, 52.92727, -30.31985, 506.437
41, W-03-05, 41.27687, 10.96378, 502.128
42, W-03-06, 20.14735, 36.11617, 495.382
43, W-03-07, -3.69615, 54.83619, 492.951
44, W-03-08, -27.11390, 74.61071, 497.277
45, W-03-09, -46.35187, 103.79122, 504.018
46, W-03-10, -52.92727, 149.68015, 506.437
47, W-03-11, -41.27687, -169.03622, 502.128
48, W-04-00, -11.32611, -91.56327, 493.682
49, W-04-01, 12.67600, -73.23978, 493.885
50, W-04-02, 35.13077, -51.13911, 499.907
51, W-04-03, 50.92599, -15.66452, 505.711
52, W-04-04, 50.37376, 32.32130, 505.508
53, W-04-05, 33.96331, 66.77010, 499.501
54, W-04-06, 11.32611, 88.43673, 493.682
55, W-04-07, -12.67600, 106.76022, 493.885
56, W-04-08, -35.13077, 128.86089, 499.907
57, W-04-09, -50.92599, 164.33548, 505.711
58, W-04-10, -50.37376, -147.67870, 505.508
59, W-04-11, -33.96331, -113.22990, 499.501
60, W-05-00, -2.32919, -39.68217, 492.898
61, W-05-01, 21.45682, -20.81888, 495.705
62, W-05-02, 42.28774, 4.99558, 502.503
63, W-05-03, 53.07418, 47.25377, 506.490
64, W-05-04, 45.49040, 92.43944, 503.696
65, W-05-05, 25.84776, 120.79168, 496.902
66, W-05-06, 2.32919, 140.31783, 492.898
67, W-05-07, -21.45682, 159.18112, 495.705
68, W-05-08, -42.28774, -175.00442, 502.503
69, W-05-09, -53.07418, -132.74623, 506.490
70, W-05-10, -45.49040, -87.56056, 503.696
71, W-05-11, -25.84776, -59.20832, 496.902
72, W-06-00, 6.70224, 12.11199, 493.152
73, W-06-01, 29.85905, 32.52518, 498.132
74, W-06-02, 48.10518, 63.65737, 504.670
75, W-06-03, 52.37365, 110.77143, 506.238
76, W-06-04, 38.95254, 149.80556, 501.275
77, W-06-05, 17.23613, 173.62890, 494.727
78, W-06-06, -6.70224, -167.88801, 493.152
79, W-06-07, -29.85905, -147.47482, 498.132
80, W-06-08, -48.10518, -116.34263, 504.670
81, W-06-09, -52.37365, -69.22857, 506.238
82, W-06-10, -38.95254, -30.19444, 501.275
83, W-06-11, -17.23613, -6.37110, 494.727
84, W-07-00, 15.63291, 64.15946, 494.405
85, W-07-01, 37.63202, 87.32975, 500.796
86, W-07-02, 51.94181, 125.10518, 506.081
87, W-07-03, 48.97144, 172.67709, 504.991
88, W-07-04, 31.32960, -155.05652, 498.611
89, W-07-05, 8.33931, -134.23892, 493.309
90, W-07-06, -15.63291, -115.84054, 494.405
91, W-07-07, -37.63202, -92.67025, 500.796
92, W-07-08, -51.94181, -54.89482, 506.081
93, W-07-09, -48.97144, -7.32291, 504.991
94, W-07-10, -31.32960, 24.94348, 498.611
95, W-07-11, -8.33931, 45.76108, 493.309

[LINKS]
Type, SourceID, TargetID
ISL, 0, 1
ISL, 0, 23
ISL, 1, 2
ISL, 1, 12
ISL, 2, 3
ISL, 2, 13
ISL, 3, 4
ISL, 3, 14
ISL, 4, 5
ISL, 4, 15
ISL, 5, 6
ISL, 5, 15
ISL, 6, 7
ISL, 6, 17
ISL, 7, 8
ISL, 7, 18
ISL, 8, 9
ISL, 8, 19
ISL, 9, 10
ISL, 9, 20
ISL, 10, 11
ISL, 10, 21
ISL, 11, 0
ISL, 11, 21
ISL, 12, 13
ISL, 12, 35
ISL, 13, 14
ISL, 13, 24
ISL, 14, 15
ISL, 14, 25
ISL, 15, 16
ISL, 15, 26
ISL, 16, 17
ISL, 16, 27
ISL, 17, 18
ISL, 17, 28
ISL, 18, 19
ISL, 18, 29
ISL, 19, 20
ISL, 19, 30
ISL, 20, 21
ISL, 20, 31
ISL, 21, 22
ISL, 21, 32
ISL, 22, 23
ISL, 22, 33
ISL, 23, 12
ISL, 23, 34
ISL, 24, 25
ISL, 24, 47
ISL, 25, 26
ISL, 25, 36
ISL, 26, 27
ISL, 26, 37
ISL, 27, 28
ISL, 27, 38
ISL, 28, 29
ISL, 28, 39
ISL, 29, 30
ISL, 29, 40
ISL, 30, 31
ISL, 30, 41
ISL, 31, 32
ISL, 31, 42
ISL, 32, 33
ISL, 32, 43
ISL, 33, 34
ISL, 33, 44
ISL, 34, 35
ISL, 34, 45
ISL, 35, 24
ISL, 35, 46
ISL, 36, 37
ISL, 36, 59
ISL, 37, 38
ISL, 37, 48
ISL, 38, 39
ISL, 38, 49
ISL, 39, 40
ISL, 39, 50
ISL, 40, 41
ISL, 40, 50
ISL, 41, 42
ISL, 41, 52
ISL, 42, 43
ISL, 42, 53
ISL, 43, 44
ISL, 43, 54
ISL, 44, 45
ISL, 44, 55
ISL, 45, 46
ISL, 45, 56
ISL, 46, 47
ISL, 46, 56
ISL, 47, 36
ISL, 47, 58
ISL, 48, 49
ISL, 48, 71
ISL, 49, 50
ISL, 49, 60
ISL, 50, 51
ISL, 50, 61
ISL, 51, 52
ISL, 51, 62
ISL, 52, 53
ISL, 52, 63
ISL, 53, 54
ISL, 53, 64
ISL, 54, 55
ISL, 54, 65
ISL, 55, 56
ISL, 55, 66
ISL, 56, 57
ISL, 56, 67
ISL, 57, 58
ISL, 57, 68
ISL, 58, 59
ISL, 58, 69
ISL, 59, 48
ISL, 59, 70
ISL, 60, 61
ISL, 60, 83
ISL, 61, 62
ISL, 61, 72
ISL, 62, 63
ISL, 62, 73
ISL, 63, 64
ISL, 63, 73
ISL, 64, 65
ISL, 64, 75
ISL, 65, 66
ISL, 65, 76
ISL, 66, 67
ISL, 66, 77
ISL, 67, 68
ISL, 67, 78
ISL, 68, 69
ISL, 68, 79
ISL, 69, 70
ISL, 69, 79
ISL, 70, 71
ISL, 70, 81
ISL, 71, 60
ISL, 71, 82
ISL, 72, 73
ISL, 72, 95
ISL, 73, 74
ISL, 73, 84
ISL, 74, 75
ISL, 74, 85
ISL, 75, 76
ISL, 75, 85
ISL, 76, 77
ISL, 76, 87
ISL, 77, 78
ISL, 77, 88
ISL, 78, 79
ISL, 78, 89
ISL, 79, 80
ISL, 79, 90
ISL, 80, 81
ISL, 80, 91
ISL, 81, 82
ISL, 81, 91
ISL, 82, 83
ISL, 82, 93
ISL, 83, 72
ISL, 83, 94
ISL, 84, 85
ISL, 84, 2
ISL, 85, 86
ISL, 85, 3
ISL, 86, 87
ISL, 86, 4
ISL, 87, 88
ISL, 87, 5
ISL, 88, 89
ISL, 88, 6
ISL, 89, 90
ISL, 89, 7
ISL, 90, 91
ISL, 90, 8
ISL, 91, 92
ISL, 91, 9
ISL, 92, 93
ISL, 92, 10
ISL, 93, 94
ISL, 93, 11
ISL, 94, 95
ISL, 94, 0
ISL, 95, 84
ISL, 95, 1
