1.4999002490663702
1.4140191526636774
1.2221966746082036
1.3079216147991954
1.5537798137312302
1.254653941027877
1.4130948761145423
1.4829060836933052
1.3978983155887963
1.4537999873956857
1.4022854620455287
1.1917905983102386
1.1829399739573812
1.2801816596829285
1.1190042773304538
1.177873868761805
1.1986597363444365
1.199054286663711
1.0745012672049399
1.3300608833590286
1.1821611021567657
1.2195184527645229
1.1097757193359672
1.3306397051445658
1.232027899268058
1.118742207071502
1.091250515486477
1.316054635430841
1.300620157990768
1.4410413737892402
1.2850977151910004
1.1566335666298184
1.1407450195539088
1.2365959700972535
1.3291967703576966
1.1875489980475162
1.1256115321710498
1.412943433072421
1.3092779396016188
1.112166135506589
1.150167309681329
1.1502004999621267
1.2350189571093135
1.0803505784757352
1.5201163295835423
1.2010763742785897
1.4678919422665637
1.2954278295752546
1.1587669708307016
1.234923880771181
1.2082879881021993
1.3638187536550137
1.3164852096709823
1.2997997847440357
1.1934645241725261
1.2057849356962858
1.290748343494259
1.3121297015612094
1.3216112535408417
1.6148443946802895
1.439834832228077
1.6175648232667366
1.4295241724862084
1.2691263528395913
1.4740213993551425
1.3529611908840975
1.2361772448367199
1.3267163910143893
1.3035821393589673
1.1767932690016338
1.4278618614270102
1.2377428622610447
1.1459796986817359
1.1660000193954616
1.3300392569012285
1.3246966087532794
1.384228868115583
1.2385165949540564
1.236694942892002
1.2584150906610485
1.131206763066891
1.1449511048117222
1.1552370041667372
1.133600481896137
1.2459969858566722
1.0685747394587886
1.2722890258044974
1.164506508504917
1.2486533566369227
1.2607196397655627
1.1547060120034909
1.1317888349265381
1.2016120517635211
1.2114499245352908
1.2078511594322545
1.629527248338298
1.2070696827120961
1.1784075933450204
1.2743769354176968
1.3572936470348698
1.4289918631095364
1.2426794137260826
1.4852993989339582
1.4465322957434343
1.2284988402839496
1.3488653165349425
1.427498366176178
1.4852872530085746
1.322281029765458
1.3314726150683303
1.157237995813402
1.306595651662839
1.3541892122008754
1.3091378080114315
1.3482464204411297
1.1404389824423635
1.299326579131546
1.1206311044654533
1.2279144912946263
1.14638395914939
1.2345599808663017
1.0899991996312388
1.1475351748679943
1.1669385711278677
1.0759696444754747
1.2088163531002176
1.1165131319247756
1.1496219358259252
1.2099651914043117
1.175484009167075
1.3628444548689003
1.086072553803218
1.3136056736405253
1.1503987055235316
1.1412122930439894
1.1777816820883151
1.2662790417438672
1.2478467549880004
1.1395323339306411
1.1358245457873533
1.2958523480756983
1.0960783699011485
1.1231575658820538
1.106190132890051
1.2257534082264883
1.109455701866351
1.1899971308811728
1.1921921648212077
1.1391474863793036
1.2795826244664823
1.264870558212959
1.278824383143235
1.287867818584712
1.2040713571572577
1.0289406180574308
1.1797395111674587
1.3061563626785528
1.2296562101551163
1.2833299848171864
1.1518547504317576
1.1409174222137708
1.1646635805935623
1.2893354906710977
1.1538359181750553
1.1827841778603272
1.3066542590305334
1.151029502408866
1.3460729599123167
1.4119822605596974
1.410092545129953
1.2463081027442562
1.2905383068124892
1.2170081065819303
1.2283195085426333
1.2608962942053492
1.2951779789744828
1.4669637613508106
1.1474941145679696
1.2168199246161906
1.3866955075462402
1.1950348832583617
1.1794906086025647
1.2707025307760444
1.2047635041133073
1.0746643422779176
1.153801026801303
1.158447710595455
1.1468272022793837
1.1249897029092801
1.2062097949085384
1.0739366903447518
1.2047659073691235
1.1677063335339422
1.1043007397220892
1.1213648736044708
1.1108259558470723
1.1189075373271196
1.1013893616251205
1.134491977105059
1.2368522200825671
1.0724343485247065
1.1022217446286355
1.0601617036268582
1.1377426328959526
1.0243809845472198
1.1888202528483516
1.3868758020261338
1.1851966042986852
1.2685890778085915
1.3578563357096023
1.1202382389082832
1.2460603804508483
1.1737123284550135
1.1140967449967791
1.3175703790407176
1.0542738799298557
1.1723020692648565
1.172310512644926
1.1382911532887776
1.0843100374312036
1.1703469745970305
1.0998184834372526
1.366224323417667
1.307795852933514
1.1311951703838283
1.2343425210103196
1.205159427060251
1.0589926918931045
1.209259113918767
1.1688400959655756
1.283193331759064
1.204274921359436
1.2517297102830782
1.2612860883892802
1.2616391896144776
1.0935172474829218
1.3736675968976737
1.2648863775218582
1.176645587408076
1.3447246960869694
1.2113295829821424
1.236592281961016
1.5432345142519333
1.4359809454301256
1.1480252908000808
1.4053273228537446
1.1516007452711459
1.161681377801383
1.24711654888476
1.0651265969402983
1.2002350908506056
1.0814398297964767
1.1703226124319586
1.2478645010189504
1.2367479585321242
1.1128869829977506
1.131274401123613
1.4266930273927276
1.1893777264207013
1.3037412960912524
1.0584671475832839
1.2433403487533998
1.0394386395141357
1.5371933687746666
1.1908734316481238
1.288599938262037
1.3874049365790575
1.2532653788482073
1.3489447411349287
1.2603184942116092
1.2146464311385943
1.1400449764729892
1.3586329371182428
1.2586116828502576
1.2378115298946248
1.2521028774979368
1.2072350254240356
1.0919363609328323
1.14267590956604
1.1908881184348994
1.2235590111095758
1.159233487439711
1.4715569731020606
1.3053430852268724
1.3655168004355156
1.3830757696905853
1.4131550692667565
1.4559568930933897
1.2618981139101173
1.3021810615503495
1.1945767974983559
1.2501433835552944
1.2432992329072794
1.4507928120477354
1.402894353761175
1.336947456813638
1.167793404439773
1.1990082328345373
1.17369303232421
1.080049348219821
1.3091995471229791
1.082538634945524
1.1865621973952696
1.3821710009926833
1.2776566675876126
1.0945479603488233
1.0769487847489296
1.3651826669874343
1.2182474440895759
1.2231376626682706
1.3153498946477007
1.082283414805683
1.09293350539169
1.0529478161654289
1.201859342303764
1.1435314858672279
1.2482629019990858
1.0590778302400843
1.250245326663873
1.2013390790221565
1.1835758066242643
1.1918898704004106
1.202708543814801
1.2069538026208875
1.1531476155553577
1.093607823053522
1.3541035030760031
1.4495889548487948
1.0994787425581456
1.1907125230950535
1.1388586552963154
1.1099542445654156
1.0514926117056917
1.1419412138275697
1.0948272595701007
1.063986263417098
1.3711923302954732
1.0583837324103489
1.1113976984319776
1.1363124779404086
1.0953803379372964
1.068068276261891
1.3176492377823383
1.318772989921507
1.4851844083291128
1.1749286878491931
1.4072219901024308
1.165489944559388
1.4590929148021023
1.2270486008639014
1.1163262072732503
1.3344326613691329
1.2045752647075614
1.1113549356214887
1.2239908857976634
1.214549184890192
1.301891765103528
1.2251451626340595
1.1816845628315336
1.243042006990085
1.184582461035589
1.1104702332256662
1.0913386117980253
1.186164122478025
1.2362876418715234
1.2014197093487438
1.044620089560042
1.0732267369453399
1.2002796293000244
1.3067221564921512
1.2187442550572631
1.2188077529700814
1.1051640146998405
1.0169973117501565
1.6938232148563277
1.4930339130879025
1.1077945724199827
1.0982860663873515
1.3759245293004667
1.3151236429329702
1.2433738114682182
1.362119434398806
1.4095276362807
1.2584899309067823
1.266282819817248
1.388282015078249
1.4047634151629325
1.1668376663387248
1.262676167922862
1.422462866540581
1.0368661999171014
1.1746482890018064
1.3422351028282737
1.2452490209701903
1.0547637270539478
1.350801864842196
1.0597327839935393
1.2842445461329863
1.4268573888790175
1.5455760236708982
1.4369062177396612
1.1291612656104943
1.142303572784671
1.0733961992592143
1.2617501137203657
1.141029316783748
1.3253715043657501
1.2401697666520033
1.3032340154021649
1.1982942319995475
1.1275559558178012
1.3172866632623996
1.1670138524704936
1.1976888150853084
1.1504409326086564
1.256692766459789
1.2025646274512187
1.0834539607959532
1.572206672302185
1.2249805120317583
1.2172241063380849
1.2946624546761405
1.5355147321016684
1.4198909956637997
1.194780493166919
1.2112120503115156
1.138455213157503
1.161175321343546
1.0828221000886016
1.2219163209215251
1.4284895855728983
1.2409064345668952
1.0777432523377977
1.0425810103654118
1.1077010530554576
1.1792134580905693
1.1415403701245492
1.1571147750397015
1.0366822109321445
1.1607941307015641
1.1009646551523065
1.1466574069707627
1.0648740169651052
1.2221336088472226
1.9099112361682773
1.2244485627969224
1.3138022417704864
1.3296098695152472
1.1764475416256512
1.1791358092668554
1.263785281909308
1.2216290483711496
1.3593578052883848
1.1367627550160027
1.1903200712596813
1.1443803486420467
1.201624163793874
1.2388268487235603
1.0058565423966987
1.2402847691398307
1.353712550035119
1.1907132001406682
1.137255059538665
1.2376382925123868
1.1989558865832455
1.2787625693841258
1.3543927254014818
1.175252222371107
1.2158542174433384
1.1365953697252438
1.2789043802746367
1.1829380604208175
1.1769180222002884
1.458095505538942
1.3087957393254732
1.1674127321850243
1.317481290466213
1.1060504845154044
1.218812767977824
1.2716207709047247
1.149641041083619
1.377814873429971
1.354013624113092
1.1608660106884061
1.1251374552541735
1.2953256805611346
1.2051724287628696
1.330039938965984
1.299886339379987
1.2491749901293507
1.4166081799527868
1.1996541285169788
1.4919357248160898
1.1646993556596277
1.154021690427873
1.2479473103543426
1.421357342381881
1.4152419124638869
1.0941549237430903
1.250168797583112
1.1535650277454197
1.4636541564593957
1.2043307090486224
1.072063800717289
1.0951559884165887
1.2738626740634407
1.0549528033010924
1.1135220551454978
1.2799793307817513
1.1323196127338233
1.2260917331464296
1.176522300185292
1.1720050470124774
1.1783433598209054
1.330756721388479
1.1972432964138204
1.0882642176532147
1.3129137176122059
1.1028423832470022
1.2046962503921104
1.0769461117898642
1.06366081831298
1.0790436872040405
1.1589872014664961
1.1699926263267364
1.814954161890757
1.3212205971392401
1.2603750337431483
1.3138389823227319
1.13250027811439
1.3879413703060808
1.3513509656566354
1.255938173078325
1.2869271458899316
1.263278166815405
1.318731739807833
1.3766206334514497
1.2707157377251486
1.186288624717661
1.0679715437367114
1.4057464186973339
1.2318940248526602
1.2556713906935113
1.3397771748230205
1.3125355883470307
1.1655290315852904
1.1524278670154662
1.2458632890917476
1.416752185055489
1.363076388495464
1.1360129969522328
1.2919766568949869
1.2501145559120046
1.1152902088115888
1.1691264268106163
1.1631360502757198
1.2257574483945168
1.0973313748303442
1.0625676945769174
1.0533162365112783
1.1358882960550494
1.1996446752797283
1.2146085122957797
1.0811703055666666
1.0103697992178973
1.4921399921207723
1.28076780523335
1.1025153769262122
1.158431839864768
1.0689693405469423
1.1865053176703855
1.14588281930565
1.327775896984085
1.1514101719523513
1.0955485868858388
1.0906424889320216
1.146135680242767
1.1407647051398382
1.1659059076147829
1.0409963134648792
1.271499374821108
1.0769383745186212
1.1487100576786218
1.5214743790120762
1.2416393379046935
1.1062450151408536
1.2602513056066282
1.2094261612983348
1.1792362523308524
1.1633747178448142
1.2712043727353357
1.1536382541146297
1.290092651134043
1.3202788052501044
1.2090308560629053
1.1901703373914463
1.2233549044987684
1.2082525775748842
1.2702203324025336
1.2277355331631399
1.388177238570983
1.3083360161493767
1.3399154671564235
1.3077570659702287
1.3053693850536785
1.4574387022528794
1.228689499608126
1.2714265215640204
1.2935398359408916
1.1191371230958034
1.2437831762615887
1.1283972994894669
1.2141626280110733
1.1149286500447706
1.6912366992784482
1.1792318149588064
1.1348342182128794
1.1345343941547232
1.3683843442910926
1.2528423042973027
1.3013813631039957
1.4918752260435715
1.3275655973215519
1.222224827337434
1.2590382356943748
1.1468220208613304
1.2099386406593247
1.1305924859611909
1.1622365092183944
1.1578902976544079
1.0847532141671596
1.071916107236338
1.1485121778285037
1.1321765987135017
1.1468790637975266
1.1685338402726178
1.1752474327075317
1.1253533418581165
1.1934017667034236
1.2736744551443682
1.476575113130439
1.0710777819210968
1.3128566670232331
1.1350577722887365
1.1489943339646003
1.1487986920831676
1.387513020974553
1.5885655991371608
1.1962389908592332
1.338938012775011
1.4127142437989124
1.4766310974811179
1.4390888930959604
1.378869818778791
1.3456350940092177
1.3013461876844656
1.3172633737749688
1.4014065919185126
1.2847826331747996
1.429623085686185
1.3537765260637646
1.2644026125383432
1.2536108714393115
1.279534643434402
1.1106819014617837
1.3393408587352968
1.3207856255195358
1.173068717866028
1.402617781200164
1.1056423389827654
1.200566119399557
1.1368545575299218
1.1545722537638423
1.044999087050868
1.2243817837138364
1.2324578130401438
1.3948365220364938
1.1430344775280818
1.1090436395451204
1.1013325032986185
1.06065924434899
1.0977705725208642
1.2643299586379178
1.2148472327855717
1.1117822398623143
1.315339904630418
1.1366463593777527
1.2736602868399216
1.1510434512218715
1.1856261858749135
1.2409148363798623
1.4363805738932869
1.1650089702599342
1.218889472750785
1.290156403065007
1.3585305901267424
1.1689563828665537
1.3446655491323374
1.254365277541212
1.1559397944846448
1.313438682077583
1.216481391551625
1.1544186802601326
1.3845228649396435
1.1605376536241225
1.318482530459733
1.1911597369290468
1.1399519814600108
1.0793608323617254
1.112009277260737
1.0924940079351553
1.1788453881784995
1.1676344740060987
1.245732215994958
1.2005326964964627
1.0540770096703262
1.1764944350108373
1.1431093331460518
1.093694012479138
1.2680304906368072
1.320152469299486
1.0919050183274366
1.1468036587408097
1.4367642284999174
1.3172291681315818
1.3072767539575432
1.0677191064635387
1.1062555682605557
1.074639696998508
1.1875867410611445
1.0465075175164886
1.082767300351799
1.3044500388768592
1.2404069168430136
1.2176825052980866
1.1538496066984887
1.4494018709823582
1.5396071177036301
1.543515839643265
1.287104798548577
1.2577466679802214
1.4579257713706535
1.276619915372641
1.3223434077467244
1.1680589977487592
1.2658304913703855
1.1509275241908627
1.2690157995029478
1.1166188420287513
1.1702167080540766
1.214244005427299
1.141784999488238
1.385400952270931
1.395027759502056
1.291616944941707
1.2029669295382976
1.2890008333411362
1.0520881665727573
1.3245611453717434
1.2419513850728898
1.181473205375785
1.2210657065497403
1.0656988081080088
1.160806570960741
1.5266451120789355
1.1018093715003183
1.1924164416941856
1.1447632877211076
1.135435988441564
1.2858534528888927
1.4423501725307883
1.2131740071991137
1.0401473180234893
1.27795901726023
1.2101449627053256
1.068372516573538
1.2710096358599163
1.1195286041644257
1.3203756232649717
1.288081389331622
1.101193665363198
1.2254897824520772
1.3041037468758399
1.0737448537963974
1.1292081807860241
1.1988164700349044
1.215597252526488
1.2484291091681714
1.157815360312646
1.133056679952204
1.2170149243329405
1.1367742177275382
1.2149380142376764
1.1508204098870676
1.1596510966903675
1.2483422193324463
1.282332803387552
1.1912639476109728
1.1694405895708488
1.2631647718798833
1.2878591543172955
1.0502208622076206
1.055597918654422
1.2290878276911428
1.2236570783890501
1.0622206208824412
1.0813449794871548
1.2359332786599264
1.1098215706014247
1.2131674827418033
1.2079834556857214
1.6043141931173592
1.2267572713266528
1.3938955336273753
1.2078638130108084
1.0968689746866538
1.116793662605252
1.289311238350671
1.1982354240483524
1.3374795922037919
1.0584358337577966
1.319565098273694
1.2185782517934065
1.1584421592931555
1.2577877618731137
1.1679597307312037
1.2559310396601653
1.2747587330050583
1.1538200754254249
1.0431122881516215
1.5479126720977714
1.4566382669840232
1.064345425630364
1.1228748261439856
1.1682481414800912
1.2538161015590212
1.130542279688797
1.2014975132535386
1.1567286786008713
1.3694198296883722
1.1837598761167265
1.0983394678926346
1.103319854713581
1.1155206981686843
1.2623442623528667
1.1625781386913994
1.0224550961399828
1.5887959102376497
1.3009007911814054
1.2468011920624122
1.1188677864960492
1.1174560436080507
1.0617571577966014
1.0937186492981372
1.0787761431201082
1.345577580646362
1.238486194700613
1.04903600782901
1.3478764391616243
1.2666714955860232
1.109786594657406
1.1234396309823849
1.0681712866863642
1.2351978837002013
1.2842561117171958
1.0956310184245965
1.0173196630499124
1.2287008229955214
1.1767967632639638
1.382383098071762
1.202448202859337
1.1061876296316608
1.1824196011716506
1.2064964692426492
1.1229412682019757
1.1248565345649484
1.1397020683375272
1.1205733405493028
1.3411986357614902
1.1213740887030494
1.1200966444232912
1.210308297794439
1.1508024973822717
1.2060721860745052
1.1158360189949597
1.1110194438076881
1.2278536162361582
1.344781517329682
1.378443279530821
1.4660206511764498
1.798533660113279
1.0965658186492944
1.384707584650557
1.3542371501843016
1.193968220100311
1.1303250326715115
1.4044446833458795
1.166359444757853
1.2478864103639449
1.2838799243262142
1.2379104296722414
1.3509562555892263
1.188967612935636
1.2312835441903225
1.1271956700474335
1.1407396410588333
1.1266373223094768
1.1108922238778143
1.2467724655000476
1.1211853457623013
1.0979116394221935
1.1483527302731555
1.1546603227495635
1.0918052458425043
1.2257842416386195
1.0295003345743352
1.1207303540233065
1.0658162349046776
1.112987256090833
1.2859881725323983
1.0912951659543002
1.130922638084469
1.2270049464214232
1.107318398499789
1.22401038866726
1.4075262271310132
1.1380774869731478
1.0744027924941484
1.3268432035336495
1.530314591824707
1.1875148190269793
1.1591923139551699
1.3972996986409545
1.272495085242837
1.2465197456178192
1.289188938918934
1.2703020636093598
1.2923900038754756
1.283327836969471
1.2474467653439303
1.3955026788800886
1.292930275814617
1.2983586311634774
1.3860179037594214
1.5050133676673558
1.3567667496465547
1.1596013261013607
1.6115274890446343
1.2197863882644229
1.1448207589304964
1.1487113480379028
1.3109753977831153
1.1272317945959522
1.2785640082082665
1.1800060184652699
1.2938831306244813
1.2309660114301209
1.341324493548041
1.413027782622025
1.1446144971041678
1.3207459631153027
1.1199111948838534
1.1222003304848036
1.0802038368813802
1.2670047971362508
1.1252497856999857
1.2466090467763196
1.221573241853805
1.1674013412743187
1.2174981195669508
1.1692163431583236
1.194773819462331
1.1279647958367536
1.1265080181807767
1.100521809391982
1.319907806189029
1.1419954311028542
1.3471035046175015
1.1604109543322811
1.255697946371823
1.1715229504333766
1.213463359343209
1.0664252524976692
1.0438471850123274
1.2339342374235067
1.2832729723740026
1.187561454951782
1.1486884116837186
1.18983792278678
1.2824022091755147
1.1004129257687683
1.1829628466536566
1.3242968400158535
1.0764695826964636
1.3487553378453057
1.267896741757697
1.1305232917685146
1.3380662692029963
1.2338641456929835
1.122046833662441
1.0937618959364794
1.0614661106705154
1.4972317165560147
1.314148470190268
1.2781926819400742
1.3087939908435913
1.231645079421567
1.2893282611470749
1.2399067336988348
1.3944874645314524
1.2504439679234396
1.2783513658462768
1.1112357136410707
1.176542565670996
1.4586992993636243
1.3694357318235182
1.4489067709459045
1.4453414601165773
1.3115012743711911
1.4256376494557432
1.4025652419750154
1.3105000727074638
1.3049027881352113
1.2333499553557
1.3578477136313165
1.3256158915146823
1.1912394269448514
1.1119709698992197
1.1718904411406745
1.1066899769360043
1.1067276765495242
1.1097605002043218
1.2288937035619258
1.1758209925352412
1.0783112099008656
1.2550206241441864
1.308245340148563
1.2032552072623948
1.3026495065063954
1.2092010832942461
1.1283131378111855
1.0813163272620612
1.1760717819571436
1.1264279342459425
1.214777698157867
1.105605110238532
1.3244254007511016
1.1579948056640452
1.0814090819922497
1.059625601310259
1.067722032226887
1.257247005275113
1.165534629244066
1.17145253660425
1.1029517246401699
1.1743193134099301
1.2281883171156762
1.2411272175920112
1.1056584789955055
1.2109243139982862
1.8837846347607052
1.3231091813627938
1.1725274533281167
1.252298374606042
1.1972053978647386
1.1006090347461197
1.0898022327964312
1.0900115693180483
1.4010146213051826
1.2058116898532834
1.2115446882770762
1.2427528176970308
1.029413553424353
1.2078939098298431
1.1590049768776352
1.1790323592169623
1.0765596814552953
1.3345315940167566
1.3456175941570445
1.0416027490542636
1.0405397965448768
1.249915297361014
1.154011706156959
1.1551245886265455
1.2770173462879741
1.1934333482869741
1.2451724010093645
1.190762432365415
1.9007775387887775
1.0980543040217847
1.323337940653399
1.1506646519013686
1.1785802977936042
1.1683061560106935
1.1434719178862685
1.2177582675507181
1.2251149093483187
1.16004105545543
1.217152557362081
1.3197149611310437
1.064379554341209
1.2380030429969138
1.487180902904317
1.1824217517399809
1.1462596164115006
1.2894029004508147
1.3333333333333333
1.0996932626556346
1.0500995887236502
1.4896949128574963
1.2032342557563238
1.3412708322964877
1.3317287946602507
1.5241108250542743
1.293876383601364
1.0767724044461944
1.1312833342919348
1.056047723761665
1.2513908536897806
1.0688653210336891
1.2213421003678455
1.2261482391832108
1.0145587306035107
1.0783233689241707
1.1607694766148398
1.066327933728073
1.1942783799798349
1.2541436032173978
1.2196282229517779
1.2784289819891776
1.1613931978034435
1.2736217544864765
1.1170640868111166
1.2810172740011898
1.1364361266074077
1.0714580434936996
1.2163721924452462
1.3006694923417783
1.5993176467213817
1.3701778956115815
1.145031846074877
1.2401818649804264
1.3049153295804419
1.3438861817648473
1.2106815760299658
1.152357557251633
1.192431383112128
1.4142206214682784
1.220591705773885
1.1355700489847584
1.1411330160220665
1.2458218274766784
1.207878730052023
1.2138238155005743
1.1826171951571118
1.1508154235052042
1.1296590791702388
1.2726097852352065
1.105289908072476
1.2807100112061225
1.12386932815227
1.1366681349514038
1.0473088013535947
1.039202367359473
1.1792937457151136
1.1643854847946737
1.1164498768295015
1.2581737590488717
1.1730212374786022
1.234244108671003
1.289092406582241
1.097504063946407
1.153187308948185
1.0678350620040304
1.2945913223714802
1.2020638202139773
1.3644350951912085
1.1004407312801179
1.1838670466290684
1.103248067204509
1.1715644358825235
1.0685457536272958
1.0631781792064474
1.0913146108676306
1.1038158179135507
1.2547308581979633
1.2234010451881936
1.4603801037456439
1.2006710892635022
1.337338137650313
1.3686120940234527
1.6692772701478527
1.2906335037429892
1.4031142570470692
1.333302299319568
1.2425257455907641
1.1316015233863936
1.1025454190488675
1.287274329823579
1.2599531246933104
1.1949770876672052
1.0290264614059579
1.089151867504088
1.175255718823623
1.0398579268756794
1.244257086189558
1.249170744638758
1.0145426698413718
1.1164550540963167
1.0931250518678317
1.1951626019036135
1.1019496325790692
1.3344098480988156
1.1556965474326883
1.108074558305212
1.3111676800622216
1.2348000505931154
1.0784882650846923
1.068250395057807
1.0791078155415461
1.3354270529122318
1.3450574428907531
1.0514017273371379
1.315083280335048
1.2076536981376726
1.0903259425155338
1.0488517948147773
1.1439534519893033
1.4572001810221669
1.2116506940209653
1.024220637523036
1.1877109201849818
1.2401030888389017
1.283418505198971
1.1703768963424295
1.7819390968620643
1.0832091952878384
1.1518444354675377
1.094644818370638
1.289567439562656
1.1668388375489898
1.2248104877535855
1.341124534353072
1.1951165904962442
1.1169630032405418
1.1863371190236187
1.0933901531096235
1.2701608877625465
1.2287446433216382
1.273091249855171
1.213230965973197
1.3151055664172315
1.2219302538635297
1.5594705644756282
1.3357404520972878
1.2534818907622816
1.1462206682574339
1.3062041049430329
1.470130019698243
1.540772427561926
1.0521002884148603
1.110140015258249
1.1769718964117266
1.2770881982736464
1.1669982051716448
1.3932173195667008
1.28392049089559
1.087331784769305
1.107081045790803
1.3321170553434822
1.1053433365709648
1.1033034551373742
1.191316753767637
1.0745541739504223
1.252007199727186
1.261568929499313
1.1728496658393763
1.099042596125368
1.307091053135644
1.1752296823422874
1.093608868924884
1.1208378456014183
1.257190495655433
1.020681320627793
1.0735564054067743
1.1706880433612428
1.077618801511624
1.158722059274524
1.243733740990287
1.052826818988341
1.050261885527849
1.2338110236479172
1.0779061847300844
1.1265508251344605
1.262565823350322
1.0847007619562345
1.3866609608005542
1.2475821765221555
1.017425205839049
1.2646391567306403
1.5857420307440637
1.389113966271129
1.1165982215665566
1.1085646674184293
1.4458386045965574
1.1469913446456426
1.1099647320356005
1.137617730284785
1.3144308887034162
1.2703066458471892
1.2226051729766552
1.151209120949094
1.13608590271599
1.2113354720264244
1.1028256074134595
1.2410231808666488
1.076189904584061
1.2214350025988396
1.0046225249661518
1.293569793680489
1.2652727835131266
1.2710882944771817
1.1331844166007825
1.1601714307809332
1.1733188723631796
1.1022368737244925
1.4903233291606417
1.0240008055011633
1.3297977585798788
1.0852856939929383
1.4912076338562845
1.1749265768387345
1.1010677657455732
1.1671851224593826
1.0354968759929335
1.0882431126009686
1.0630071464432846
1.2290299701953002
1.2348626471632103
1.1834074785384425
1.2249789120826955
1.1493820979876574
1.0628056006754532
1.2378958061719645
1.145929049635939
1.0388786884885974
1.0930170833550152
1.0646315366630132
1.11694258546586
1.0543700260692777
1.1450036464426452
1.1385749696657008
1.0845427059207382
1.1666923091235428
1.3773646764661678
1.0880008918269413
1.369314035127101
1.4916292166791474
1.2902626302147013
1.346008407328596
1.4390805503163977
1.1212511668772251
1.2025978148621292
1.2881924011500983
1.163196964948412
1.3493524818979044
1.3132997342029935
1.3844478092274106
1.1308910729851558
1.1009768031579141
1.202045488169346
1.3221151462928515
1.117871118209452
1.3012190494440148
1.3215456272557546
1.0642752528585895
1.1688698667244553
1.0859501942091208
1.262433267782817
1.1183887060278257
1.3142557117422886
1.7106784943217082
1.4571655434272293
1.2130792911936967
1.1504202107150285
1.3707090783906406
1.1582879972140157
1.2048563656080482
1.2864683542548954
1.363929978906535
1.1672260481644423
1.2557445094651833
1.2754834207395707
1.1535996470244838
1.2380146590624013
1.1526358537940196
1.220519427186271
1.2500864839334602
1.100252360217548
1.1007426249939747
1.0710601008481246
1.0787841913328862
1.3138972405019038
1.149148897753526
1.1945074879610615
1.089627132896686
1.1742959929199976
1.1295883405789298
1.1044777935319374
1.15882458797138
1.0626225696394893
1.2302812364739706
1.0216347593040354
1.170626969322229
1.3123946977544485
1.0750934782209598
1.1966667336010757
1.4800696559583923
1.074955823678197
1.1338423674096527
1.1824638444001356
1.2110627098631126
1.0948614754156
1.3230866392535214
1.3350921790244568
1.2832292470806823
1.4309877512287168
1.3590862919024962
1.2765897578480183
1.2054384384897334
1.2465372417769194
1.3989068576275232
1.248632446851228
1.4647263845209484
1.30591977268625
1.2749133093674079
1.1148148761160739
1.3172060063825737
1.1258261967140617
1.1443336204107282
1.3306508425215
1.198590889108834
1.1945211667605096
1.2210827868379386
1.1972196388732683
1.213836377437549
1.1294505700988735
1.266474870436775
1.1562649653581802
1.1290963622992118
1.4566914959225241
1.3193523468144563
1.212042970973161
1.2454443236236954
1.2940792834327142
1.1947275536386244
1.2903140128686261
1.2792488768638963
1.394446194318622
1.179202261307318
1.2155896427935202
1.261736088612535
1.2828635849142973
1.1368116167262996
1.240331726491468
1.159231012158356
1.262302815302658
1.0951452679283449
1.2067383052813896
1.1994471772717739
1.1683466338779664
1.0676935018530662
1.260256697645225
1.1413340952927384
1.2294866240638562
1.2913574039383464
1.2670912099115397
1.1853371696910096
1.0941964911830744
1.4651578865228299
1.2190083253030064
1.1320498453659888
1.2422151975550455
1.19691494405999
1.375953520007969
1.1369236548987474
1.1699833342458739
1.1649426126929765
1.2620881364318297
1.25518592732114
1.172232662503935
1.2399260214940937
1.1947229920340998
1.209956903227683
1.2932680755267036
1.2512687082404135
1.3757427589596165
1.15698105115459
1.4355568284662832
1.2318405459755128
1.516978178393046
1.0804134259654885
1.0901374678916689
1.1393032776403624
1.1644041149131519
1.1171025886555421
1.1783495012323753
1.1244519814595377
1.0635246587572857
1.159554138340934
1.0277218570601714
1.5294886333704376
1.1205645241889997
1.2043786173532303
1.1152647892569474
1.400893932468796
1.3685091800408669
1.2639922372278225
1.0938240975684068
1.1170276989158825
1.1461718058838184
1.1356789075672666
1.1064012809075645
1.1905162900125106
1.3186832961096673
1.116292801434199
1.105330859506323
1.2102028760706305
1.219093184679326
1.5545643001379412
1.1617088806656586
1.1914432422323717
1.397364282494677
1.2547694529643674
1.0969408293691663
1.135770386992809
1.1704187769295538
1.2938265408058731
1.1191519933569491
1.2912205180042993
1.13948093593519
1.2656451648114613
1.2781883952678013
1.731546099721313
1.6029028546502357
1.290753921274701
1.2169684685183622
1.56532398912496
1.2215764786393344
1.3446084519833148
1.2165610092103956
1.6439350799730101
1.2583217709448735
1.3078075140400418
1.3904652883310982
1.2556762930834888
1.504262380945502
1.1325320610979277
1.5228960848911317
1.3203423055554857
1.4359325766161042
1.5382553075597558
1.364100288738744
1.4504875150091592
1.1960399852213777
1.2057874185743285
1.7626660287933975
1.261704468672592
1.2190198934553929
1.0945004408239312
1.084873291968666
1.2875001096351906
1.450277841795975
1.3768858654802105
1.275542154726162
1.3595541290020154
1.2429876928662038
1.3264655129505087
1.3896838397187496
1.1595793121437559
1.0885828885661704
1.1371308798643973
1.079866786344283
1.2110639258476932
1.1641169549402384
1.476188415274909
1.074208123322484
1.10415302601828
1.1006449370008706
1.2314616031473982
1.0347404267848532
1.0858830058571742
1.0487755058197272
1.2523776280865262
1.0948580621397566
1.1761546666188656
1.1730978490637527
1.0783622134491637
1.4014885146526146
1.1174322466600426
1.501385941010108
1.1391061762024548
1.2920922434518176
1.3198251652477329
1.0665351052785648
1.1422757277793245
1.2378820391996102
1.2063018414540634
1.3308718300649522
1.041651313772666
1.1601960161915854
1.1113570548020222
1.2257023236249955
1.25840612749866
1.0954657910778989
1.2413023460670864
1.61460858771042
1.2727963674480753
1.3405201052457565
1.203487403700456
1.1252818557871682
1.118150757879131
1.4538873278657745
1.201507409382231
1.374314112762732
1.3106110005937706
1.4314543190032316
1.4299539499314136
1.224652046718948
1.281857729595999
1.3858797546098875
1.3312943890399462
1.5382542037485327
1.5411458052212268
1.322911139708098
1.3139859296338507
1.0812970373448558
1.074820494200844
1.3935588039420945
1.1419238629361408
1.2455951046403304
1.0570363209747904
1.3942234807172642
1.2000801207452787
1.2188343863735445
1.0307560629000074
1.0874919213816063
1.1704237504378376
1.0629225136393132
1.1598092595412195
1.0516472228620546
1.203077357414474
1.218339906418265
1.1503962929409843
1.1100417357060113
1.1893359300648008
1.1629762075144683
1.099401679382468
1.1738537266145832
1.1765721643598677
1.1837190985552928
1.2722269024106714
1.238001033910457
1.1559474919244983
1.4612904591439289
1.2038271565413408
1.1584126385778137
1.2385585234987695
1.1715323797342727
1.392073561377605
1.2202798051611958
1.3631725054091421
1.227814504008449
1.3601647232096739
1.2864036920042101
1.3849378652469309
1.4496780033109102
1.2469920650997943
1.2053872337298546
1.2448945738918584
1.1905744397296933
1.1699822090162741
1.2277915028109472
1.3765985019566735
1.0343742285042166
1.1849764890370194
1.2940158613716068
1.062964412508339
1.2596237922330666
1.142978008177291
1.0794856908432466
1.118601522617266
1.1611142847363738
1.0996779381103752
1.1891689309169726
1.3529611988384267
1.2124672197575452
1.4158543966444486
1.116234438366956
1.108205654669545
1.1379860456950612
1.1208969989503144
1.4073455235101326
1.3367506275945975
1.3917650172779397
1.173813081526222
1.3119156960783134
1.2530575971512488
1.2752988148756184
1.4822843441331137
1.270330307606043
1.2454021971197413
1.320128146041642
1.3689411349711524
1.2337985552685193
1.360235687538409
1.1068034512254268
1.188125986245712
1.072429552249806
1.541436856833879
1.2434638961409126
1.096208439275075
1.1933785797075669
1.217929457067189
1.1364091315884535
1.612937666134289
1.0876275521758672
1.214241053995819
1.321918592353972
1.3402237321035042
1.2401848289603927
1.2214522492647237
1.283496613119479
1.3769369160566076
1.1240911062230932
1.5071648791792054
1.2915740722525801
1.3049163887419484
1.3315877188683103
1.067523495295173
1.2364710833601233
1.217393367317431
1.1354331149571049
1.1935754409125292
1.1530647743381206
1.1754921724757845
1.0330360489275003
1.0705025015128704
1.2169828031919399
1.0943692054912575
1.6677751547942041
1.293918619310798
1.2168845567997522
1.3319222877640378
1.2610055508324707
1.1987828275810604
1.2724779408803093
1.3070441997109081
1.1620869098605444
1.3709601539916063
1.258506784471488
1.1600523647794843
1.1618816268416514
1.0744309210858551
1.277704238425613
1.1992386093232237
1.2702339703403471
1.2288504423976854
1.2128807546681841
1.1448946480884903
1.191636141126793
1.1661648214479583
1.156983979695278
1.0756686831986297
1.21137084525744
1.202747461452359
1.172910930862328
1.1459915316169305
1.577481185405465
1.245849318579212
1.4689695818148854
1.162950574355129
1.157014003910093
1.2707388566940334
1.1554958984724273
1.228268894656168
1.2237617619647945
1.074557171105814
1.093342701539096
1.1057938143114876
1.2086652113293133
1.203853693145263
1.2936379116606798
1.1947761365770444
1.607720789313712
1.071870770841627
1.1752532767775552
1.212191119387994
1.1143857492829123
1.1274615629953306
1.2618328512245454
1.3592029684133855
1.2224357115519715
1.1418783889202293
1.262906060079775
1.3433838912709644
1.2238250316289552
1.1425676299968281
1.0732714840207935
1.1407390898431995
1.1692273079511524
1.2672993871643385
1.1066806809764842
1.2034399760525794
1.1889006559312225
1.0502149358952453
1.0964822000317418
1.2906684646792548
1.1908485799061383
1.2777822616484482
1.1265324072780043
1.098564356186329
1.3871581839480656
1.1252152278147727
1.2166844485440005
1.2086817630141482
1.1475927488680877
1.2006733771185552
1.2782125285713506
1.2559551950247958
1.2332215319468862
1.5140550197678653
1.3131101308712985
1.1850033566327964
1.2985710433268627
1.1695951760884813
1.223828918550064
1.231154174275246
1.1512909948077645
1.0725985166718084
1.100297529669098
1.1976608418959442
1.2728064072657836
1.2957133415487425
1.4064535333762527
1.430100029107741
1.0572018142588175
1.064598342933651
1.2486505210229453
1.0898042304580406
1.0962879733166109
1.0220095672755245
1.154035109837153
1.1182315108113416
1.133153738668179
1.1790913562648606
1.0853466209964897
1.2563132748451533
1.2568492674271745
1.1825828705042267
1.197226862165291
1.3892296309745356
1.3258699690782052
1.0869145765898491
1.2008613709502283
1.315384024904527
1.128582165119727
1.1513670096965019
1.0913998902083115
1.1982812133357137
1.0960673957368836
1.289876247330314
1.1686269276386088
1.1354896165267345
1.1647151143601755
1.1904863550392155
1.1094654881975485
1.13393086012564
1.0533120827468172
1.0741377904723348
1.1149776281811612
1.1083849924791702
1.1545750679158093
1.2266476668097896
1.197352027591089
1.4410096182545011
1.0450109291702059
1.1351977909528264
1.1738500042386277
1.239755362275911
1.0639822247876136
1.1793494238534385
1.1616044901444398
1.1139330130201663
1.294323901024039
1.1743353970112904
1.120974498542094
1.240036474878387
1.2627054025300637
1.1175426518232556
1.1702915621312069
1.0321000909996965
1.1003656606233154
1.506713420555394
1.5531618828907057
1.2768773913619242
1.1563676062736907
1.2468168405418858
1.4763534930562168
1.250982744064037
1.377184623167585
1.1454846130420835
1.2098492994690297
1.423158930105883
1.1909490347211802
1.195802268633364
1.2923798079255548
1.206362325383183
1.1565809059996053
1.4705040830451792
1.1493457316235889
1.2348644603841241
1.3798673666369512
1.297713387574411
1.2248641023327989
1.2838136412441403
1.114653176089327
1.3224791487363299
1.3055017427229016
1.1107427852989469
1.2907256985258386
1.162594080986702
1.2606363740660314
1.1719413573942012
1.2560951886495002
1.3022840803826896
1.0914999382330637
1.1810036796355983
1.146282471016316
1.1294018131482768
1.1217159393000748
1.3684616309086766
1.352710055131828
1.208719629404254
1.2685429371410493
1.2585886527632333
1.285940152167358
1.0710802665698942
1.1056055488799
1.154178370336199
1.0467307427211243
1.1007817657003547
1.2191954401277338
1.0866550589285926
1.4360842590185396
1.1484236172966433
1.0485708470190749
1.2226594315491248
1.1375213833019362
1.2780403231209425
1.4285554411816699
1.2594381781078403
1.2272916906180884
2.0247200988086966
1.4509632838904432
1.0406714946611972
1.5610266835876405
1.1161464539196653
1.299703316031085
1.1925898661644292
1.063189889674282
1.1351715873093282
1.1098330767000553
1.2172409795484145
1.1077814738816787
1.1900137697844468
1.4229563521877875
1.0938670403970285
1.2140980679312423
1.170807618569623
1.2537783848410202
1.379646367264067
1.5233278406017141
1.2791203168825187
1.3169355655704904
1.362829091118181
1.3939591241819063
1.2701929789423603
1.4092078958401126
1.2766464914832074
1.388208508501783
1.3732326266461847
1.288078945393537
1.2158342557131128
1.4181998965801992
1.1790355365100416
1.2160741317797064
1.2378604917964617
1.1841767012011006
1.1481454561507847
1.3207007596096607
1.2962647287228568
1.125454323909481
1.1378494456555834
1.094073091853876
1.3082302610090122
1.2161993747882107
1.2402312233882642
1.076649923781666
1.2100389312580195
1.106183646494786
1.4373973326998577
1.1127825896644816
1.1915472759114605
1.2652497708253008
1.209491700880688
1.1518032601763162
1.232872110288645
1.2601019637077522
1.275966753553527
1.2052370527004614
1.3256055806995701
1.5140979476638263
1.125580346069865
1.1794354043042077
1.1816098738256813
1.727044471057567
1.2295680208294073
1.3341007522094177
1.3037467038254522
1.1776059248483974
1.1252353730013163
1.1752406896935599
1.4250600230402342
1.1337865833739103
1.2206972504712947
1.1368451378645539
1.1817741381628855
1.3469207154890648
1.166059941897655
1.099077128395468
1.1852382951708138
1.1396449489458187
1.1371160312506963
1.227981963060457
1.4936595617021595
1.2254140035738446
1.2170287766044923
1.1449420060365354
1.116789434581144
1.2765893134956912
1.4151854714064918
1.121993286467249
1.3844898562111878
1.1538952537580462
1.1266899629849987
1.2133317437806046
1.5581545063507873
1.1354718353257796
1.1586974984554457
1.3472538219345507
1.1294058159990668
1.094986578591086
1.1280658786781668
1.2701839822993448
1.1065841056528996
1.1357449330153035
1.1331051418767764
1.1042046595989503
1.2370650617132946
1.4712963299196047
1.1417527688205305
1.2366082050374334
1.1507871870158934
1.1803861382367005
1.4003367885639462
1.195261950559913
1.2719724381582789
1.061773396082322
1.5211122813837834
1.0672590003151083
1.1992151562614655
1.1597540534429978
1.2306450112377278
1.3534357616122599
1.4244087024967675
1.2154248811081452
1.376801649120202
1.260007193911195
1.3941689299864723
1.1386942213582223
1.1050698345555579
1.3537294664895447
1.1230245249146427
1.1464011329796042
1.260378487483452
1.1616765452198476
1.0835791444000968
1.208887267599744
1.0903859321280747
1.2623375161416064
1.1202628672909478
1.1594734244559888
1.228768860287327
1.1939570231985985
1.2863058340328937
1.140237390844628
1.0574985447811351
1.137883647872492
1.1330364184281299
1.3644518471492904
1.2540839167274362
1.106561262001985
1.2189112124071608
1.2058199705335106
1.272766417426788
1.2046183846881595
1.1177753932397136
1.0569286250530594
1.2640449122812325
1.1975670183034817
1.1141624742373417
1.3639754023254542
1.2270965738847788
1.2790994498175459
1.0224771865385573
1.0560168415345648
1.2306944065356666
1.3967694345349286
1.0929734169678404
1.057330376017028
1.2785736859257164
1.190282162867999
1.0867743443050726
1.0956892873826798
1.1000571351416402
1.0707035444601056
1.1041313289575763
1.0274382294185669
1.026185191404316
1.119664309680426
1.1144802044603654
1.3038902364523075
1.5308959685539845
1.1642823858191191
1.0973239352656616
1.201504256737503
1.1794176175294178
1.3575997016654526
1.6157131317908624
1.1358421251760589
1.1286293454810488
1.1540726765957021
1.093806353958523
1.2560752471632128
1.2779809862033507
1.1540463646406138
1.2631936590385549
1.0921035087071223
1.2134227344831163
1.1657667454785678
1.2156006769022192
1.1254553067148523
1.2411319396620162
1.3007084046934556
1.2058869725694894
1.3691795548503816
1.748579259571082
1.244910453996597
1.5094171159240475
1.4237098839081601
1.2500249529602923
1.1812943495862775
1.1673389937506033
1.1310708699212337
1.2863080728345475
1.278924095740518
1.167047722639022
1.3238504607130326
1.2865709826250609
1.253761472844342
1.304276115417956
1.1907727492174738
1.1061082531738173
1.0642874137119023
1.078422892239643
1.2052880851479792
1.0395156268877508
1.1012051492232502
1.094013770573976
1.0619097952645264
1.0600441305286572
1.1946377812378668
1.0854154988585998
1.129609896711318
1.5008734017648115
1.0917388477788759
1.134842849910973
1.2485715918521545
1.0986271474679714
1.3440273381889878
1.1731640768575906
1.2238361329596683
1.074569455277957
1.0825415639382483
1.1164705677123985
1.8343149230724487
1.1367667678941062
1.3423785417523622
1.3736236407182554
1.0761015454330707
1.0116984712247261
1.0716915914394396
1.2774730412426827
1.2265341992425811
1.3477575678041842
1.1139450121931673
1.1697874691813261
1.2161702986898646
1.4807079897802562
1.201700882816369
1.2140506330831098
1.0858372707020323
1.2435982693341359
1.1942946224632112
1.1904321455383553
1.1948134229121263
1.1130092156790214
1.1468519388960763
1.152051472056951
1.3134622581073199
1.2786149885539055
1.181030639669383
1.2450132216900636
1.2329345243233418
1.1558873143221118
1.2152423124744343
1.14654109913803
1.3051427042234942
1.2045150078053595
1.1296919915068167
1.3372700866893914
1.1486254385332222
1.47532317027152
1.1526534703939066
1.0175916173508388
1.3674781020711924
1.1848215662990773
1.038575206118047
1.1613273522163006
1.1257417152052298
1.286505684822701
1.0767496256034599
1.3857254921308764
1.3079103395104696
1.1830615219425207
1.291626821664496
1.181692330132292
1.3245983183062993
1.333292225471553
1.1338947392468208
1.2013613269788441
1.090155332456649
1.322988621089234
1.7660694765543217
1.5672834144126389
1.0673783040166014
1.3786106966583769
1.623645843306469
1.180094015515161
1.1574813474090382
1.1821658785017124
1.2411087775166698
1.1454610143882569
1.2282678050463889
1.3831065165866974
1.4276107160603728
1.257216894218594
1.2785515566738022
1.3122077384368311
1.2255986666520282
1.1805902006635367
1.0668028785343358
1.0950662928064039
1.1446468009176236
1.1063955601309032
1.2317598386487516
1.1508050778848418
1.2756245045397883
1.2981239992374776
1.0906543513758373
1.29210549982772
1.2683265640133465
1.083296362359065
1.258687196546323
1.21107248524112
1.3758482815859652
1.23800201652154
1.1053697407695113
1.0632619481963292
1.2356337965136452
1.0826938628869702
1.1893980603605008
1.299646621131618
1.0341452865241414
1.1116736472734292
1.1180851343164453
1.1170354260206616
1.0470105526435702
1.1127164130077183
1.0826930241082677
1.0690830588583735
1.2931852896181841
1.04864191547939
1.2342851198194318
1.247874859253624
1.2890883723594466
1.3456136492902295
1.2619444712375725
1.8381021609897392
1.255430069258197
1.1205304831985672
1.1487621120980056
1.2012496812768645
1.2943488801433363
1.1934806660211486
1.2951208059975037
1.2092699331303443
1.2506295264992415
1.2326454877710313
1.113951361441572
1.162167642232076
1.3385692841611907
1.2779534836071702
1.2191688986510074
1.3965285182077867
1.3137053539226526
1.361663136334979
1.2483975643730976
1.2766638228150404
1.1128522871815008
1.2646137685186996
1.2426845288296835
1.6926837393899012
1.0872690051505367
1.1742986092967902
1.128940151317271
1.1200021087324403
1.0333397739227936
1.096152861147689
1.1473043224357615
1.1725336680386582
1.2528398430457335
1.2140135987143028
1.2308711867904263
1.25881671028686
1.2942127335926765
1.5661028708978197
1.2756118358744044
1.3484184432843147
1.2139089403747974
1.2196917347541545
1.2221947151436385
1.0254319489761499
1.0488755581598608
1.1659917360193963
1.319693542488655
1.1735884774400667
1.1269214120352509
1.0837081015260388
1.1046437591869045
1.1617270780368998
1.2356293538005325
1.2466460631862335
1.0873672790267035
1.1253779209281567
1.0891091295713111
1.070775853716736
1.2621061613962694
1.1932278613492617
1.0563078525079888
1.2629093033789447
1.3084597284202124
1.1075413762949586
1.2993648554236157
1.1706868515974005
1.0561362404520815
1.130010351298203
1.0936579940914843
1.1502894308766982
1.6165710071123234
1.4069310625647224
1.3010446841526087
1.1790552878266898
1.4454278035864336
1.1525323503014615
1.3916928680594303
1.2533938175286332
1.3657280697319754
1.4501718447360796
1.4115749919053253
1.2951511258485096
1.2887400757721055
1.2114949189250068
1.2403356169580573
1.2930957899133357
1.4143665915239734
1.255538044973889
1.3727027800982823
1.2810932644069566
1.177643339787093
1.5355484084283515
1.4625520904588152
1.1957851861591708
1.1003000715477131
1.0782455360169738
1.1386764849990494
1.5781948033300663
1.4162841534851336
1.404560058230455
1.4028644825629413
1.2476404951750233
1.273501957792083
1.2147659254043077
1.3078422815989303
1.28166132155483
1.2292562576722346
1.427748838190847
1.3880707136557513
1.2417266273789693
1.3806996427937253
1.0896579318891633
1.1324266301012924
1.2561631250994545
1.523831633622505
1.388233379834226
1.0738836610191531
1.0660989109520198
1.058526468727402
1.0413945732148786
1.2169021242481592
1.125704518660729
1.0956935157976857
1.183636693345658
1.1849879651595852
1.1774953676636717
1.2330349989379086
1.04437990721987
1.1508448870932206
1.1885965064497772
1.1530391058774776
1.2477162276535012
1.13201265926645
1.1106115050468035
1.1685592627452022
1.055459400211998
1.1190629983056373
1.169944549378801
1.2570829445940441
1.2497869541997322
1.2950649178125762
1.0964437949359187
1.130346109113114
1.21729864538488
1.2226174594037595
1.283169234034375
1.207134610246987
1.011843127197197
1.2086310760926202
1.1280633262100357
1.3415873019575564
1.1880948191651584
1.3117313498772665
1.256763176515687
1.2643034612134147
1.3798874140312982
1.2600593115026555
1.2244562988709307
1.235710387283875
1.2964389502615916
1.3022320357941723
1.2817356025503026
1.1836255280061727
1.0782314377480606
1.2019248759235779
1.0442651256137359
1.1492978599905677
1.021035701957986
