1.036059589015289
1.0600138841803637
1.0457378050799246
1.039388584357589
1.0393379302603318
1.0402155894981109
1.0620290767907776
1.0530167584977286
1.0384963931695952
1.0352022701400285
1.038552442352969
1.033526552258829
1.0709123993639613
1.0578138506926924
1.0400146441866949
1.0573804971395788
1.0271856175449705
1.0702787748912057
1.0379048513825397
1.039498885205139
1.0706509553497754
1.0665483069259556
1.0398706879826731
1.052777367618981
1.0510972606830515
1.0511545518580165
1.037870832482904
1.0420429490471879
1.0379890721504403
1.0458429923528598
1.0586177261880076
1.063194577173637
1.056412970878645
1.0550016965260387
1.0440871958180846
1.0578327155548162
1.04218170695361
1.0748945967326464
1.0464530671147436
1.0711882585495427
1.04339387040767
1.0559982637088947
1.0537274800927345
1.0601903972546591
1.0745669503858502
1.0386776945869742
1.0692660147269202
1.0509504890812233
1.0929008655073236
1.046016168789141
1.0435490858396268
1.0458669966029854
1.084041590510044
1.051867372680017
1.0628417508915657
1.0478499869977869
1.0626084334806616
1.049205440505554
1.0404229292419958
1.0440594595682817
1.0569757176267778
1.0369452800249586
1.0640159823331818
1.0825183412448156
1.0299726328265528
1.0536220458285777
1.036261021996206
1.0270000783514546
1.0546999675417046
1.036641081618056
1.0503117743396642
1.0703266094670112
1.0475651372196015
1.0399716006399684
1.0578792012855411
1.066130231555094
1.0531741751464085
1.0228675548719428
1.0213289853401928
1.0496188638605335
1.0673314743458548
1.043684552846737
1.024947674001955
1.0534122227865783
1.0384529156727322
1.0309894883897734
1.0518776154664808
1.0586769144491925
1.0383831197810391
1.0325075329488702
1.0393407720840737
1.0433758242601714
1.0574661220682318
1.0461735715043665
1.0488657262460317
1.0549120950157496
1.0335245184328343
1.0167325045625109
1.0385596111370787
1.026548251208778
1.0404138019704863
1.0702668201275236
1.0516371768948691
1.0253203373625206
1.0584303677513407
1.022666768579158
1.04109645877106
1.0345122277203023
1.0474363150850914
1.0769767503971301
1.0553816688701274
1.0521813605430692
1.025978639941982
1.0530282977521577
1.0541622758229852
1.060546055299393
1.032584228144247
1.036850986941158
1.0722669926384196
1.0406573451786343
1.0551436905428586
1.0641691011874106
1.036629294743179
1.046946832092425
1.0637684880690959
1.0631181692785892
1.0598032856780963
1.0264209209790296
1.04681850519614
1.0526145731823837
1.0251041654739241
1.0447965275074902
1.0483426287803996
1.0315330934970013
1.0233574062020978
1.054643783262986
1.0250658434018778
1.035669720616824
1.0744224354059124
1.0416363004047244
1.0437373093797553
1.0624907087785656
1.018512973023003
1.059779023093114
1.0569717918297934
1.0352037200332245
1.0591607900380782
1.0598713429491915
1.0307537282955255
1.049090209048289
1.1127724847495202
1.0516943072847846
1.0236605635265255
1.0744145518303583
1.0522513032278349
1.0612959195873655
1.039264838479219
1.037606024445534
1.0522049971151133
1.0321382043316079
1.026335684386511
1.0445286255798405
1.0320636211437424
1.0757106275895025
1.0702985991636018
1.0540034309707005
1.0688798267297779
1.0656256182676538
1.0502484807087453
1.0499673103785945
1.0333712003094488
1.0380178398468554
1.0903561501483388
1.0324695611478332
1.0622417442754384
1.053840751203509
1.0655861979547576
1.0522322286439836
1.071242465621398
1.0763602773911431
1.0460043640590067
1.0586121077330912
1.0732161403718385
1.0399887267314685
1.0737649267431577
1.0359078668596209
1.0353554584325053
1.0564029002910635
1.0500427845038693
1.0394907081646798
1.0645556810847039
1.0563030878688076
1.0408807506734459
1.0516413756794636
1.0380145046523526
1.039577070044841
1.0538669799238118
1.0612101042462156
1.0262920259545127
1.0298824904750146
1.067906875105617
1.0367111246097227
1.0417887006313156
1.0528895425148181
1.0475085267761188
1.0548044948807753
1.069590441883478
1.0440272697896678
1.0663329118057643
1.035700138784526
1.0527714093745166
1.0631966969828313
1.0344236613121511
1.0589998240474023
1.059796329114121
1.0336430652116504
1.0436512432062992
1.0494289048354986
1.0605438323788856
1.024092849586657
1.0229537998154747
1.0661977105235485
1.0384711224288525
1.0504042817056347
1.038163574472051
1.0355845779950763
1.036246507142272
1.0043507306764754
1.0468618341360538
1.042119584595428
1.0462538487485586
1.052327151468153
1.0512743412732968
1.0371807041390537
1.0340556583553213
1.0477972754507832
1.0464727113365526
1.027458321148942
1.0599263829086727
1.040207981104129
1.0609748838703579
1.0370248285117012
1.031402174610286
1.0414056603035313
1.067051202025476
1.0435063103543414
1.0425740246642403
1.049673814792735
1.0423332389838065
1.0495788696103168
1.0511373282792094
1.0279208956153538
1.0296515981449372
1.064239531336087
1.0682172043797578
1.0431123187980202
1.045404475805811
1.0918014053587395
1.0514190524514921
1.0400110188479272
1.0929775071981305
1.0666219710399283
1.0336638452193108
1.0395351401745578
1.0363319093354588
1.0476905889033639
1.0318847299684384
1.0603429782967286
1.0566226214383063
1.0549378375265162
1.0411284295009795
1.0490722447137848
1.0374588437776686
1.0440361692999107
1.0342672886986954
1.0887370874318072
1.0418719090717552
1.0516037223855632
1.0605878475969976
1.0368598636285535
1.0189796758662848
1.0647378471580538
1.0491088492765588
1.0331858846833868
1.062625550186571
1.0496027850049576
1.07422633869417
1.0474127129556277
1.055311105372119
1.0581226117801126
1.0244411969950398
1.0406336140444805
1.0370421613602494
1.0553051064589596
1.0882471035232628
1.0383361222916792
1.0392971412963457
1.040322514114731
1.0400761021751987
1.0566843800525034
1.0785783160202336
1.0307813525779144
1.0089333764201052
1.0516033344571754
1.0623809894420375
1.027393465629592
1.0599764614139533
1.0730453563212092
1.044277970737212
1.0428836631710063
1.0418014975709935
1.0512352697007412
1.0901122867727975
1.05581734357611
1.0521169560511965
1.030815701988522
1.0412263576254284
1.041953038133518
1.0338600024330418
1.0883851247702963
1.0446587779763676
1.0427382424199896
1.078154135015122
1.0506160112321785
1.069841797834743
1.0309587298380851
1.0384111844189796
1.063596469845696
1.0553579986908608
1.0667930447042875
1.0329320833657
1.0455341702474585
1.0365342603822787
1.0374485879848894
1.077613714271293
1.0505549262014167
1.0706226117154016
1.0224188343330949
1.0565750283956115
1.0284070674286367
1.0182928562864277
1.0599140155271174
1.047261467371221
1.055396607211308
1.0454518299269215
1.0366128536827857
1.0585242513362345
1.0544865330803288
1.0374553021534048
1.0557870520087638
1.053596189503118
1.061150273324902
1.0625211648196278
1.0685637507854941
1.0217802486406757
1.041842031714359
1.0502494719440574
1.068403512093457
1.065768135014274
1.0658005220767026
1.0309271848145665
1.0676033320841523
1.0405247198822927
1.0649941953136712
1.0352062931544306
1.0541929401213492
1.0418906230579499
1.0745004298724654
1.0481327621833663
1.05794311254727
1.047054001322245
1.050272761644271
1.0667415360033468
1.038514230630802
1.055808305390473
1.0316930030493114
1.0538265537534817
1.0548727186175046
1.0405126804596163
1.0387664743922613
1.055834136101319
1.0610469021492221
1.0711108383471213
1.0287561741425788
1.059214813671048
1.0831549951763535
1.0375631741266178
1.0389779564314767
1.0257122080050123
1.0382286897941686
1.055438991053107
1.0588586609700295
1.0372870955363969
1.040870065843496
1.0395811746920562
1.0556055712811303
1.0330044954632174
1.0487552272763963
1.0490873167187162
1.0605489007299527
1.053503498551378
1.04042638401265
1.045246245206604
1.0387562987454955
1.0734638699130932
1.0563187200109778
1.0360001874530804
1.0679771571224168
1.0541933686006701
1.0437036036036833
1.0537934816832866
1.0680093164893039
1.0442383835165054
1.056120542826177
1.034620454151894
1.0247348088831545
1.0425261021325638
1.0554346978798461
1.0468152910635977
1.0460378512081785
1.0527166383206978
1.0297414211144942
1.0218202399334684
1.059033874383516
1.0407322734030997
1.0496520190465066
1.019741996393725
1.0352580816232972
1.0709431837070253
1.0416069632339693
1.0450537766337844
1.0373057557697416
1.0433340669161186
1.0523842900128746
1.0270857829672133
1.0533249581569446
1.0732591559082856
1.0338272360658936
1.0591860614289867
1.0688236828686133
1.0535094168198051
1.0673929797071438
1.0722601957375857
1.051429572748686
1.03494405798982
1.056255149133855
1.0370890732040252
1.0566214563981768
1.0342342630672763
1.027442860154766
1.031371944220001
1.0459013974983624
1.0483836125730128
1.0431667564561093
1.0796187613093133
1.0280579731428168
1.0494203142671177
1.0763072075757765
1.085501976274301
1.028013321931283
1.0619008420305212
1.0473998735205023
1.0597506386688773
1.0621048197150005
1.042140808782322
1.0350832025004377
1.0524089418761013
1.028404814141106
1.0408982334715677
1.061847203571084
1.0638107333775682
1.0450875753015882
1.0668121010500689
1.0515688703215278
1.0262357764990453
1.0484857653089361
1.047921457884808
1.033998368019271
1.0564629042118527
1.0608237422265696
1.0438058955384915
1.0557164947945088
1.0945348899978342
1.0381992856745896
1.0390464352685356
1.0437443142988967
1.0332268413805634
1.0616582486757764
1.047401267618061
1.0335458474366213
1.0704473948981168
1.0361124678300953
1.0461000965282232
1.0490130531817832
1.0493753797865695
1.0569883125484316
1.0500392485813306
1.0663930023106603
1.0371608298974506
1.037544693376822
1.05758670243477
1.0894505089204911
1.0556703972220318
1.0248232918806652
1.0340498259261943
1.0563622746125698
1.0470268965427334
1.0614015077743764
1.0536845507104737
1.0391737004055714
1.039956563779841
1.0432409544440184
1.0376996825001124
1.0511166249965735
1.0492663915684954
1.0622741675768517
1.0572761821112997
1.0720875863140145
1.0542770467650024
1.0298346144519404
1.034195376839782
1.0476533326090254
1.0591742736722602
1.0616350885866388
1.0506848602593226
1.0320742232430562
1.0384415324769545
1.0480247575322978
1.0307452451722245
1.0423307093927665
1.0879729182934574
1.063535542575233
1.040467756200568
1.0479931945801153
1.0456876661117451
1.0380527556215249
1.0499616851750952
1.0694131798252728
1.0578765421959562
1.0329262382708808
1.0654055594401364
1.066594861625064
1.0404436123906564
1.0401622852302814
1.070346207658542
1.0918309058782223
1.0383742025937353
1.0510005892668732
1.08909663394838
1.044876843625792
1.0532207868527173
1.0326478626062983
1.0488192107918153
1.0227755212191654
1.057566749042789
1.0308491787404161
1.0325696928950918
1.0475032896318224
1.063032399459913
1.031601013200613
1.0173350361240772
1.045324744699664
1.0156516300859744
1.0420076081629066
1.037116539998474
1.0278735353945676
1.04601347185457
1.0426556039249235
1.0642633743253156
1.0454947496797367
1.0343029295979784
1.0437233475607002
1.030953633019805
1.038077002953393
1.0686941768404428
1.0459630627062149
1.0561079127244375
1.067415665980405
1.0415146291411754
1.0262999485529583
1.0346353400450377
1.0632582737530334
1.0584711636653403
1.0560445906458686
1.0303752316869064
1.0512834978250523
1.0458292887386686
1.082339621087268
