1.3032239749175656
1.0678838854222474
1.214365553643205
1.097230723483757
1.024362583890815
1.0242881161967679
1.086955776737548
1.1036429194039308
1.096440276291189
1.043202573052867
1.0329774703898067
1.0304436572171811
1.0346382077834615
1.2954388501817589
1.0196886835172394
1.0313961268575487
1.1553123965483953
1.1339312240873571
1.0463171126694453
1.212748157060651
1.0233534237721071
1.031539523750884
1.0359641266241162
1.1906690610098243
1.2704861054194039
1.004889701261689
1.034533245938635
1.0887731583709326
1.13857714013182
1.6461721227642094
1.249582845226458
1.0944119310342004
1.0042226283107285
1.0710041210197436
1.1774945649089907
1.1488759540759999
1.0767691802779609
1.2822390116961782
1.1649268675434894
1.0189064879885317
1.0336143098099575
1.0639825026583758
1.1283219112326925
1.186271450576707
1.6169559052718325
1.2819155157994195
1.2911462672463934
1.1182608687928164
1.0578106304724728
1.0585683947507343
1.1833571023596525
1.7962719497350748
1.0228351796322246
1.0318195174575708
1.1763076515739388
1.0087653286999962
1.0396313385037093
1.0917011050228553
1.1033027778132498
2.03308196615406
1.1019394781820178
1.3506412622612496
1.1746796991698922
1.0212206637980221
1.2081966883384314
1.057073857531304
1.3833897047995256
1.031478321325159
1.0180059383063904
1.396120468480663
1.1526212852700528
1.1514590576433987
1.3347355139679402
1.3563242076937958
1.102964167340316
1.2102141568943392
1.1121681002696595
1.0284699374008008
1.0203558110407136
1.1327876079559487
1.2776877681640695
1.0176305979185354
1.037865998666403
1.0430686953605046
1.026336143092653
1.025339134829844
1.280070573371346
1.0522063540253712
1.0456214513203794
1.1557845164011695
1.0283757025969835
1.0387764694791906
1.0078472947983443
1.1948370555683254
1.085705097143121
1.8869867446013568
1.0475480387191256
1.0745929530614653
1.2905054138674532
1.1508265858292617
1.2282705051657927
1.0390949038629294
1.7904866544014153
1.122564688373432
1.0302439453856127
1.0984304307796828
1.168505477352225
1.19217497551854
1.0446913485733322
1.165099848805223
1.0695435048587834
1.0591953071658826
1.1633069908940168
1.0797142673160929
1.0689799968966898
1.0602717614351465
1.138070690965473
1.2030180553863645
1.0745380937225073
1.144480035306401
1.1565289941690458
1.0979253166181553
1.0680881888030473
1.2148130309369645
1.041517354227861
1.04402574992185
1.0538521866148223
1.0742986792759925
1.1075768442330785
1.071978934095987
1.2514490733841521
1.0169177480229727
1.2989216601896343
1.0945325709910207
1.0822592380479608
1.0398826711776137
1.095975087610647
1.0743048159702877
1.0159543596396787
1.0498815023112231
1.5129154863152432
1.0177349714194277
1.0660111012385503
1.1212722764627225
1.0565515525482803
1.0862205610639721
1.0748654621328948
1.1821549792991486
1.0771485142331971
1.0291240781285564
1.0266666888148352
1.042559846586937
1.1954453799762526
1.1393226503491882
1.023976402823085
1.098913168133621
1.1841313207347364
1.1639189013296434
1.2240162650397648
1.0601967270635533
1.017690156286021
1.0679772464804662
1.5382903025116357
1.0307726714950056
1.255029358822721
1.1547929342695176
1.0215530819736893
1.341392270936723
1.082395334355313
1.1288213733915153
1.3143189535380817
1.1849939621964611
1.1125507122402638
1.1170210142819539
1.0460750501422356
1.0289243610623207
1.2144534551558273
1.0091560065963945
1.1103667043847856
1.3405113304320544
1.2426523060015495
1.1300394253932704
1.2705278298797749
1.152950014516169
1.097731381789466
1.055664946159809
1.0124286779631886
1.027520722850496
1.1295161603166899
1.1710722747218574
1.026525619859587
1.0594823011035361
1.1487552528095695
1.022473658132631
1.0977286795013925
1.0476602375723187
1.0543297988336227
1.090596729825672
1.0499131716426608
1.1234760528929209
1.016905562619055
1.023056123266472
1.0569391505345869
1.039961160523777
1.025575819528736
1.1321420230254955
1.2556260615740478
1.0211342808178852
1.0371493828838891
1.0738130108917805
1.0762189102216169
1.0501209330904315
1.0678558680234045
1.0259123596328965
1.2371486071658828
1.1819283807419385
1.0919625187859896
1.1159153272105191
1.017083601043151
1.0791541660453878
1.1276553296952003
1.0744969071680683
1.8638913860788389
1.1875045167865306
1.09841917182239
1.274634382307652
1.0160341009477534
1.0354820754138068
1.1610436838717135
1.1083668463281
1.178131091915302
1.0267741915596824
1.0305921424068905
1.012575216926995
1.1459631985196397
1.0089109278181811
1.1063078241609383
1.2517777561496006
1.066136811683396
1.1398699582120129
1.0774697157704602
1.097350934642356
1.4000613653908862
1.0809440998454567
1.1666951499437292
1.2310570282071276
1.1230728245524593
1.0471659844652417
1.0702167505838154
1.0379214259488556
1.1212034244851266
1.0697715465864583
1.064372759129286
1.111059089018904
1.0726562225511336
1.0632671439986976
1.0298517881165778
1.2330872443442786
1.0618565590873505
1.4390981035834878
1.0500504873172385
1.1292435718064717
1.026398908818618
1.9461057373547266
1.0183336492413126
1.130789813419122
1.0924534451676415
1.2839041622517342
1.1284274549601545
1.0408946861270405
1.098839264752544
1.0286391738719747
1.4247709303089269
1.0510601039281402
1.018058784839454
1.0091738645666601
1.036563836059854
1.0548078043627995
1.0165338553490808
1.0697306224594536
1.0898034310432432
1.1903325391813084
1.8133627026720776
1.1033961218003623
1.172943998138973
1.1176949628166721
1.091209782596081
1.236636498893676
1.0094362968286845
1.0531574270349182
1.0747494836085971
1.0937378670808822
1.0715960310826753
1.1310069134644254
1.144715742165822
1.1892575291469756
1.064113879011915
1.061414525378778
1.1001487885418126
1.013443119828623
1.095396212851511
1.0700704927669817
1.1102830217925541
1.2558674867657953
1.2967852614362916
1.034381686978787
1.1182793660551662
1.1629573011687353
1.0373126165923725
1.0365774801899257
1.1538963491193692
1.0668821762502485
1.0938565687942674
1.122052241969473
1.1940915920155637
1.0664970198138692
1.113530782915504
1.027526612229521
1.3003007498780381
1.0460983508259225
1.050389441542779
1.0430429159774783
1.0443275880449672
1.2724055726383974
1.0217709879276278
1.0493695110532242
1.1656776964840074
1.3234596449029994
1.0310062742794612
1.0991718466183156
1.0606019157731343
1.0155724959174743
1.0163387437667524
1.030058273709139
1.040270993385381
1.044147359210789
1.4264759322237757
1.0398665541231025
1.0642743086585826
1.0924980970608904
1.054577269395919
1.0192085948492227
1.2850845416047443
1.4262916275440098
1.2023857940115632
1.070754810370333
1.3920220406889117
1.0281971550554085
1.6007245276110464
1.0359452823542714
1.1898460298422084
1.348712656861483
1.0431004395221573
1.0387718339580065
1.0949262217550202
1.1547693713317024
1.110045313369129
1.0891139470811324
1.1834044471188876
1.0466480812496248
1.0229993035595195
1.0508789911608043
1.1359718993771413
1.3666830540288546
1.0705477822147134
1.2001819494549253
1.0244770964010363
1.0194400509782604
1.0675199859797477
1.1474574475834232
1.1175814490331524
1.0258228981102813
1.0753894259784313
1.0161430009609425
1.426818460132261
1.1083986847602008
1.0202682528682152
1.0225142265604326
1.1933142220281807
1.6743957493413066
1.061947475777259
1.1790853336485496
1.0903181374648603
1.3044525865835428
1.0503190204857864
1.106031413825865
1.1514158514213044
1.0310784410078173
1.0596125113764947
1.1714377439628283
1.0877369316319476
1.1652567572121706
1.0785369560232494
1.0146547337021088
1.0435582745384706
1.1391835039110962
1.064695274444296
1.0759662688724927
1.186605771981012
1.1678217069737182
1.0960920405492511
1.0482722284822168
1.0550953739734776
1.029053862433934
1.0865598736716293
1.0888307548681928
1.208898877732584
1.1231893200797856
1.0773252357242817
1.02253098315402
1.0153807121705385
1.300446518367907
1.009426686335569
1.0739159639941844
1.044415564380085
1.1993112278119664
1.1530105996296218
1.0129013902241855
1.8252535232312075
1.0247342574300193
1.0637987638442183
1.115730790627301
1.2605462966795893
1.0983067004465956
1.0606168272370287
1.0502069442623794
1.0499219987059567
1.032262468143947
1.0136891415345943
1.0939054437027311
1.3564245907289973
1.1687500535587574
1.0253630183575346
1.0371526608414496
1.0408724904441586
1.0722113727961362
1.0482962630158665
1.0645087417614327
1.0162016065722594
1.0435203109375348
1.0216813053033338
1.0394753363807405
1.041739211027061
1.0977900843306827
1.8718912540468708
1.1345092975288655
1.1857542965665957
1.5050803768769085
1.1216407439517613
1.0643398316242527
1.1038472531332384
1.097558207283817
1.2105595526241855
1.0244808848031544
1.086125031678104
1.0451235195517288
1.2349666791947431
1.1263809290645383
1.0213351684837022
1.0833120662416977
1.2277506220213734
1.15886909870912
1.052092658522837
1.0541287890087114
1.2282950834259585
1.0318521908092562
1.0988636909036549
1.3052785807876355
1.0714796208103827
1.0324188658775637
1.0587446069836315
1.0406495319225344
1.0918036430960965
1.3256624775513912
1.0607513486541138
1.112467843437462
1.1282144517926387
1.0401069149829292
1.2033438038982172
1.1604579001944677
1.1317621549884271
1.267445682143525
1.2003856596258293
1.064937949083817
1.0364216458681146
1.533675522881365
1.140620053677621
1.4622451065454023
1.1210269361691734
1.0613775553396756
1.1055311256995775
1.0674453659984688
1.1351312028336045
1.1918228242129658
1.1440585456017458
1.060327606355716
1.1855972325744186
1.1693413741313206
1.0661709736768066
1.1153751009483426
1.0630592405957107
1.2855623915952692
1.1152913854907798
1.0150673033330426
1.017731552400916
1.133322907426141
1.004238905876098
1.035175831472677
1.2190695475703324
1.035531832492272
1.1193671462504935
1.097622437516815
1.0701912197741001
1.2247020620388476
1.0997891907716932
1.1166785225375904
1.0526945724408285
1.2728101022946996
1.0319773669097976
1.083269027394191
1.0398917353052177
1.0147235502833967
1.0591521843667702
1.1195885569299568
1.1945630154312876
2.2132103918779276
1.133810144433708
1.0234112304880805
1.1857245633386138
1.0577503747360741
1.1139712386446674
1.1246665884976759
1.0878589488089088
1.1692704484819973
1.0308633812481884
1.1969832240185299
1.171629918685148
1.0665308902771635
1.1787099014433036
1.0558850808098084
1.43076708259495
1.0210060448380796
1.1487583391358653
1.0469958907141281
1.0472554530590799
1.0951914375903828
1.0077691816741203
1.0711069351684268
1.3386382169863882
1.059571264691719
1.0249150662985334
1.0779155967410825
1.1546256265792714
1.0770775745241397
1.0605587411313024
1.0731388923361869
1.2597032580700527
1.032707621972566
1.0181476891992114
1.0624565925433327
1.045948370984412
1.0409545402738651
1.1644095004130917
1.0339401924506555
1.0456261583920992
1.3791303922079017
1.1230103956863282
1.1237991348343297
1.0201042147995854
1.023753561713791
1.1364379771769975
1.0109277611627887
1.1571081013066773
1.0075732428576043
1.0541216628296535
1.0389143259228275
1.063623427100116
1.0451766184531415
1.0833318115979615
1.0610254642101737
1.1001212796186897
1.02238370566643
1.1202168203032443
1.3370571584287696
1.1341916927289004
1.0117998696989012
1.1150488352930203
1.1805282386856737
1.0360420617339938
1.0695090394024636
1.3423393527545813
1.0245029803480048
1.021380348925779
1.1512302859207604
1.0384842526089317
1.3467342736205863
1.0216566602920132
1.0468057607751502
1.4332337219671762
1.005339691116546
1.1166301219049004
1.0538357910846041
1.4177137119731964
1.0337588157438862
1.1625466160389792
1.188783701237348
1.0421872994271388
1.0213931269858445
1.0402158757564361
1.3164540722643605
1.0202933434534194
1.0299759073549137
1.0340903230392677
1.0464663961504128
1.9230795642349747
1.0168811833393623
1.01648859127356
1.0144418097937846
1.1442049442647235
1.0136905912754912
1.096982791900465
1.2856308804710614
1.1521304323809702
1.0252685308074758
1.129224605355526
1.0706818190835565
1.256927572731498
1.0229843539451886
1.0977038129946495
1.0868087727559534
1.0241916846490389
1.0087114696001551
1.0966068507396403
1.0286643481750457
1.140511662421675
1.088737954581896
1.1313409424876357
1.0473152388878837
1.1992535911857423
1.091890706250344
1.548361294915803
1.0564948810456585
1.1270393824871778
1.0458306081292892
1.0884134280884719
1.0091025671878224
1.2049915613512672
1.7722044701318935
1.1698886128741064
1.0994407715007186
1.0928423504152394
2.176320259897622
1.061418533278506
1.0404701263465805
1.2121244164870852
1.0359695620413272
1.0296487443091753
1.280566522551001
1.2029205444448787
1.1232378795806075
1.0955141667258685
1.0520291845814358
1.0351382731707919
1.0441530878904146
1.0171726434500432
1.112819392140231
1.1997735853264608
1.0316540877269986
1.170927274188306
1.093184327291654
1.346848173973246
1.0220102417377088
1.0178933834759136
1.0428912082526622
1.0213036460041982
1.0457364178658783
1.1005496460959745
1.02362582872845
1.0647118436149126
1.0221992845293926
1.019765488586257
1.0202882544117942
1.1296709214259018
1.1025624472236084
1.0958942194425765
1.6490953226701597
1.0484388519576373
1.072405150101043
1.0214652492462006
1.065762462418493
1.1272368248370777
1.2609308777177657
1.0573147467640744
1.0554750560985287
1.1151740910108263
1.1428757242095808
1.0223302891076258
1.1208705909580117
1.1289227796391479
1.1803971932693464
1.1765934239876366
1.2913761215158648
1.1164535552367332
1.180457056760453
1.1039243171391817
1.4216788248299452
1.1050723576358352
1.1246979004593056
1.038584227871134
1.0725253131857002
1.0168999398883343
1.0540618718850336
1.1418089505491509
1.11932100989227
1.1191271720393061
1.0157848638694973
1.1537668910709717
1.1633136727815303
1.032189663078305
1.1479914895526122
1.1809833069403564
1.038982864377083
1.116847716913097
1.185617887533057
1.2729909249318914
1.0999428764083967
1.031536736086798
1.0269077525412955
1.0350505223348838
1.1283796158835666
1.020381973779657
1.0442398817244603
1.1050679802389218
1.0204346814369318
1.0963606005170714
1.0071844581125098
1.568779506240732
1.369699410762183
1.6686408782565423
1.1239047173129835
1.108294471512291
1.080998442023406
1.0675602500213925
1.158514365468684
1.0125344662154883
1.1155308942490898
1.0148434241235786
1.0924670278003041
1.016015568786983
1.0357928252356088
1.1241318210102234
1.057795948649796
1.0485809477722625
1.1325572829163442
1.119034725471389
1.1032459240887837
1.076130155124699
1.042264147093185
1.1933944654884567
1.2735521078505072
1.097149461349981
1.03100244890304
1.0199527834141373
1.068281423724083
1.3008153218341083
1.0267512460219443
1.1902597051070762
1.0504995266331458
1.0791188703106693
1.157967013793477
1.7765680374081816
1.0176548341756964
1.0134250986739408
1.158776091790014
1.0358363901560539
1.0120889410387053
1.1442663616244062
1.0542504407233402
1.166434900800541
1.0781094925728048
1.0455211218605782
1.1338364600793787
1.0878969245430876
1.0076697872076987
1.0471859260393408
1.1231951595901974
1.1735792342627527
1.0921797017485406
1.0517681128013792
1.140164995876951
1.1544260901463124
1.0244133244748181
1.0885330185081612
1.0286897812542204
1.0741003508156366
1.0567015307779688
1.2426421177620615
1.1762847745022411
1.0339706833049445
1.1839013958847096
1.244676665982315
1.0541772155468163
1.0259638363144332
1.129794139791607
1.0491158153522597
1.0151565712073563
1.0572651998216465
1.1674468041329344
1.0740126771024703
1.1077509638460035
1.097761813786652
1.238846039057944
1.0979278928685428
1.2425932303464982
1.0374071794432216
1.043316162868903
1.0192142445983738
1.217361544918644
1.1371886243369833
1.2177013942631196
1.0667865504590173
1.204479610155862
1.3280417342580033
1.026776121847432
1.0671131261255389
1.0578469829909107
1.1163415689175356
1.1928353914378593
1.0129645353570391
1.0109514403334234
1.299647430154173
1.2309220297971726
1.0878936855449095
1.1228402988815263
1.0920109339743063
1.0955517684959375
1.065857229031222
1.12577485635373
1.0286340149722493
1.1083706039452772
1.0710478508107224
1.1405652815548357
1.020190213696747
1.1313706437433164
1.1326502650934258
1.0868849815196322
1.021016417583587
1.3384429898118757
1.1879351545991004
1.1517460361343876
1.1288937136991273
1.018928571681165
1.048751942389617
1.1113337860252532
1.0180643868247745
1.1870897200061474
1.1038466487459266
1.014640365239409
1.1659179996560147
1.1231228042869257
1.0478741234337865
1.041308170765397
1.0381719547810564
1.12073145492305
1.1726035913427342
1.0344602083457848
1.0650466406261574
1.0499891728498096
1.198290832327555
1.685850318852477
1.031559325732057
1.0683623412798653
1.4697762954437088
1.1605160082055632
1.101126211175622
1.0480502620677714
1.0354360212154443
1.0584908098771337
1.2159923765089695
1.0770628822870842
1.0201181335654372
1.0820010435595324
1.071072015856943
1.135000521129031
1.0658687826844244
1.0531606773054978
1.049982811450057
1.0948270149417278
1.1086858316647474
1.0544364628380243
1.6161258914745826
1.04526444560077
1.5043518723647145
1.5194297058131818
1.0831343650903251
1.0994008241113893
1.1523241729852445
1.036234307238771
1.2560927548960905
1.096255689234964
1.0545948358518842
1.1144108545879712
1.1271541939898875
1.2872986788452951
1.0445241984695375
1.109452561007542
1.0713309914494766
1.0540329972458227
1.0229375184039464
1.072135167399291
1.0613006638320894
1.3106862847019773
1.092914050084212
1.0432284121276645
1.1233352810500723
1.0286984063365938
1.125763497859083
1.0117641011798235
1.0449938242911516
1.32066462446623
1.0050728421541646
1.0577993132189423
1.0714706381714567
1.0389588548474655
1.2835980839433356
1.2173260244665944
1.1624350033585666
1.0695772685096263
1.080962431395528
1.9808031486397912
1.0261545823049418
1.0250386340008097
1.02452355285648
1.1856019771989015
1.0375067589452651
1.2682803065982833
1.037661914742441
1.0498857619287623
1.076681131436928
1.0350173534652491
1.1349893566517222
1.3112641524938529
1.0700167654158783
1.2652873372481612
1.4446735706328977
1.2491772782394956
1.0935893674517752
1.5244009201628854
1.1107690105752797
1.171692465086149
1.0633664571121804
1.188547548953775
1.0745237022471112
1.103533808218994
1.1237071134213286
1.1922283770302804
1.17726954918999
1.3284432450011292
1.1886256819518612
1.1006509548018524
1.1642990736722674
1.0302393894422703
1.076112477602943
1.0080121100614627
1.1630102382248428
1.1954739006525716
1.0482198790395156
1.348172661626125
1.0087456910395467
1.0614880507189406
1.0172077264129251
1.0839458616706381
1.1193460475803136
1.0994636852890276
1.1004476353673498
1.0742667348459898
1.1420574571051338
1.2203054248414722
1.304487390579941
1.1516298576125557
1.0484036723301218
1.1291991379330941
1.0106573293237526
1.0174529113244093
1.0738464756620876
1.245840284694058
1.051250063106935
1.1596512600293973
1.0813653753951091
1.0760349788466612
1.0085923300536463
1.0150258291880423
1.1379261811124834
1.0718597031828225
1.1325638139626013
1.0822630609609676
1.033569190795008
1.1501301451770543
1.1531541210486393
1.0702885002951132
1.0236589121443447
1.0419893816183006
1.4063934996165406
1.0365684185531407
1.0230503823693404
1.2188081935001054
1.0720583507557835
1.0872547884196901
1.1025975716256458
1.2383529301170537
1.254213909109631
1.1297725424422411
1.016036303612274
1.037009740443784
1.4810776362381939
1.0795931754318668
1.0597807644109514
1.3812400456888216
1.087059856696721
1.114888200626977
1.1825940608516117
1.2995177486836251
1.062918644213624
1.0376790410235925
1.1777918785414305
1.1122472808665034
1.0166430684216936
1.0427880693644596
1.118613107562256
1.0505518940109804
1.0194697236349326
1.0719504113781695
1.0571131575986208
1.1645756051273068
1.0347054955130286
1.1117633998495193
1.1606603273639904
1.0546118584168984
1.1199197121024909
1.1244366428901673
1.023693851081412
1.0820609033671105
1.076227967527688
1.0189204900227355
1.0486839762814673
1.0511650484433739
1.2065175502021066
1.149155613049968
1.0259304010907748
1.0417855824522793
1.0353142679522862
1.1087459207273858
1.1740370968554756
1.1290650864929903
1.0712322636403593
1.0989901527474664
1.0723788537927643
1.1601044667660296
1.014630864983055
1.0601006802822464
1.5148383788746507
1.2242828673441952
1.0302240436778347
1.1412434581972453
1.125129587822695
1.0158840895570687
1.035796266620503
1.0376516958001645
1.202389575847657
1.0592479352384825
1.1089927691169201
1.1235226367228452
1.0445950569538138
1.0388032566937069
1.1363589203652005
1.0620763225627803
1.0147077650235319
1.308196554850896
1.2265701925686516
1.0130346602724216
1.0180257212427903
1.126853650368672
1.0846677998626229
1.0582383975184309
1.1480190934277985
1.1696421208931433
1.2242459345212973
1.0631948957793784
1.1364502756439236
1.0084537459653302
1.1696746074105782
1.0699202432996555
1.504479443077133
1.0991318684527256
1.0441377798838942
1.034345345212885
1.0632697878051458
1.0478680860857823
1.1006056244311355
1.5037953284017553
1.0305616412163496
1.1435764912374042
1.1912687400380904
1.0189480560206177
1.1035619485257062
1.1191765820355841
1.0171725880459788
1.0370704016230095
1.0199314413538498
1.0412435738218304
1.0822182902305146
1.1770417158018522
1.1036300447830547
1.2549925355667322
1.1164105834323492
1.032685862661018
1.1487528318819478
1.0227614215463432
1.1252861028232455
1.0834648219946597
1.0717791936116967
1.1276206861198705
1.0117490521548054
1.0507767711764824
1.0803719563810807
1.0384727590381542
1.092976033010342
1.4923377993345937
1.1029128313716874
1.1349658518621244
1.0568983397031984
1.3193496024229037
1.0530091926694933
1.1688837018022553
1.0250637303171952
1.0252763135488274
1.10474672870149
1.178679479246617
1.7234804245751922
1.1754772291960873
1.0966589112133363
1.2158415051324958
1.1316970959327959
1.1602104424535855
1.2008725127284317
1.1255451555407487
1.0515050249814737
1.64941328645768
1.1290223405371849
1.010896973751621
1.0220044789491647
1.5362907518376339
1.0355678264536214
1.0332634652511623
1.1002761549628228
1.0385132765528036
1.1012149357995473
1.2063732413070205
1.049003639045019
1.1075100610866804
1.1131304508165079
1.0861280934246669
1.0549076594797338
1.0376844423696565
1.0522963400935468
1.0862089789633997
1.0382565586048376
1.1062345411757681
1.107979469333105
1.14654112961269
1.059132677172359
1.056324799054923
1.0773709154832996
1.0601345159420041
1.1422276622838567
1.1995588697526447
1.4981748167945408
1.0141588266974142
1.1515865801333574
1.0378880680602198
1.1284115925276128
1.0277244938235826
1.0437403899760445
1.1035227175672464
1.0812180837931333
1.3484500111008189
1.131192811291038
1.2712787368028293
1.0819545793975527
1.1210926476550405
1.2801730770841784
1.4648617069658911
1.1469912706497627
1.1634863834355935
1.2025859471028766
1.2145267174378138
1.012570427833792
1.0169474698972396
1.1122888005403777
1.2809668409399926
1.098960593010738
1.0274059999329177
1.0027621417619559
1.0339850769708148
1.0251765452177573
1.1412506058807095
1.1669443355952696
1.0191507279406948
1.0344306253100801
1.052822712310853
1.185018097759593
1.023401871238989
1.1786907222168028
1.0485063355187378
1.0867883846046178
1.1702848049805827
1.1298323481214787
1.013485052004135
1.0374553950764365
1.0310862192618306
1.215174188523536
1.3355560079385338
1.0421718564146918
1.1743649751029779
1.1236783692904682
1.0657768983987157
1.0281115456764092
1.0745554289449708
1.2383393770311875
1.0612278292943385
1.013521927649982
1.111794841967743
1.1481975577288652
1.1739926908989882
1.1922913510068212
1.3489094427974493
1.0786576454851309
1.1490352022226844
1.2083628891376448
1.187188283186267
1.1216471477875825
1.058310640330673
1.3503867163624879
1.1418361033996436
1.028362885540415
1.0381074016491274
1.0261585030609146
1.3863528706607657
1.1278058845195258
1.2025100128784236
1.0116904673159104
1.1051593329149418
1.181258807506857
1.7611862196124093
1.2172505898770558
1.02341167368176
1.044389322969839
1.5328115393690094
1.0843553722028374
1.1602482774253222
1.0708256899642787
1.1114272691208027
1.1130902926809176
1.057861216180798
1.0342420960356566
1.2701268326434492
1.0674018543653343
1.0326290798701074
1.0429059986665055
1.1496102012556082
1.0348689363103487
1.0762161390598892
1.1382096092665646
1.0318830600932793
1.2566502385614537
1.0878129913813837
1.0816057679565343
1.0254170891341492
1.0689018856336976
1.0498872282134668
1.0227648130722429
1.0433673183963188
1.2013598036352438
1.1744711909579983
1.103609497700248
1.0746264804460344
1.0779894972643937
1.0789004969296672
1.179800083069493
1.1572256364084321
1.0477665833252674
1.1309676476289543
1.0187371403323238
1.1940857838373258
1.0913208526819909
1.131529686886777
1.1640390264367437
1.15558356043375
1.0205309972577243
1.8516681740184266
1.5191209018110916
1.2052299877597215
1.0139202196126702
1.0266228883656066
1.1286453120340716
1.0970756194982632
1.0237879712012024
1.0140619138883333
1.0660171649786392
1.1680024491565049
1.1598816441532434
1.0446781667379084
1.091687646089531
1.1215934174306617
1.0353445440304967
1.1021312014109093
1.0774479474433973
1.1925476579747172
1.0363570978456484
1.0992260663082014
1.0573499640681847
1.0801894632046067
1.107921678267552
1.00756216652973
1.122376023401778
1.0289492199369372
1.1052219697829413
1.013206748491243
1.2090715061907975
1.0234828921015584
1.1658319719761319
1.1387619092441283
1.0467344975548925
1.0121029466084754
1.0554288953908852
1.0288883062670526
1.0231316187061688
1.1439292157774874
1.1974001348170984
1.1168036291319223
1.1327030121066095
1.0418685922644393
1.0331898311007126
1.101301591287401
1.0771377900589065
1.0329167162745514
1.0594736162046596
1.015001597781666
1.0156687577952959
1.0498701598151117
1.0812664619300538
1.0889779437212204
1.0068338993705184
1.0217730864598988
1.274113959724355
1.062250813670471
1.2639028714599725
1.0969869270598116
1.4873924255725575
1.0998631317543082
1.7678132967401878
1.026750227172821
1.0348400462585083
1.0741102070097546
1.0458365011009918
1.1617071551962195
1.0726629867881181
1.4558882026078521
1.061995725394883
1.0124254906801045
1.0332318636239863
1.113152829083848
1.0327131504369325
1.1569848725837644
1.1098763582780227
1.1167291876755308
1.008466970417218
1.0180487084737848
1.063951095306824
1.0589465200237151
1.1224041939591665
1.5922380782451122
1.1172621371016085
1.0956782949408013
1.1126889262689363
1.180210898296324
1.022197270387368
1.1894397153859728
1.1587237595996671
1.3678713758132066
1.0641103010515172
1.0304131466120865
1.1433932003545004
1.042216880279527
1.238767179217398
1.0063931940428001
1.0391155605657638
1.0602471482880265
1.0424246233800265
1.0641755865348905
1.0193081191403988
1.0443057372031077
1.1909475441442368
1.0781779598961758
1.1214504342356346
1.1188450555257223
1.0499948217756105
1.0323852755092464
1.0571901735148994
1.0699417794167256
1.0089748824070572
1.1466322484673777
1.0206314312416704
1.0595106603871098
1.4432736456931552
1.191380528809209
1.0263002983740592
1.7611741439875295
1.0286180263854572
1.2140173646114705
1.0998162745836637
1.1830616253819846
1.0199817467904244
1.0953780221851404
1.1320400876373082
1.2017291331827615
1.4309030943418937
1.0546804087084882
1.2820329329452784
1.0378455614048763
1.3321673514072712
1.4953697086235151
1.0719073280555431
1.427305197841808
1.175610919264997
1.0773219368917117
1.032087282914791
1.1343175646072232
1.0104567381670324
1.012369150836839
1.1451659254058812
1.0619842346098254
1.1266074265872672
1.1763297976513793
1.0883976613644526
1.0183640728515966
1.0523416720120136
1.155839164434321
1.156909479630585
1.032074332781172
1.3096345406418308
1.4372840118118975
1.0826975397398941
1.09208957898815
1.1582958366347262
1.0166588750555292
1.2457907142739484
1.0794853393182315
1.2418357273555913
1.1663865076535311
1.059900602059654
1.1005615887816418
1.0474141827086
1.0492968339610058
1.1524645916613374
1.0078533875073215
1.1122217628666407
1.0148626324822643
1.0735592140721413
1.0810998051333842
1.0671576264696976
1.0291406604038662
1.101188671039763
1.0229285757996918
1.1524015056737273
1.1807879287173224
1.2161562307324125
1.0504615532981596
1.0104476831350906
1.4032840153015065
1.1403300169220496
1.0236199773107146
1.110580426916086
1.1766304944913113
1.6776550115663904
1.0201634365744217
1.089048885709545
1.0326735060696206
1.1022812607317434
1.0907419538663468
1.0864227309073726
1.0616715746554721
1.1330414737151877
1.062646195081304
1.086312630134517
1.1633743134033234
1.19841428245742
1.020620716139181
1.4238528786135902
1.064906635767868
1.4034014831476733
1.0340959947845698
1.0669006932920835
1.1218116559936973
1.1768279698977968
1.072955719957981
1.0741262462901715
1.0321474381460949
1.0048420689525674
1.2168198957034304
1.1411348653939883
1.5519364461470662
1.0426517196745821
1.2323328048954048
1.2108505831473657
1.688445799051241
1.1915436712234446
1.2122798354019804
1.040705974115792
1.0228800175277175
1.0273523009919387
1.0281585515534999
1.0356649602401522
1.0313144966628665
1.14465662149263
1.0264606056913115
1.0946109149678482
1.1614821458087707
1.4150378837882807
2.058913196417131
1.0366215471416862
1.124645831539348
1.26189812007531
1.1090824308562421
1.0709615443818665
1.044872808518687
1.2172725075694228
1.0664411868185542
1.0939018710202546
1.0511517983567982
1.0528448551556115
1.2840643726150467
1.0205354785885552
1.3442923376042002
1.4559143085509445
1.0454755123604995
1.0606230071577696
1.4034899142562596
1.0347426491155802
1.1559188340319975
1.2938206097790144
1.8841129294617758
1.2065995131922373
1.0219655876868898
1.192099195267858
1.092734737496235
1.3687605454230682
1.0372758869029965
1.2483299963965269
1.1798568360978166
1.1028449705429018
1.2746352864638628
1.0103217789168086
1.1551029111176676
1.0072145717239886
1.0898092288953973
1.944312977429642
1.0538553196830058
1.152605038898733
1.0470056580261076
1.0299073610309675
1.221419140261687
1.1764376711263984
1.0949238427028796
1.0235077691544896
1.0867190656272756
1.028536792766755
1.1868704306942157
1.1120716704267863
1.019541887714197
1.027195078951684
1.1946465004542735
1.0213239882799197
1.0686875600463748
1.050022958372269
1.2110719466172915
1.0342903053749275
1.030842195463668
1.0333712806450008
1.1429155021918924
1.0370040480616387
1.0348430884539228
1.0133826517759952
1.1482996762434652
1.0350741809232349
1.0655991654527763
1.1013745351548043
1.0138622797610901
1.2048068296233108
1.052427995028028
1.2696050759517536
1.1987887672247848
1.1025182632970831
1.1210170492534315
1.0495889098090143
1.1054902573624699
1.1150859897422265
1.0245040223576156
1.2246708343074508
1.0298990215494304
1.0922956106538555
1.0699411559294485
1.1248821746454207
1.2093948038220765
1.046968246210599
1.0378377745277758
1.8577410393863518
1.0826743543139736
1.0914834417501658
1.103606266348178
1.1922608258405973
1.1982205460339515
1.165419759673536
1.1203384344970746
1.145832614421922
1.0257056501148243
1.6933886722269333
1.0867333153477594
1.2490411010238203
1.1222175847968856
1.0208675126804956
1.018948368951034
1.1347659899450464
1.1133677583321724
1.1166704756169104
1.0064534836667183
1.047671667311765
1.0126095685067802
1.1507926782135378
1.0333357347447074
1.1246540759279606
1.0110964125465807
1.2151885785317253
1.0349608266128847
1.053940742265833
1.0252271257749213
1.0303504899644964
1.1065619871531767
1.0539996553793731
1.0493963963118158
1.016115923915715
1.182387360711776
1.3009723283454842
1.0352242881216613
1.027165868222435
1.1584129723026153
1.1452910902187605
1.0735668092545254
1.0479368734925651
1.0934914206756705
1.0801777956192447
1.439108791847503
1.0785402154285544
1.0170613083110913
1.5765568480993548
1.031021779925386
1.0218700718251483
1.2662143128796177
1.0093763918135779
1.4533080922900534
1.4250796557787804
1.1132290838181393
1.034973735137872
1.0624857255958868
1.040650218556563
1.1000476192588489
1.128772574616842
1.0666721271019945
1.2252464433849692
1.1913662890937393
1.0292276749507583
1.3471998942273535
1.044489300037674
1.1645220673214183
1.034314982301999
1.0939372282607733
1.1804342017169485
1.0412778889033216
1.1589489021962949
1.1213304080235487
1.056170618291231
1.1032727308689732
1.066636989230165
1.024606431125264
1.140723974762155
1.2468159112852468
1.023067643111082
1.0791126149955286
1.016475742766592
1.0403208077406274
1.0716462844857568
1.0313424954728887
1.805315692777963
1.133389205108446
1.0568047527000786
1.0531079177497344
1.066469809676921
1.0116327261948972
1.0287568804366867
1.4423646887081627
1.0515457590814186
1.0579807828421008
1.0637702687864496
1.425654272916371
1.0336186359822324
1.4081894620566597
1.0226286642905162
1.069623647886751
1.0038518992433128
1.3544442844565145
1.0770881348952304
1.0077432505584598
1.2542929027084984
1.2864485022141758
1.0188138974403693
1.3610383058547189
1.1100319098835592
1.0190195365804322
1.317199357432242
1.0772787180145706
1.0221272312983396
1.0763982454581482
1.0235203883020774
1.266425266469633
1.1111858017886578
1.1819804120790947
1.0440987952829441
1.09392035859693
1.1748183125939073
1.0769608159114874
1.160622048142009
1.1481069162167934
1.0138215966758208
1.1481234115286962
1.0184464285125272
1.0552428795709277
1.079404162345278
1.0795934060121195
1.1669935007364405
1.028224299638059
1.9474061197303203
1.0251620351576352
1.1534250816653215
1.0611718186583745
1.260022104683721
1.078614155707088
1.0395386272869676
1.3167681045821598
1.0186288801722443
1.543756491005921
1.1262684956984896
1.0811429072840848
1.051197503532926
1.0319757476866778
1.2094325280711011
1.0211916967165173
1.0513484234994583
1.0871869838393562
1.094185958264395
1.0369458345632752
1.1285208282785415
1.2502343052615152
1.034860956565908
1.0554284812853878
1.0260382453814334
1.0726290955495958
1.0456996009909298
1.0262741612346498
1.4939353252040761
1.1939378992310155
1.4289597457941654
1.058856096192233
1.134568847411669
1.1526984199767571
1.049451703437534
1.0581263689615075
1.116138248662817
1.023756491591721
1.0702009143037055
1.0234334328409669
1.0782100251895135
1.1392144679295984
1.2172189303107905
1.093434713260946
1.8351133793061745
1.0116366093257663
1.1147175492779757
1.096970105882552
1.0316269592285892
1.0473436188516176
1.0730235457788497
1.1216316470210137
1.0446772743878798
1.0328056428819794
1.2058671921357078
1.0878068462618495
1.130661982577116
1.1505762396774775
1.0539162866707075
1.0562913597209334
1.1390874597977394
1.2039072836980542
1.0121858657826044
1.107208992078613
1.044677906369974
1.005239342013285
1.0356756435046517
1.1106521565359662
1.0908845359493193
1.1661541861638722
1.0530870106182717
1.1475123928897588
1.4021006290315916
1.0446285919211638
1.2848511302682042
1.0211978316652928
1.0279345030374996
1.0954470427936889
1.0763770447651282
1.126559184126077
1.1300552416867586
1.1225888646707531
1.1453957362434217
1.0436886476866585
1.048961259173539
1.0401389770300409
1.0823739556537553
1.0709328128345037
1.0445491953840633
1.0230998053100313
1.0316455245315985
1.0265400730245844
1.1348329906515744
1.152093853594294
1.3173507374778757
1.1616229599283214
1.0449132603404538
1.0540100544751996
1.0912004814853218
1.0178775033304888
1.1010951090171919
1.007755057343138
1.0568356671836838
1.1001829215082417
1.0442439541144215
1.0537197171678097
1.0314791610145146
1.0626765690476216
1.0321976396698493
1.198653619860429
1.069188800183082
1.5290420828915372
1.178032705752827
1.0275320487980737
1.01470591533737
1.139876022852526
1.074362980372459
1.0631404115264529
1.0546280307149958
1.1208524658337047
1.02122115662667
1.4436983588322931
1.1971863570002566
1.0332578614160477
1.0225547709894642
1.0901667039890115
1.0097248546311473
1.0460174176473918
1.0840840810103678
1.0407597011121197
1.0411874130095256
1.0146698866025117
1.2407705282476118
1.091455952394624
1.0837242142867771
1.2575209536246046
1.0315178824679505
1.1919455856974654
1.0385167426471968
1.1141794096087627
1.049316027260902
1.0808093545612887
1.0685918214754473
1.0631621641664077
1.1744679176314183
1.0615289589666053
1.0632373648331082
1.140904031851063
1.1491546502874141
1.071841303266662
1.1771444754202982
1.0209231137541592
1.0188373859549542
1.1961986458665712
1.180285771143899
1.1013792488716612
1.2265291565315004
1.104086998879846
1.1906594043755117
1.0737553166714526
1.1545203445559653
1.219027020557113
1.1520378411635142
1.3926619410090901
1.1165354824749458
1.0433446536160733
1.1395480734110417
1.0425462227150875
1.0070860780031405
1.3793677014703882
1.0932100682042263
1.1443821031992831
1.169818282760109
1.2874096139848261
1.0483286346602563
1.1373092955887838
1.058159293432379
1.1445841713475269
1.1409462085985467
1.068289639727377
1.0486776301943892
1.0269089066643706
1.1741425989641934
1.0483216252087715
1.1635787979900412
1.1086055319357104
1.0265862039473244
1.059623036215707
1.0441802169401138
1.0453760540767694
1.035330590814778
1.142268695956862
1.1747205535459457
1.072572025428159
1.2412427525968919
1.1978167701493114
1.1117039409253604
1.0328394184287044
1.041523235729179
1.179992616607605
1.042864896300359
1.0892809574388624
1.157068870992082
1.0259216114663876
1.2052253388290919
1.0013801414270789
1.066023889861305
1.1632474081399224
1.114824927730607
1.1375054339920407
1.2171150676256586
1.16101078074189
1.1187010718046129
1.3951426661018989
1.3191488042053623
1.0149244617899202
1.2089061803252839
1.0558939843030415
1.19126782659153
1.1020742059715565
1.0139201020815154
1.067907333552735
1.0985656758235438
1.152242388328269
1.0901712280701108
1.077124625894175
1.4254415901987776
1.0201132859385085
1.2021633324438734
1.2660691529980403
1.2958566646864598
1.4831647714071934
1.9232458635949936
1.0997328235973733
1.0248733848676732
1.0561344080309105
1.1177330345555903
1.0615260287046417
1.126906561711824
1.0948962396979536
1.0880248950371665
1.2022357596947653
1.044194513461838
1.0418074219853324
1.203697457497614
1.13532259628419
1.0906269193031946
1.0465881707703761
1.08221966477166
1.018307208808812
1.0738985372904224
1.0816222396937891
1.0504864971671264
1.0282156544370185
1.0985382930918746
1.1536626394159804
1.0837539006526091
1.088364533514597
1.2227388967970776
1.1203383484395262
1.0469628680801748
1.6884962831627954
1.031834715993058
1.1151165752128638
1.1082125357781727
1.0765123312659244
1.015555766144427
1.137933639257108
1.0268366938551916
1.1698540047462873
1.1368508157697375
1.479577161609952
1.1360505267100556
1.1956751735835915
1.0609337751569021
1.0074006052051332
1.4800229589012919
1.0547402360864389
1.0888793394739527
1.1174765410124197
1.0134908809078471
1.0792956488185623
1.0789078740561961
1.3660541392897991
1.0810753611419526
1.0397874170966175
1.123929180939251
1.0923631980508617
1.14413274149696
1.0773007260467193
1.152750405296734
1.0949631796806583
1.0194075375116793
1.0154167026301644
1.0844510375488026
1.6919162478179182
1.0396554349528577
1.270838766804966
1.0493901891652158
1.2209555415683566
1.1598404914458704
1.1746323940410157
1.0375592337212376
1.214508975571714
1.0705821354498672
1.0143587638432288
1.0424701035576371
1.2745513666751052
1.0810780131750908
1.036981814175606
1.1290794006807257
1.0268824544915898
1.01567514641209
1.0377965548002577
1.113164109730199
1.106311800171225
1.1032566967222037
1.1835683251376286
1.0210963747571362
1.1503343910877102
1.3912470974829012
1.0824829533993945
1.0857556552592722
1.0361994453641696
1.0090859001533485
1.1121081994697992
1.1154688140385074
1.2225088718683887
1.0345578778222406
1.4933603324406612
1.054294731212539
1.0661520300340748
1.0204165851785698
1.074843505925623
1.253942575658126
1.2183726902235228
1.132537361512879
1.2067468218307353
1.137237849056697
1.2721812103781442
1.0320098859791862
1.074316850675669
1.2292975780881383
1.0173310780095874
1.0339258349534561
1.0796644063567005
1.143194388021953
1.2007381723551949
1.0193909286829597
1.0703403410865657
1.0696919761402226
1.025520699131657
1.025776743733258
1.0627377542302372
1.116835166708982
1.2446067544979273
1.0380469865573876
1.0121971272132093
1.0232790227420834
1.0739636415653075
1.1448056113041503
1.1346381009196451
1.0141884373538679
1.2146231538503633
1.1078356539206853
1.1437568961752422
1.0856532065590885
1.06939640127623
1.018358007705429
1.1243113016434487
1.1178443692572537
1.0550410504337022
1.097159798204058
1.162425659956906
1.132973292821931
1.0443124337732215
1.0237743115277311
1.098579847499809
1.421821741863434
1.01228779066958
1.0928941374373122
1.1625722405431407
1.1029526264406526
1.058511672551693
1.0293725190572676
1.1037621743105184
1.064801835014459
1.0651193466660043
1.0223731317461786
1.0232802753069778
1.0461362766030509
1.0163317818069382
1.1883181866892005
1.3827057009876207
1.0978317962892952
1.0294392123464693
1.2523867796920654
1.1159096629259664
1.181554566985664
1.429810550137383
1.0869708672559522
1.0031059180732966
1.0517292912109903
1.073994180828058
1.0774980253915583
1.1839324689408448
1.0184229698567875
1.0750354454378679
1.1163404387759506
1.1942552249963192
1.0546799151170019
1.0600379789064847
1.05241803878905
1.0843453748156837
1.108086189834193
1.1795860473438287
1.231847599657368
2.1442429937000376
1.0427816970443098
1.5302908836569526
1.383273430926826
1.0894702398109255
1.194089699415409
1.0121941666636733
1.0157220092295887
1.0540480045080416
1.1074464443696925
1.0669926776972183
1.0838083307826427
1.0125229330127847
1.069652259849529
1.1376951803368303
1.0643872248809316
1.0238826826280099
1.0284361164831026
1.010421735564515
1.0808639663333008
1.0285780657729202
1.0362667722431582
1.0137173687452705
1.0279118129427383
1.0221230452641923
1.0727805500501566
1.045826067677352
1.0582678728131285
1.3245613397805118
1.0235541013847125
1.075993923139236
1.0401819807652861
1.0235732681453307
1.180653056462985
1.0571369696119708
1.117322333843267
1.0081078141195396
1.0197934008338465
1.0589592098281908
1.7747325180721576
1.1065603757506872
1.2170344952589358
1.264431299084721
1.0304612087822644
1.008956072344667
1.0434566730202381
1.151666451275007
1.140951573284971
1.2006190226448314
1.046331068439284
1.058764569542168
1.0879366340196732
1.1288045223650112
1.0996215915917347
1.0852061469384047
1.0266721303562254
1.0968148672713587
1.064180163385943
1.0492576225836494
1.0857319051529517
1.0562636164190862
1.0375206316623082
1.199384464015426
1.375724916894332
1.2101772609523558
1.1541330794483537
1.1546622479288835
1.0189800163512017
1.04109434637058
1.1204311635021615
1.0556892072905422
1.2184459160457477
1.047381553741558
1.1624710758442214
1.1522676448533393
1.0202487083456708
1.212369725971306
1.2345300658598386
1.0579405923956064
1.3076243297246823
1.173886032347325
1.0655423536938409
1.0329245837221923
1.007745061697138
1.1123027685912688
1.091512358847705
1.553160057194679
1.0561581895955872
1.0172070526834573
1.147867565900288
1.1527954974679309
1.414494914848201
1.0526797668302086
1.0487890301516178
1.0651952759061318
1.0524786043444958
1.181330222858428
2.1125473358914046
1.1620898047368793
1.1084214168726791
1.1721643005878624
1.4868078898172372
1.0209529933104757
1.0653153376709152
1.027348711965517
1.0263344801338288
1.0291641719867426
1.212391989362052
1.0843685796126024
1.1147992495008898
1.2141466474764449
1.0720246423033877
1.6130040615616121
1.1408754939073404
1.0524310305330444
1.0110375173346957
1.0153216241163634
1.0607297443385482
1.014813044328785
1.0835507339673072
1.1164669544787404
1.1042944069822718
1.4301556610576
1.018287060282475
1.1715634384463833
1.1238306543940781
1.022873908473425
1.1978360426953594
1.060515748240458
1.2083653192232018
1.0884891929741896
1.0615317947867604
1.0127742821138264
1.1159983746659101
1.1381513603224276
1.1215156706030323
1.2057349408281282
1.0231453195490718
1.0660315524069588
1.0575313950182068
1.1166424185483326
1.0373051817507806
1.0836698154323658
1.045581007127871
1.0419062034405804
1.1744694422500366
1.0305007363007472
1.0299551440322874
1.1481686681233954
1.0982268566087332
1.2881458678188233
1.0870567462570488
1.8217839887965872
1.0882790220434295
1.023480076473364
1.041196044282814
1.0835185027246614
1.038157191846492
1.0209043893403715
1.0880202952169569
1.081908745025574
1.2519906302126267
1.1933496917479598
1.0158471501431987
1.0757650246783061
1.1377281663405279
1.0670789772422207
1.090234493361374
1.4306206528164278
1.330753792901781
1.1280613791869833
1.0913515551291664
1.1253926174629856
1.0207066786947603
1.0721730399076532
1.113120479238992
1.318645038436198
1.0561068675694183
1.0621338753500793
1.0597255928070668
1.1136742377351907
1.070223370513718
1.0455239691427576
1.0594688531704317
1.141094642018156
1.0391053719486019
1.1523417101529514
1.0301322685583965
1.0215722576970308
1.052035481378204
1.437420472712586
1.3279897346188225
1.1495853897275774
1.1578665839694446
1.291223549021813
1.1813421525294538
1.055842006074802
1.082491780056157
1.053269192098109
1.1131628495795234
1.0679323111244898
1.0971677224730965
1.0722227237011654
1.0143661235180044
1.0357078990642377
1.0459143710326073
1.0899117710605133
1.0402835470882716
1.1689741790414359
1.2257494154889899
1.025580157492955
1.1042548017722649
1.064827143119859
1.0745917519790067
1.1485067877500414
1.1191147312463856
1.0411754803529827
1.1808033828142634
1.1168198080725413
1.015622364922701
1.1328969657514967
1.0341358514314432
1.079198396298094
1.8758192817965222
1.086570649546259
1.0755282218701097
1.0077109450619477
1.1338279454136597
1.0263056651704972
1.0953545801809363
1.0656489025785145
1.0356217045416802
1.2341126265702576
1.317788823281027
1.4546078468252732
1.1587031816955662
1.0326908683687963
1.0297896220624665
1.0977575681075118
1.0979748889309002
1.0301375726370186
1.0985246025746676
1.1493683850861243
1.306853841903578
1.1523147267107867
1.0936143610233537
1.007556568808742
1.063355345338371
1.009679182780832
1.0897486963879175
1.9288014508283773
1.0593828363354345
1.0830581775403623
1.1687714130114404
1.0190333824977496
1.0729885120501637
1.0264128736179792
1.126867454249474
1.070500101902425
1.0461425086752214
1.1569102395373012
1.1032179270371365
1.043697166676702
1.2158117238655248
1.0746819017783384
1.130568991176757
1.1595161127292266
1.350212933596447
1.1457137665132946
1.014244715219981
1.0173463584065232
1.0685139463511404
1.0318389518512256
1.1102662793002263
1.072453730713747
1.0307520482212926
1.0629780656352739
1.425758575086928
1.0112932958007053
1.2881128819648604
1.0353324443319896
1.105097005962748
1.0116651400843473
1.045667069327781
1.3010232846531307
1.0457846598105496
1.0204970061796317
1.0651161467010215
1.039904046171255
1.0135911568466933
1.092885682484635
1.1004893130107427
1.0464059968187767
1.126933600283857
1.0312277946209183
1.074273875744805
1.3565364375862587
1.0999707082458807
1.136646095700874
1.0402303389129968
1.0437799385754354
1.0805814516088006
1.0213181269387164
1.185679669535652
1.059661298299408
1.2868380647282605
1.05055401448566
1.1209953993691169
1.1284889780414462
1.07594976520466
1.0416461313193015
1.0340754460760633
1.0996135633379616
1.0693734646943809
1.119363539226436
1.0777863815406175
1.0409948617911031
1.0956819725118674
1.0194320525606295
1.0430594607140289
1.0234844621691477
